# 参数名称：backbone.features.10.conv.7.weight
# 参数形状：(64,)
# 参数数据类型：float32
# 参数值（保留6位小数）：
0.979709
0.986048
0.996092
0.987360
0.991233
0.986561
0.980004
0.989116
0.987351
0.989285
0.989109
0.988061
0.989879
0.983373
0.988907
0.981905
0.989640
0.983831
0.989963
0.988007
0.984913
0.987108
0.986004
0.988401
0.986497
0.987140
0.992534
0.990741
0.994705
0.984564
0.979016
0.986923
0.983310
0.983119
0.982143
0.983038
0.983586
0.981061
0.979805
0.985052
0.989167
0.985570
0.980773
0.985608
0.980812
0.980440
0.978477
0.985076
0.986076
0.985428
0.985895
0.990852
0.985907
0.989521
0.985740
0.986390
0.984426
0.987651
0.986551
0.996331
0.974828
0.992446
0.991952
0.989377
