# 参数名称：backbone.features.8.conv.7.bias
# 参数形状：(64,)
# 参数数据类型：float32
# 参数值（保留6位小数）：
-0.000031
0.000068
-0.000012
0.000159
-0.000136
-0.000003
0.000078
0.000116
-0.000037
-0.000127
-0.000091
0.000029
0.000021
0.000067
-0.000154
0.000111
-0.000025
0.000014
0.000064
-0.000017
0.000134
-0.000111
0.000100
0.000038
0.000171
-0.000056
-0.000119
0.000079
0.000120
-0.000159
-0.000157
0.000005
-0.000116
-0.000027
-0.000058
0.000096
0.000013
-0.000078
0.000106
0.000080
-0.000142
-0.000205
0.000031
-0.000074
0.000150
-0.000163
-0.000015
0.000084
0.000057
-0.000049
-0.000005
0.000016
0.000073
-0.000125
-0.000148
-0.000015
-0.000005
-0.000325
-0.000145
0.000113
0.000112
0.000010
0.000180
0.000080
