# 参数名称：backbone.features.13.conv.3.weight
# 参数形状：(576, 1, 3, 3)
# 参数数据类型：float32
# 参数值（保留6位小数）：
-0.030029 -0.023471 -0.021032
0.029701 0.019467 0.013424
0.002199 -0.021157 0.018882
-0.011933 -0.006729 0.005562
0.034397 0.051575 0.018952
-0.020660 -0.019991 -0.014763
0.037341 0.002932 0.007918
-0.023404 0.011815 0.020171
-0.021581 -0.002271 -0.005469
-0.004959 0.013232 0.003157
0.011556 -0.030270 0.004060
0.015637 0.036941 -0.007823
0.007298 0.014536 -0.028981
-0.013958 -0.010116 -0.005497
-0.018154 -0.011698 0.029442
0.014943 0.019148 0.028768
0.004046 -0.003457 0.015815
0.003485 -0.043733 0.009107
0.014941 0.003773 0.009577
-0.004310 0.053744 -0.034692
-0.012929 0.016632 0.045671
0.008487 -0.016047 -0.043990
-0.002431 -0.008715 -0.006770
0.024780 0.012246 0.006984
-0.005003 -0.005147 0.016937
-0.014506 0.039015 -0.039824
0.008802 0.009087 0.018730
-0.005601 -0.015918 0.003205
0.002157 0.005266 0.051954
-0.000082 -0.000947 -0.024336
0.005995 -0.014083 -0.009779
0.017917 -0.044172 0.008917
0.031760 0.026569 0.032783
0.001603 0.014963 0.011634
0.037819 0.000911 0.027652
-0.008661 0.018934 0.018952
-0.043212 -0.006817 -0.016279
0.031765 0.031469 -0.039723
0.012077 0.004757 -0.001320
0.011529 -0.006967 0.000197
-0.004143 0.009454 0.055534
-0.003714 -0.005318 -0.020609
0.023567 -0.021302 0.009400
0.018092 -0.019250 -0.017660
-0.004064 0.007860 -0.010601
-0.016249 -0.025022 -0.016338
0.010129 -0.000886 0.038894
0.014286 -0.002300 0.016126
0.023504 0.008163 0.037484
0.034106 -0.026964 0.005895
0.019228 -0.023482 0.000926
-0.023630 -0.012691 0.012248
-0.002939 0.005396 -0.032760
0.029048 -0.006347 -0.005061
0.027561 0.012842 -0.003515
0.021161 -0.014143 0.041794
0.025494 0.010752 0.019077
0.010606 0.014277 -0.004492
-0.001771 -0.016497 0.024885
0.027962 0.012500 -0.015460
-0.014041 -0.006821 0.040718
0.026634 0.021213 -0.009908
-0.014437 0.007745 0.004915
0.027124 0.013126 0.033916
0.010984 -0.007921 -0.030532
0.013134 -0.021549 -0.010324
-0.008442 0.005970 -0.011778
-0.003639 -0.014681 -0.023642
-0.012928 0.010192 -0.005749
-0.023639 0.018435 0.006083
0.005570 0.021946 0.010779
0.007283 0.039742 -0.027441
0.022033 -0.001059 0.012179
0.023065 -0.023556 -0.025177
0.004890 0.030316 0.010796
0.026431 -0.013366 -0.027970
0.013275 0.000296 -0.007294
0.009942 0.000981 -0.023087
0.009014 0.038086 0.015422
-0.000189 0.025876 -0.025041
-0.007296 0.032458 0.005469
0.032376 0.003619 -0.005929
0.015714 0.004927 0.012426
-0.010346 0.021247 -0.020774
-0.031753 -0.004322 -0.000871
0.025482 0.034490 -0.009583
-0.020808 -0.014083 -0.033055
0.016110 0.046797 -0.008375
-0.014030 -0.004762 -0.006235
-0.047394 0.003482 0.008771
-0.000580 0.013901 -0.008901
0.000898 -0.024882 0.009818
0.038613 0.012411 -0.011708
0.002131 0.006364 -0.022593
-0.010468 0.030406 -0.000815
0.007975 0.010664 0.016790
0.022679 0.028906 -0.000405
0.013016 0.007809 -0.005087
-0.007766 -0.002945 -0.008846
-0.005310 0.008382 -0.006317
0.013002 -0.001295 0.005528
-0.043524 0.027785 0.018350
-0.025346 0.011428 -0.062506
0.011852 0.007859 -0.017535
0.016731 0.014255 -0.000696
0.010238 0.040821 -0.011647
-0.014680 0.000872 -0.019569
-0.003084 0.018272 -0.018641
-0.014768 0.006195 0.031417
0.014444 0.007334 -0.001725
0.010140 0.005682 0.029640
0.013693 -0.025787 -0.007884
0.005448 0.001932 0.022071
-0.017176 -0.005289 0.005968
0.019085 0.008012 0.006563
0.010029 0.009651 -0.000430
-0.013232 0.022726 0.019784
0.014916 0.011596 -0.032162
0.003635 -0.000727 0.022579
-0.016978 -0.023333 0.015999
-0.001823 0.015755 -0.004066
0.006711 -0.022517 -0.033164
-0.013353 0.007399 -0.013529
-0.024710 -0.022557 0.020387
-0.033592 0.009004 -0.046357
0.009629 -0.034181 -0.007232
-0.036957 -0.032296 -0.046978
-0.019359 0.002330 0.000325
-0.003602 0.016997 -0.064488
-0.045440 -0.029053 0.003585
-0.011138 -0.004255 0.023184
-0.013099 0.010628 0.008560
-0.011001 -0.001255 -0.006651
0.037238 -0.002521 -0.036006
0.026370 0.025812 0.016106
-0.026882 -0.005403 -0.011092
-0.024912 0.028292 0.037811
0.027297 0.015547 0.005961
0.008523 -0.025558 -0.037326
-0.028012 -0.025079 -0.008691
-0.004997 -0.025182 -0.004667
-0.007191 -0.036980 -0.034564
0.004803 -0.002741 0.015074
0.008591 -0.015490 -0.006528
-0.042557 0.009851 0.000513
-0.007111 0.038386 0.011873
-0.011789 -0.040458 -0.009835
0.017662 0.001049 0.004384
0.019490 -0.017553 -0.007412
-0.014331 0.007306 -0.030543
-0.031053 -0.003720 -0.028414
-0.046387 0.004361 -0.037928
0.019498 0.011300 0.017369
0.006494 0.018131 -0.006796
0.006587 0.011996 -0.047461
0.018042 0.002463 -0.009741
0.016747 -0.020660 -0.003967
0.002409 0.010579 0.008821
0.001239 0.025181 0.016847
0.013275 -0.004000 -0.005153
0.008118 0.032449 0.018729
-0.013123 -0.023931 0.012356
0.005178 0.025333 -0.017540
0.005628 -0.008572 -0.031318
0.010042 0.005585 0.001618
0.059842 0.003578 0.014979
-0.029205 0.014959 0.015866
0.000933 0.026237 0.007853
0.010585 0.000020 0.010432
-0.008922 0.018381 -0.003939
0.016481 -0.045184 -0.014038
-0.002633 0.003779 0.017259
-0.005434 0.007231 0.008427
-0.006141 -0.011679 -0.010597
-0.017191 0.002460 0.019563
0.023132 0.027064 0.004347
-0.013794 0.004059 0.010815
-0.007422 0.044697 -0.003447
0.007827 0.031677 -0.017371
0.030986 0.001433 -0.013480
0.021731 0.015748 0.026852
0.015441 -0.048685 0.002089
0.007662 -0.008313 -0.000216
0.001763 0.024294 -0.008777
0.028748 -0.026541 -0.037368
-0.025606 0.025967 0.008342
0.021589 0.000432 0.020936
-0.043318 -0.006101 0.012685
-0.028785 0.018194 0.019501
0.004391 0.001490 0.001787
0.004079 0.001825 -0.010571
0.009675 0.009988 -0.047492
-0.011412 -0.035340 -0.014855
-0.015218 0.021096 0.036095
0.013765 -0.025038 0.004190
0.030436 0.007642 0.004021
-0.025104 0.015254 0.008121
-0.018899 0.006572 0.006340
-0.006577 0.024965 -0.005567
0.003893 0.010801 0.004114
0.015962 0.021896 0.001617
0.009732 0.000514 -0.011440
-0.011035 0.017615 -0.031524
0.004107 0.030889 0.008128
-0.009630 -0.056683 0.003145
0.005387 0.002336 -0.016982
0.025070 -0.029913 0.015559
0.000711 0.000706 0.030752
0.013903 -0.018221 -0.004405
0.002797 0.029725 0.023509
-0.023027 0.013609 -0.014031
-0.032698 -0.005200 0.020047
-0.028780 -0.000488 -0.028934
-0.016757 -0.000513 0.043688
0.001320 -0.019968 0.008377
0.004608 -0.017967 0.008081
-0.002225 -0.052843 0.010693
-0.020236 0.045954 0.007922
-0.029128 -0.030896 -0.025886
-0.016257 -0.009148 -0.006236
-0.035008 -0.002287 -0.013458
0.000532 -0.019741 -0.020116
-0.030212 0.003514 -0.015941
0.031091 -0.026277 -0.028532
-0.028732 0.008386 -0.043227
0.015388 -0.017616 0.000594
0.019891 0.025541 0.029193
0.012734 0.042579 -0.013339
0.002117 0.015192 0.007816
-0.023392 -0.019230 0.022874
0.002654 -0.009071 0.039565
-0.037986 -0.013220 0.009270
-0.010444 -0.009364 -0.009691
0.006728 -0.016034 -0.003180
0.053830 -0.006168 0.003424
0.051177 -0.012520 0.032834
-0.008351 -0.030199 0.001437
-0.002242 0.006184 -0.019418
0.015734 -0.011880 -0.002813
0.028170 0.007087 -0.001954
-0.028507 0.010642 0.008321
-0.017093 0.021133 0.015282
0.008319 -0.048327 0.002475
-0.020825 0.013941 0.000370
-0.014207 0.031632 0.000528
-0.015544 0.001283 0.013871
0.036471 -0.011920 0.025264
0.004343 -0.029136 -0.038566
-0.003149 -0.014758 -0.010417
-0.040869 0.010184 -0.004122
-0.019775 -0.026071 0.011562
0.003883 -0.014667 -0.033300
0.015707 -0.000386 -0.053904
-0.001409 0.009317 0.028245
-0.032459 -0.017853 0.033038
-0.024735 -0.002291 -0.010753
0.016385 0.024183 -0.021818
0.054531 -0.009658 0.023018
0.007576 -0.012252 0.008624
0.002334 -0.006122 0.041339
-0.013345 0.004057 0.001894
-0.010483 -0.003437 0.067759
-0.009389 0.024980 0.010025
0.032000 0.015709 -0.000442
0.016106 -0.012854 -0.033023
0.007351 0.020072 0.014929
-0.003669 0.002502 0.043523
-0.040684 0.028189 0.001435
0.013970 0.028800 0.013343
0.021382 0.010576 0.023233
-0.013340 -0.003551 -0.046241
-0.005226 0.009113 0.011974
0.013762 -0.014777 0.001043
0.009953 -0.016184 0.008099
0.041259 -0.015974 -0.013655
-0.022091 0.017829 0.013811
-0.002089 -0.021880 -0.024634
-0.029492 0.008864 -0.020171
-0.020946 0.019312 -0.040954
0.002174 0.029768 0.020350
-0.001236 0.056534 -0.020759
0.019667 0.014203 -0.025176
-0.022528 0.029502 0.014319
-0.009862 0.011887 -0.003369
0.014011 -0.007971 0.020036
-0.003220 -0.011013 0.007366
0.016896 0.036157 0.010305
-0.039086 0.014129 -0.022594
-0.022502 -0.015800 -0.003831
0.018318 -0.007540 -0.017892
-0.018573 0.016591 0.021573
-0.019832 -0.006163 0.005894
0.039237 0.005092 0.050909
0.054475 -0.008936 -0.018016
-0.018608 -0.018896 -0.011622
0.023807 0.006235 0.013318
-0.004523 -0.041873 -0.024728
-0.015095 -0.000819 -0.002632
0.000446 -0.006112 -0.015116
-0.044398 -0.027144 -0.025773
0.019203 0.025190 0.004229
0.020922 0.003519 0.004613
0.006692 0.020005 -0.001820
-0.022051 -0.036298 -0.013208
0.025088 0.011966 -0.001572
0.020116 0.005976 -0.015410
0.018094 0.002688 -0.015475
0.026657 -0.044900 0.021987
-0.020132 0.055611 0.031776
-0.031687 -0.015895 0.006233
0.023148 -0.005058 -0.016979
-0.020721 0.042185 0.032478
-0.008112 -0.016534 0.004296
0.052171 -0.021371 -0.035069
0.008694 0.000413 0.036502
-0.009742 -0.008763 -0.011636
-0.032027 -0.006569 -0.001935
-0.015735 -0.022769 -0.021795
0.012556 -0.023216 -0.005841
0.009278 0.029650 0.018768
0.011601 -0.014035 0.005021
-0.023800 -0.009847 0.000687
-0.000754 -0.038242 0.005654
-0.049711 0.003712 0.003657
0.010242 0.003261 0.015566
0.017683 -0.009903 -0.019469
-0.013225 -0.024612 0.002902
0.005123 -0.006697 0.011286
0.016784 -0.013522 0.001505
0.009610 0.005634 0.004987
0.007298 0.028515 0.020333
0.029203 0.013825 -0.000760
0.012674 -0.003848 0.013751
-0.001191 0.003292 -0.047935
-0.001190 -0.008438 -0.021612
0.002152 -0.008763 -0.021374
0.004179 0.022503 0.022545
0.005568 0.008373 0.037771
-0.001321 0.022508 0.006490
0.008102 -0.001133 -0.010322
0.015888 -0.005418 0.017241
0.010960 0.013471 0.019589
0.023487 -0.025097 0.030471
0.018115 0.001028 0.019615
-0.014362 -0.015140 0.009621
0.019685 0.004415 0.027301
-0.040700 0.011014 0.038881
-0.014112 0.015495 -0.011825
0.023731 0.009252 0.013786
0.001077 0.038409 -0.004291
0.014954 -0.009527 0.012567
0.018255 0.051970 -0.002474
-0.014777 0.022338 0.010075
-0.011775 -0.024337 0.015477
-0.008901 0.009520 -0.005896
0.011948 -0.027130 0.007826
0.038847 0.011762 -0.005384
-0.007977 0.008113 0.014122
-0.006029 0.002722 -0.002716
0.005882 0.030584 -0.014462
-0.003360 0.045070 0.013656
-0.014308 0.012784 -0.022417
0.012582 -0.027342 -0.007924
-0.002599 0.017752 -0.031944
0.019117 0.026871 -0.012445
-0.036691 -0.025119 -0.018829
0.007651 -0.016740 0.022617
-0.012615 0.006529 -0.006706
0.032226 0.008540 0.015005
0.018318 0.009708 -0.023427
-0.031424 -0.024312 0.016035
-0.027414 -0.001358 -0.022689
-0.012088 0.010527 0.027931
0.025143 0.039286 0.003099
-0.002759 0.031715 0.011757
0.007030 0.007962 -0.009939
0.022395 0.013925 -0.001123
0.018150 0.014360 -0.000394
-0.003764 -0.003862 -0.002451
0.006814 0.013074 0.006079
-0.021064 0.018323 0.000188
-0.023889 0.029425 0.012047
-0.012533 0.006245 -0.018334
-0.028203 -0.014039 0.004276
0.012021 0.034540 0.015609
-0.006096 -0.031173 0.006386
0.022693 0.000054 -0.042654
0.016464 0.009502 0.038256
-0.001709 0.021424 -0.010261
-0.031829 -0.008833 0.002689
-0.008263 -0.036580 -0.022617
-0.018860 0.004978 -0.004185
0.009376 0.006059 -0.017336
-0.014198 0.016471 -0.015947
0.003923 -0.003861 0.004959
0.002746 -0.002980 -0.008575
-0.010235 -0.021732 -0.006968
-0.011074 0.010676 -0.024762
0.012110 -0.002351 0.029549
0.003299 -0.031166 0.014998
-0.007113 -0.001726 0.019596
0.013454 -0.004464 0.013449
-0.022922 0.023062 -0.003720
0.006324 0.025352 0.015428
0.026732 -0.006144 0.014089
-0.011279 -0.010495 0.011241
0.004944 0.021458 -0.001435
-0.015696 0.031817 0.013023
0.002749 0.016887 -0.034542
0.009774 -0.018174 -0.044707
-0.020682 -0.015407 0.013441
0.002649 -0.029016 0.017192
0.009114 0.007116 -0.007244
0.018541 0.014075 0.014725
-0.000384 -0.011277 -0.002367
-0.026726 0.017380 -0.004754
0.008800 -0.043468 -0.039563
0.012287 0.022783 0.024830
0.006086 0.002819 -0.022020
0.020860 -0.048129 -0.000590
0.003348 0.023811 0.025177
0.030095 -0.009732 -0.018555
0.010099 0.008618 0.014865
-0.001553 -0.001430 0.024204
-0.006305 0.023957 -0.044738
-0.019598 0.036962 0.017106
0.006063 0.001228 0.025536
0.041315 -0.016844 -0.028913
-0.034176 -0.005952 -0.014424
0.005010 0.012403 0.008839
0.020251 0.001528 0.000765
0.056863 0.040337 -0.014748
0.014869 0.009581 0.005341
0.021843 0.016751 0.033201
0.014555 0.018896 0.009156
-0.012238 -0.009991 -0.024001
-0.030848 0.014061 -0.001682
-0.026872 0.004503 -0.009618
-0.006433 0.007571 0.011771
0.010966 -0.001056 0.006196
-0.022264 -0.023872 -0.032522
0.013066 0.021229 -0.040579
-0.001209 -0.014122 -0.022855
-0.024925 0.023190 -0.020740
-0.025750 -0.005966 0.027279
0.029950 -0.000539 -0.007699
-0.041162 -0.027493 -0.029322
-0.013102 -0.018343 -0.003904
0.003368 0.021390 -0.046949
0.059370 -0.013911 0.030065
0.009780 -0.014117 0.013161
-0.045967 0.009303 0.007533
0.004956 -0.008487 0.036555
-0.054831 -0.003001 -0.010825
0.028980 0.002130 0.003860
-0.008332 0.004711 0.005734
-0.009361 0.005205 -0.042318
-0.027637 -0.006176 0.017874
-0.005015 0.024048 0.021999
0.033922 0.006410 0.005967
-0.002541 0.034346 0.006137
-0.018114 -0.021056 0.007362
-0.009377 0.009163 0.015281
-0.026847 0.009629 0.026953
-0.005803 -0.023056 0.013412
-0.007579 -0.011887 0.015563
0.057675 0.000005 -0.003395
0.007959 -0.027284 -0.018694
0.041120 -0.027703 0.016130
0.022940 -0.019481 -0.037688
-0.000204 0.011298 -0.003953
0.012857 -0.011014 0.009006
0.012444 -0.014833 0.020185
0.002249 -0.014401 0.003837
-0.027057 -0.001544 -0.006220
0.016084 -0.001347 -0.007457
-0.005421 0.025568 -0.007337
0.000245 0.026170 0.034984
0.001214 -0.000122 -0.011353
-0.006409 0.035826 0.010574
0.009822 -0.044253 -0.063291
0.004273 0.012380 0.014206
-0.046117 -0.014709 -0.002723
-0.007441 -0.015475 0.048665
-0.009628 -0.000088 -0.009964
0.001140 0.004479 -0.000490
-0.007033 0.014459 -0.009126
-0.001077 -0.000716 0.026774
-0.007143 -0.034991 -0.013961
0.002788 -0.015580 0.001499
-0.001773 0.037444 0.041131
-0.017713 -0.013272 -0.007881
-0.005416 -0.016683 0.008942
-0.015251 -0.012800 0.009530
-0.000842 -0.004173 -0.028531
0.001611 -0.030078 -0.034580
0.002629 -0.026106 -0.026523
-0.000300 -0.023176 0.006691
-0.011647 -0.045492 0.023626
-0.016803 0.015390 0.005737
-0.000400 -0.010728 0.036611
0.010653 0.023332 0.024004
0.000449 -0.017048 -0.004982
0.011125 0.012940 -0.016397
0.006809 -0.021055 0.011685
-0.044255 -0.001524 -0.020877
-0.016780 0.018219 -0.012433
-0.018866 0.028970 0.012150
-0.006806 -0.008626 0.022700
-0.004836 -0.024977 0.009429
-0.006921 -0.020004 0.001525
0.005059 0.020193 -0.013212
-0.016038 -0.003166 -0.014620
0.012004 0.019946 -0.002753
-0.017305 0.003210 -0.003043
0.003302 -0.027359 0.037713
-0.023680 0.014031 0.023304
0.028799 0.006087 0.032059
-0.019240 0.000438 0.036028
-0.012115 -0.020381 0.002484
-0.003019 0.010752 0.010904
0.037314 -0.025921 -0.009786
-0.030390 -0.000328 -0.001059
0.016590 0.015954 -0.020227
-0.022188 -0.005761 -0.009727
0.021428 0.006912 0.011312
-0.024774 0.006203 -0.005799
0.017710 0.033722 -0.009972
0.009856 0.021877 -0.023599
0.014520 0.010438 -0.021044
-0.008270 0.012414 0.020831
0.011161 0.003443 -0.014934
-0.003306 0.012835 -0.030973
0.014401 -0.008383 -0.015846
0.008053 0.023473 -0.006558
0.013303 0.003548 -0.001361
0.003299 0.012210 0.034497
-0.015558 -0.001343 0.016983
-0.048494 0.005411 0.030567
0.038696 -0.019567 -0.007115
-0.015010 0.014607 0.028558
0.011713 0.019879 0.025150
-0.001104 0.022182 -0.022794
-0.003030 -0.027429 0.010998
-0.007464 -0.037360 -0.042737
0.034745 -0.018698 -0.013971
-0.027163 -0.009926 -0.032069
0.009974 0.005399 0.009802
0.001507 -0.021292 -0.022803
-0.004534 -0.000886 -0.008245
0.028533 0.006190 0.008871
0.028278 0.009401 0.015794
-0.003667 -0.030859 -0.047311
0.020716 0.017579 0.011466
-0.001021 -0.006182 0.016550
0.009823 -0.010232 -0.014243
-0.011892 0.021011 -0.003968
0.018974 0.005187 -0.030193
-0.044358 0.026240 0.007676
0.007209 0.024787 0.038183
-0.013648 0.035652 0.015706
-0.046185 -0.014512 0.014909
-0.018788 -0.040321 -0.016623
-0.000272 -0.017454 0.018646
-0.031484 -0.014571 0.020090
0.031404 0.002507 -0.003390
-0.017242 -0.007380 -0.024760
0.013474 0.043910 0.003284
-0.009288 0.019742 0.003004
-0.039074 0.000478 0.009104
-0.007258 0.013434 0.031924
0.009170 0.005850 0.027350
0.011174 -0.010327 -0.005206
0.007476 -0.012813 -0.004338
0.027722 -0.005255 0.009271
0.002817 0.004491 -0.029928
0.016937 -0.000956 -0.029716
0.007413 0.012383 0.012506
-0.010641 -0.006827 -0.038117
-0.022028 -0.018632 -0.000073
-0.003986 0.042813 0.010354
0.010637 -0.019471 0.002944
-0.010312 -0.024575 0.054263
-0.001137 0.016803 -0.006781
0.010205 -0.009775 -0.014842
0.009971 0.036612 0.010783
0.013360 0.029825 -0.015682
0.012656 -0.001106 0.008841
0.020872 -0.007625 -0.044301
0.011329 -0.015916 -0.014264
0.024090 0.004843 -0.025311
-0.001461 -0.019309 0.001707
-0.011118 0.004668 -0.013432
-0.035182 0.047769 -0.035752
0.019951 0.040201 -0.000612
0.036838 -0.022079 0.010085
0.011116 0.004279 0.006656
0.005772 -0.001616 -0.014281
-0.005329 0.009751 -0.025011
-0.016855 -0.010531 0.002594
0.005687 0.006577 0.030766
-0.009127 0.003227 0.016506
0.025329 -0.014308 0.024158
-0.025193 0.012597 -0.020399
-0.033062 -0.014528 0.036333
-0.015428 -0.004705 0.000144
-0.002822 0.050131 0.015884
0.004226 0.001134 -0.015324
0.024726 0.018563 0.005220
0.014656 0.014474 0.054039
-0.019106 -0.026505 0.026896
0.040674 0.007545 -0.026924
0.016873 0.029004 0.003073
0.002598 0.009655 -0.024970
0.014239 0.024910 0.004598
0.014739 0.000069 0.016966
0.004731 -0.005944 0.016265
-0.034026 0.009412 0.002303
0.030968 0.021867 -0.012469
0.025360 -0.001101 -0.015463
0.035754 0.029147 0.018386
-0.020400 0.012035 0.025590
0.009125 -0.017047 0.011652
0.016262 0.020844 0.014830
-0.006294 0.004163 -0.019389
0.044544 0.001363 -0.010514
-0.021068 0.009635 -0.025809
-0.015488 -0.007039 0.036516
0.015426 -0.007292 0.003331
-0.013217 0.007354 0.002208
-0.018155 -0.002695 0.021645
-0.005415 -0.005634 0.017663
0.033520 -0.016323 0.019055
-0.019857 -0.005613 0.017959
-0.012472 -0.031013 0.008152
-0.033942 -0.035285 0.010262
-0.006858 -0.004048 -0.032342
-0.010105 -0.035937 0.003343
0.003658 -0.000856 -0.015560
-0.001018 -0.033859 0.039713
-0.015071 -0.013753 -0.016867
0.037394 0.016363 0.007533
-0.003891 -0.007455 -0.031446
0.003128 -0.017108 0.023634
-0.004728 -0.029740 0.031895
0.008048 0.003261 -0.016905
-0.016887 -0.040091 -0.011223
-0.029953 0.017236 -0.009052
0.018072 -0.047445 -0.012814
0.040722 -0.015609 -0.014579
-0.004413 0.007514 0.012259
-0.003922 0.038134 -0.014402
-0.027453 0.030466 -0.014831
0.012167 0.005430 -0.028676
-0.017793 -0.043430 -0.003339
-0.005304 0.015110 -0.021693
0.014030 -0.005841 -0.050093
0.038618 0.009090 -0.006381
-0.000687 0.003564 -0.041851
0.018351 -0.024691 -0.012872
0.032761 0.002311 0.028798
-0.013384 0.027618 -0.036651
0.016810 0.023139 -0.019110
-0.016656 0.003481 0.027285
0.041468 -0.026392 -0.001664
-0.019337 0.019759 0.007196
-0.006215 0.015724 0.005085
-0.018358 0.001616 0.006463
0.000548 0.013965 -0.032410
0.011441 -0.014547 -0.003138
-0.002752 0.007602 0.033537
0.005397 -0.024000 0.006307
0.013232 -0.020973 -0.007160
-0.021814 0.003522 0.005275
0.004022 -0.019802 -0.018549
0.007294 0.017482 -0.014363
-0.003823 -0.011946 0.000550
-0.002197 -0.002764 -0.019935
0.021030 0.012458 0.016319
-0.019152 -0.008100 0.000340
0.007479 0.002376 0.010883
0.002938 -0.003234 0.004936
0.002795 -0.012765 -0.006197
0.002578 0.028260 0.032381
0.006074 0.019184 0.006195
0.008301 -0.010654 0.006667
-0.035705 0.010908 -0.024003
0.003537 -0.039324 0.002631
0.054568 -0.003554 -0.008887
-0.025058 0.019592 0.001904
-0.021545 0.020427 0.003589
-0.006250 0.014371 0.006532
0.032303 0.004575 0.000496
-0.034639 0.002348 0.040557
-0.007762 0.020101 -0.010735
-0.005623 -0.031406 0.013932
-0.025339 0.004315 -0.001810
-0.014606 -0.003048 0.018705
-0.024707 0.029529 -0.035677
-0.019385 0.008387 0.007711
-0.011722 -0.019491 0.026987
0.015103 0.012075 -0.041187
-0.039037 0.014671 -0.019324
0.020413 -0.015995 0.014651
-0.024167 0.009719 0.017002
0.008341 -0.003558 -0.007396
-0.006574 0.033615 0.027819
0.034658 -0.037094 0.024074
-0.019728 0.018888 -0.004709
-0.016609 0.015742 -0.001003
-0.000296 0.002820 0.000236
-0.040217 0.011866 0.010002
0.030984 0.008575 0.013495
0.002982 -0.022184 -0.042616
-0.017755 0.004760 0.013273
-0.000113 0.000757 -0.000766
0.011194 -0.011629 0.015514
0.041343 -0.019516 0.009267
0.010543 0.024162 0.022604
-0.010852 0.020172 0.030857
-0.011288 -0.000982 -0.021868
0.024006 -0.027357 -0.042761
0.022338 -0.037843 0.005618
0.008005 -0.004865 -0.008034
-0.010332 -0.018367 0.007068
0.012286 0.017132 0.025192
0.016528 -0.021630 -0.008655
0.019576 -0.029991 -0.005116
0.036735 -0.006222 -0.006481
0.006696 0.002255 -0.002621
-0.004906 -0.029477 0.015446
-0.015846 -0.020280 0.019985
-0.014761 -0.002304 -0.025141
-0.024693 -0.033222 0.012736
-0.011699 0.000476 -0.031132
0.005965 0.002370 -0.030366
-0.011895 -0.049083 0.009907
-0.009761 -0.000730 -0.038866
0.032113 0.017460 0.019124
0.021204 -0.001170 0.006745
-0.016619 0.002481 -0.006531
-0.030866 -0.025041 -0.026859
0.005167 0.011762 0.010904
-0.012944 -0.014765 -0.019476
-0.003054 -0.024296 -0.006697
0.000323 0.019508 0.018395
-0.014517 -0.011736 -0.023541
0.009858 -0.013764 0.047615
0.006057 -0.017513 0.019770
-0.015816 0.007603 -0.020230
0.040189 0.002696 0.021812
-0.001798 -0.011935 0.004919
-0.018461 -0.009586 -0.014032
-0.051727 0.005337 -0.000973
-0.001154 0.001827 -0.010289
0.037344 0.007623 0.025182
-0.020605 -0.013228 0.018078
0.023368 -0.007686 0.004882
0.027491 0.009415 -0.013831
-0.004181 -0.014744 0.001996
0.004199 -0.004409 -0.012795
-0.008716 0.030338 0.003284
-0.035962 -0.008641 0.008072
-0.012334 0.012255 -0.001901
-0.004765 -0.019078 0.017862
0.023534 -0.003199 0.071170
-0.008003 -0.021709 0.006967
-0.004535 0.007952 -0.004883
0.031386 -0.023517 0.000253
-0.009030 0.015145 -0.005298
0.002618 -0.001422 0.033274
-0.023631 0.012837 0.010409
0.021716 -0.003137 0.006710
0.006422 0.027715 -0.004431
-0.011726 0.004487 -0.007472
0.008108 -0.036726 -0.020837
-0.002469 -0.006800 0.012374
0.008028 0.007334 0.013225
0.027009 0.004629 -0.006836
0.015251 0.023694 0.008963
-0.020163 -0.010199 0.009947
0.007302 -0.023370 0.003718
-0.025251 -0.027816 -0.026283
-0.003240 -0.017542 -0.014771
0.022251 0.022784 0.017989
0.012400 0.003053 -0.005924
-0.007349 0.034408 -0.019063
-0.008903 0.012212 0.038924
-0.049080 0.001476 0.001712
-0.013047 -0.018541 0.016090
-0.001146 0.007495 -0.013925
-0.002873 0.025964 -0.069191
-0.026747 -0.033156 -0.002418
-0.005963 -0.008540 0.042817
0.016233 0.020769 -0.001459
0.000121 -0.032452 0.005222
0.007444 0.002218 0.007159
-0.009379 -0.008092 0.033732
0.006826 0.002225 0.012292
0.040508 0.008722 0.004992
0.019019 -0.007476 0.007350
-0.000653 -0.004023 -0.001418
-0.000390 0.006679 0.012414
0.025880 0.018585 0.009692
0.018991 0.006869 0.017402
-0.034668 0.018557 0.021667
0.023056 -0.016246 0.015536
-0.000968 0.002810 0.045251
0.010401 0.001646 0.003044
0.005785 -0.029503 -0.005157
-0.001244 0.003650 -0.026782
0.011459 -0.007181 0.008302
-0.006291 0.035076 0.029985
0.001176 0.009551 -0.042973
-0.019162 -0.029846 0.000078
0.014157 -0.006876 -0.018381
0.007333 0.014393 0.002401
0.015170 0.034188 0.003180
-0.025960 -0.015331 0.012777
0.008136 -0.059344 -0.015538
-0.025661 -0.007890 -0.017857
0.007799 -0.001753 0.006418
-0.011157 -0.009733 -0.004115
0.002183 -0.035556 0.000383
-0.019740 0.009490 0.016315
0.013505 -0.040648 0.041199
0.013804 0.014106 0.001694
-0.063885 0.003836 -0.002341
-0.006143 -0.001011 -0.003153
-0.026533 -0.009724 0.002975
0.017522 0.016958 -0.019578
0.014453 0.014764 0.012616
-0.001480 0.019962 0.034916
0.020133 -0.008198 0.024294
-0.000391 0.044891 0.028856
-0.023962 0.037278 0.021614
-0.018257 0.011541 0.018303
-0.026754 -0.004094 0.005124
-0.012106 0.018941 0.017404
0.023596 -0.013218 0.007003
-0.007691 -0.005156 0.016664
0.011877 -0.022048 0.025187
0.006978 -0.004628 0.036615
0.018461 -0.004265 0.035608
0.016919 0.000602 -0.011043
-0.007385 -0.013035 -0.007696
0.004705 0.024952 0.025817
0.019264 -0.008679 -0.002564
0.036705 0.059808 -0.007443
0.011280 -0.000859 0.010770
0.000761 -0.006359 0.000104
0.002097 0.001128 -0.004055
-0.012222 -0.012738 -0.012257
0.018313 -0.031433 -0.009310
0.014251 0.012767 -0.051148
0.035325 -0.021484 0.000608
-0.029600 -0.031270 0.004027
-0.008906 0.044598 0.002847
0.024771 0.014679 -0.000139
0.016463 0.006087 0.011362
0.022929 -0.016647 -0.024523
0.013905 0.003192 -0.005134
-0.038126 0.043634 0.010301
0.009655 0.001864 -0.023581
0.022876 -0.002072 -0.014861
-0.000083 0.008606 0.015910
0.010341 -0.010212 -0.013483
0.014287 0.013875 -0.020469
-0.012318 0.018121 -0.000247
-0.023704 0.028585 -0.021908
0.003261 0.020991 0.002071
-0.022765 -0.015525 0.008916
-0.006785 -0.005873 -0.016541
0.002405 -0.014757 -0.022676
-0.000196 -0.011634 -0.001395
-0.006980 -0.011196 0.015062
0.025826 0.005746 0.009169
-0.043533 0.001231 -0.007815
-0.023865 -0.006027 0.043165
0.013729 -0.001325 0.060692
0.050701 0.003326 0.017974
0.023291 0.003129 0.009377
0.012901 0.002580 0.010530
0.029914 0.007422 0.001395
-0.002287 -0.005768 -0.018194
-0.011159 0.043068 0.007895
0.008959 -0.001561 -0.016559
-0.006554 -0.027316 0.001912
-0.000106 -0.025781 -0.010263
-0.013886 -0.008351 0.027341
-0.007019 0.019550 0.001939
-0.037818 -0.030520 -0.012880
-0.000627 -0.015241 0.006906
-0.014052 0.030960 0.004956
-0.023956 -0.005723 -0.023617
0.010406 -0.003051 0.007224
-0.032030 0.007384 0.000698
-0.029416 -0.002515 -0.043534
-0.012429 0.040942 -0.012120
0.019391 -0.011051 -0.024713
-0.000371 0.044193 0.000345
-0.037214 -0.036278 0.015978
-0.023503 0.001638 0.003462
0.010866 -0.003683 0.016013
0.014093 0.022244 0.030204
-0.023292 -0.034365 0.041268
0.013588 0.009328 0.027187
-0.004622 0.009903 -0.007585
-0.033895 -0.006617 0.003567
-0.008534 0.023470 -0.004595
0.001517 -0.014666 -0.017941
0.000152 0.019667 0.048334
0.015185 -0.023076 -0.021946
0.001725 0.012502 0.012390
-0.014110 -0.015326 -0.005473
0.003710 0.011186 0.019097
0.016249 -0.026352 -0.004296
-0.000111 0.029799 0.006462
0.023960 0.028855 0.012920
0.003911 -0.032401 0.031837
0.001957 0.019168 0.027279
-0.018196 0.032203 -0.016782
0.018817 -0.018934 -0.008477
0.017540 -0.009961 0.016963
0.005264 0.008989 0.034019
0.009927 -0.034536 0.020302
0.014636 0.035281 0.019032
0.008321 0.035764 0.038246
-0.018159 0.000923 0.000779
-0.028423 0.003887 0.021085
0.008997 0.025007 -0.002623
0.011488 0.014990 -0.001785
0.030748 -0.026323 -0.030852
-0.010951 0.020022 -0.011096
0.041272 0.040143 0.001199
-0.007378 0.002616 0.035654
0.014370 0.006947 0.011894
0.030085 -0.043955 -0.027237
-0.057302 -0.004263 -0.003165
0.002303 0.018316 0.033443
-0.009421 0.039888 0.006443
0.023929 0.032120 0.007448
-0.007458 -0.038854 0.015566
0.023943 0.018360 -0.012304
-0.022415 -0.006165 0.053174
0.025509 0.003181 0.017594
0.033663 0.002694 -0.009412
-0.021124 0.018112 0.008340
0.001366 -0.019044 -0.000232
0.007752 0.015818 -0.001484
-0.008509 0.011734 0.014121
-0.017659 0.012941 0.016498
0.024035 0.055565 0.004600
0.015465 -0.027112 0.009093
-0.020264 0.004551 0.009195
-0.019857 -0.006260 -0.009457
0.006662 -0.000721 0.006451
-0.007910 0.015595 0.028317
0.008951 0.001819 0.017178
-0.013426 -0.013428 0.001641
0.006686 -0.005659 0.011684
-0.029788 0.011719 0.044852
0.017082 0.035186 -0.008585
-0.014998 0.013606 -0.020601
-0.012485 0.016727 0.021012
0.021736 0.004648 -0.026307
0.019051 0.019773 -0.003965
0.004153 -0.018246 -0.005535
-0.043588 -0.006009 -0.016629
0.033791 0.036051 0.003674
0.016283 -0.018527 -0.007376
-0.015586 0.024860 0.027288
0.037512 0.003707 -0.012461
-0.009104 0.007102 -0.006621
-0.015743 0.023289 0.050570
-0.012671 -0.010026 -0.009426
-0.016893 -0.026759 0.015288
0.022107 -0.046228 0.013826
0.037525 0.017348 0.002375
0.015512 -0.044616 -0.003262
-0.006930 -0.014963 0.012725
0.003233 0.045989 0.022600
0.005936 0.001523 -0.003063
0.008726 -0.009600 0.000893
0.005694 0.015094 0.040286
-0.015928 0.009574 -0.001067
0.012444 0.023336 -0.030316
0.025863 0.049621 -0.012903
-0.011156 0.023275 0.025533
0.000440 -0.027389 0.009739
0.042857 0.002836 0.013357
-0.028499 -0.014507 -0.046993
-0.003334 -0.001890 -0.010518
-0.016859 -0.013142 0.014553
-0.031252 -0.011433 -0.005355
0.008414 0.004632 0.037580
-0.032055 0.020331 -0.008879
0.006354 0.005146 -0.038926
0.003182 -0.031643 0.025126
-0.041961 -0.028510 0.018121
0.010962 0.003372 -0.011229
0.039449 -0.006115 0.019632
0.015386 -0.033767 -0.020494
-0.003076 -0.009168 0.014411
0.016979 -0.029651 -0.007269
0.020368 -0.023680 -0.022054
0.016407 -0.001755 0.004012
-0.000991 -0.001142 -0.009817
0.017825 0.024506 0.020430
0.013350 0.017958 0.030131
0.026575 -0.025886 -0.033663
-0.012653 0.022617 0.004078
0.023239 0.001797 -0.033758
0.019354 0.007462 0.011061
0.006148 0.027476 0.022808
0.010392 0.008640 0.004106
0.036432 0.024426 0.002030
0.003736 -0.042787 -0.009431
-0.015427 -0.024806 0.011435
-0.024465 0.038060 0.001265
0.020158 0.018079 0.037389
0.008223 0.004187 -0.045175
0.020832 -0.010912 0.011426
0.006633 -0.003599 0.000853
0.000130 0.003086 -0.003909
0.015914 -0.014466 -0.048153
0.000291 0.022138 0.038215
0.016341 -0.005338 0.001154
0.008979 0.007726 0.009010
0.018869 -0.023482 -0.006760
-0.049235 -0.013832 -0.019430
0.014102 0.008804 -0.019599
-0.002093 -0.011194 -0.008502
-0.006325 0.017993 0.007106
-0.014687 -0.006063 -0.017106
-0.016015 -0.015691 -0.004642
0.006083 0.014853 -0.009860
-0.004744 -0.012465 0.003031
0.002540 0.001505 0.028596
0.007036 -0.017411 -0.018032
-0.031998 -0.021545 -0.002951
0.003716 -0.020448 0.000303
-0.004211 0.002035 -0.031972
0.020153 0.003849 -0.032692
-0.003240 -0.007246 0.031002
0.009979 -0.012026 0.015625
-0.018811 0.030389 -0.008763
-0.003111 -0.006614 0.011039
-0.020872 0.010116 -0.015225
0.006186 0.017129 0.012904
0.006123 -0.029198 0.017278
-0.029706 -0.018585 0.020273
-0.010356 -0.011645 0.007468
-0.047748 0.024884 -0.007667
-0.002025 -0.000303 -0.006612
0.010825 0.002317 0.004485
0.004732 0.021599 0.003348
0.005327 -0.002989 0.005427
0.015134 -0.008794 0.052782
0.011731 0.002683 0.009352
-0.028658 -0.000752 -0.010599
0.016043 0.024892 0.025682
0.007988 -0.017871 0.001925
0.008157 -0.030597 -0.009047
-0.004663 0.001567 0.023872
-0.028534 0.019461 0.020227
-0.014773 -0.043748 -0.018968
0.007930 0.002820 -0.025539
0.011899 -0.001786 -0.041373
-0.006312 0.001883 -0.030990
0.022992 0.005978 -0.031316
-0.031583 -0.008145 0.036287
0.001058 0.013009 -0.042481
-0.011568 -0.037614 -0.024028
0.015299 0.012621 0.000139
-0.000696 0.015874 0.031129
0.001923 0.003738 0.021922
-0.007105 -0.012072 0.022106
0.018611 -0.017646 -0.016862
0.014885 0.014225 0.026462
-0.002485 0.015178 0.000721
0.022740 0.022657 0.021791
0.051728 -0.007477 0.044419
0.028740 0.023962 0.016158
0.010592 0.010236 0.005956
-0.013482 -0.041111 -0.024569
-0.064183 -0.027198 -0.000809
-0.022643 -0.001845 0.027992
0.009689 0.010809 0.001084
0.014826 -0.028940 0.007809
-0.000658 -0.003864 0.002317
-0.005254 0.024783 0.006140
-0.031893 0.034853 0.007302
0.007367 -0.021983 -0.022659
0.010269 0.009380 -0.002699
-0.020321 -0.005332 0.016066
0.035081 0.019492 -0.010066
-0.037626 0.015730 0.003563
0.030670 0.008037 0.014940
0.035180 -0.011906 0.000582
0.008694 -0.013179 0.014502
0.017074 -0.002058 -0.011519
-0.023175 0.000009 -0.007062
-0.002065 0.023244 0.006360
-0.027660 0.025265 -0.011216
-0.001433 0.010179 0.030239
-0.001815 0.016838 0.016326
0.003760 -0.001469 0.013756
-0.018810 0.012947 -0.013042
0.030232 0.015196 0.031958
0.001263 -0.025117 -0.017968
-0.003908 0.011101 0.024132
-0.015997 0.016777 -0.014217
-0.032905 -0.036465 -0.000223
-0.009773 0.001048 -0.003687
-0.000989 -0.000445 -0.015773
-0.022509 0.006565 0.010593
-0.017653 0.025516 -0.032613
-0.027723 0.020414 0.005276
0.003800 -0.014729 -0.012586
0.009738 0.013690 0.028024
0.007576 0.008598 0.000142
0.024742 0.001359 0.049514
0.003132 0.004007 -0.006489
0.003767 0.008426 -0.001613
-0.027929 0.033384 0.008704
-0.012703 0.014184 0.044711
0.014040 0.010478 0.006293
-0.006196 -0.015037 0.023420
0.020074 0.009740 0.009223
-0.023148 -0.022027 0.010323
0.036305 -0.051831 0.064090
0.007030 0.000275 0.020351
-0.009503 0.000399 0.013154
0.013527 -0.005714 0.003064
-0.001586 -0.030749 0.035021
0.015096 -0.010628 -0.017950
-0.004915 0.000453 0.007760
-0.040895 -0.003107 -0.026869
0.019152 -0.000046 -0.008737
-0.007388 -0.001257 -0.013926
0.021999 0.026467 0.008960
0.016421 0.021436 0.006447
0.021063 0.000686 -0.036446
-0.014836 0.047581 0.012683
0.008113 0.000224 0.005584
0.021951 0.001463 0.001661
0.006462 0.003965 -0.006016
0.027967 -0.010975 0.006739
-0.003735 0.003479 0.033425
0.007607 -0.011251 -0.010748
0.001509 0.015706 0.003780
0.000655 0.006786 0.024009
-0.010649 -0.011356 0.045989
0.012159 -0.004018 -0.028475
0.002291 -0.000184 0.035885
-0.007776 0.006296 0.025290
0.008529 -0.006702 -0.002316
-0.014742 0.017418 0.000730
0.001284 0.004888 0.010703
-0.024699 -0.028465 0.025134
-0.024298 0.006797 0.027491
0.021807 -0.031759 -0.009377
-0.006079 0.016565 0.018266
0.031095 0.009651 -0.012541
-0.015202 0.015567 0.040939
-0.030698 -0.008691 0.016835
-0.008720 -0.013638 0.045115
0.001709 0.005787 0.008067
-0.021316 0.004432 -0.012809
0.010186 -0.028221 -0.029153
0.015079 0.014451 -0.001491
-0.015128 0.022611 -0.014163
-0.017301 0.022373 0.033599
0.000559 -0.004690 -0.017617
0.002464 0.000076 0.024386
-0.030361 -0.030926 0.029883
0.000291 0.007338 -0.017332
-0.000855 -0.001501 0.005598
0.010479 0.000373 0.015449
0.022340 -0.016194 -0.001891
0.028122 -0.009839 -0.013326
0.027457 0.012013 -0.010501
0.038123 -0.009055 0.001919
-0.023420 0.022738 0.029253
0.037000 -0.031255 -0.004730
-0.034216 0.003247 0.000721
0.001903 0.006862 0.015809
-0.031717 -0.003223 0.005126
0.010569 0.004627 -0.006736
0.000698 -0.002391 -0.010992
-0.014471 -0.024294 -0.023531
-0.016681 0.007725 -0.013478
-0.009717 0.021904 -0.007574
0.007954 -0.004899 -0.012337
-0.000843 0.012774 0.002224
-0.013813 -0.047032 0.000900
-0.003044 -0.002708 -0.020972
0.014257 0.011636 0.009654
-0.024741 0.019329 -0.005667
0.029932 0.003153 0.015761
-0.029389 -0.024737 0.015726
0.007314 0.006532 0.006412
0.018311 0.004498 0.026113
0.009472 -0.000215 -0.012049
0.027066 -0.003834 0.031426
0.005843 -0.012016 0.003714
0.024910 -0.009387 0.034106
0.005631 -0.004035 -0.006975
0.003313 -0.015520 -0.014648
-0.003188 0.007669 0.005361
-0.024040 0.013413 -0.005916
-0.000098 -0.000479 -0.005664
-0.028104 0.024035 0.001528
0.020765 0.023404 0.000781
0.031676 0.012376 0.013661
0.018529 -0.011478 -0.020096
-0.021369 -0.007897 0.002287
0.031797 0.010535 0.013645
0.019907 0.023984 0.007559
-0.008903 -0.002205 0.010219
0.017996 0.005449 -0.000131
0.012091 -0.012068 -0.008593
-0.004980 0.015834 0.027414
-0.007380 0.034103 -0.005741
-0.001753 0.006453 0.022599
-0.003649 0.014846 0.044245
0.011237 -0.001434 0.019702
0.028306 0.007579 0.003263
0.016988 -0.014974 -0.003127
0.005540 -0.000210 0.017881
-0.001113 -0.023163 -0.028167
0.006781 0.026750 -0.048952
-0.024588 0.024150 0.043960
0.051725 -0.009106 -0.015510
0.020069 -0.007188 0.006893
0.020467 0.005307 -0.008443
0.036503 0.018694 0.014601
-0.015115 -0.028691 0.008386
0.051297 0.042870 0.019683
0.027544 0.019134 0.008180
0.002518 0.006884 0.010624
-0.033980 -0.001542 -0.022529
-0.007090 0.009072 -0.014185
0.007505 0.016949 -0.011645
0.015387 -0.041063 -0.028786
-0.021982 -0.017896 -0.013968
0.003355 -0.008773 -0.015890
0.019681 -0.020297 -0.016966
0.002508 -0.016934 -0.000418
0.010215 -0.012575 0.037632
-0.010399 0.013223 -0.026302
-0.012558 -0.017074 -0.024068
0.019218 -0.014325 -0.032697
0.019278 0.002787 0.010697
-0.013649 -0.002872 0.027371
0.003033 0.005885 0.016612
0.023560 -0.005196 0.008073
0.018093 -0.014598 0.021656
-0.058750 -0.017218 -0.029651
0.028484 -0.018404 -0.022270
0.013786 -0.025856 -0.055759
0.007830 0.009440 -0.031213
-0.010832 0.036111 -0.021605
0.013754 -0.018165 0.012929
0.006280 0.039703 -0.003311
-0.029852 -0.019140 -0.003155
-0.015396 -0.009324 -0.002135
0.042806 -0.011410 -0.004444
0.027821 -0.030915 -0.028174
0.003671 0.018982 0.005907
0.013793 -0.003385 -0.007840
0.007058 0.012950 0.012310
0.001601 -0.007182 0.001678
0.002871 -0.041269 0.040853
0.004518 0.037560 0.009440
-0.036100 0.008909 -0.007367
0.016083 0.004706 -0.025664
0.018171 -0.026639 -0.018175
-0.003879 0.008909 0.003969
-0.008653 -0.014639 0.015674
0.002789 -0.002012 -0.021709
0.028052 0.013332 0.013794
-0.000379 0.014720 0.011247
0.000279 0.015486 -0.015429
0.011568 0.031891 0.000998
-0.002784 0.014830 -0.016902
-0.003626 -0.011153 -0.002032
-0.010010 -0.031041 -0.001815
-0.004934 0.017161 0.002069
0.003720 -0.003323 -0.023680
-0.002511 0.008287 -0.029342
-0.003880 -0.014549 0.008633
0.001708 -0.026779 0.013893
-0.020175 -0.022143 0.022047
0.000181 -0.020983 -0.000316
-0.035486 0.000456 -0.021150
-0.003133 0.028562 -0.009801
0.018466 -0.008488 -0.004409
-0.004745 0.009993 -0.017646
-0.028062 -0.016033 -0.004895
0.014030 -0.020117 -0.012517
-0.026473 0.007580 -0.015208
-0.017601 0.027398 -0.009718
-0.004407 0.011459 -0.035538
-0.022260 -0.006186 -0.022430
-0.016036 0.010235 -0.002090
0.009546 -0.005882 -0.051059
-0.029456 -0.004142 -0.032693
0.004637 -0.003705 -0.015191
-0.006564 -0.020394 -0.008850
-0.001469 -0.013983 -0.010136
-0.008714 -0.005781 0.009577
0.013881 0.007126 0.012545
-0.034871 0.007060 -0.013432
0.013730 -0.006675 0.022414
-0.012574 -0.000057 0.021378
0.003616 -0.013175 -0.009810
-0.040227 0.005134 0.023487
0.001250 -0.005627 0.002332
0.040115 0.003269 0.007013
-0.011316 0.028179 0.000843
-0.017828 -0.034515 0.007046
-0.010312 -0.010307 -0.010394
0.007564 0.010568 0.011579
-0.042725 0.008421 0.015101
0.007239 0.028213 0.055624
0.000255 0.005802 0.002615
-0.022865 -0.009498 0.018534
-0.014799 0.004056 0.005567
0.018771 0.014734 0.018066
-0.016215 -0.034444 0.027502
0.006341 -0.033716 -0.004336
0.019072 0.027033 -0.003229
0.022091 0.002999 0.008165
0.026420 -0.013244 -0.006357
-0.010281 0.004210 -0.009620
-0.033521 -0.008694 -0.006530
-0.001683 0.009974 -0.003416
0.041264 -0.000737 0.020141
0.012477 0.018555 -0.001874
-0.058468 0.026395 0.017046
-0.015014 0.013822 0.019732
-0.035760 0.037660 -0.017708
-0.026112 -0.028925 0.003779
-0.011254 0.006007 0.023997
-0.012520 0.001671 0.000703
-0.046081 -0.007128 -0.006038
-0.025528 0.019095 0.005470
-0.011792 0.022324 -0.001640
-0.011641 -0.012463 0.013394
-0.008770 0.009403 0.001123
-0.021197 -0.015338 0.019021
0.027947 -0.008993 0.004103
0.019947 0.018616 0.034567
0.013209 -0.008563 -0.041168
-0.008254 0.014176 -0.025910
0.009594 0.056607 -0.018812
-0.001862 0.024331 -0.027653
0.009162 0.033287 -0.010237
0.023859 0.007585 -0.003028
0.007921 0.005476 -0.020818
-0.006390 0.020669 -0.003323
0.015850 0.023667 0.008556
0.009002 -0.015201 -0.013130
0.002943 -0.023506 -0.006017
0.023766 -0.004867 -0.026390
0.013760 0.020308 0.019939
-0.044087 0.018999 0.006447
-0.018130 -0.021425 -0.002998
-0.001295 -0.053935 -0.032963
-0.010978 -0.000327 -0.019798
0.008965 -0.013017 0.038344
-0.044451 -0.017215 -0.011574
-0.005831 0.014506 -0.005711
0.038891 0.006462 -0.009177
0.019819 -0.006322 0.026071
0.010376 0.014426 -0.036048
0.007750 0.009369 -0.024511
-0.008125 -0.007541 -0.011893
-0.026532 0.030069 -0.009182
0.035728 0.012964 -0.008757
0.046308 -0.007851 -0.004503
0.005495 -0.007954 0.002314
-0.007179 0.006547 -0.023145
0.017077 0.009654 -0.026826
0.003148 -0.006622 -0.026238
0.009464 -0.022262 -0.037744
-0.004402 -0.015598 -0.000965
0.008698 -0.002021 0.003352
0.015247 -0.021128 -0.021580
-0.006850 -0.004887 0.029965
0.001947 -0.009808 -0.005096
-0.015001 0.024693 -0.021365
0.007702 -0.013053 0.035486
0.038147 0.028250 0.037806
-0.041817 -0.024758 -0.004738
0.020905 -0.024065 -0.012624
0.018399 0.003123 0.001358
-0.018242 0.000694 -0.013224
0.017115 -0.018897 0.029749
-0.028080 -0.042241 -0.012251
0.022678 0.016362 0.003701
0.043437 -0.012100 0.029547
-0.041233 -0.013103 -0.005892
0.007464 0.004073 -0.011952
-0.013118 -0.027056 0.005743
-0.008354 -0.006479 0.053019
-0.023759 -0.021975 0.022832
-0.002284 -0.014340 0.013388
-0.014868 0.011330 -0.023207
0.010342 0.035803 0.046912
-0.004487 -0.006762 0.002633
-0.009195 -0.017123 -0.002370
0.015282 -0.004368 0.012806
0.008151 -0.006313 -0.025603
-0.007779 -0.012746 -0.009980
0.025602 0.001282 0.042011
0.030418 -0.019194 0.011021
-0.002131 0.026383 0.004568
0.016626 0.010826 0.025871
0.010822 -0.004532 0.005966
0.018484 -0.009977 0.004676
0.034121 -0.001718 0.018804
-0.027100 -0.001159 0.025278
-0.003098 -0.013927 -0.001609
0.027331 0.023077 0.030964
0.028746 0.010812 -0.022128
-0.047455 -0.014662 -0.009890
-0.027615 -0.000567 -0.006600
0.007826 0.001003 -0.020028
0.020721 0.019581 0.011205
0.011277 0.028690 0.021199
0.008984 -0.004501 0.024226
0.000779 -0.006223 0.003032
-0.008923 -0.022343 -0.011168
-0.006820 0.023216 -0.009335
-0.041992 0.005890 0.024322
-0.025812 0.008462 -0.020427
0.029033 0.013580 -0.013312
0.013619 -0.009578 0.029578
0.020562 0.029450 0.015381
-0.012198 0.006823 0.024593
-0.001441 0.029737 -0.042557
0.003499 0.049483 -0.024894
0.023047 0.025086 -0.002159
-0.019155 -0.012940 -0.015502
0.007774 -0.001538 -0.009159
0.036621 -0.024152 0.009543
-0.020151 -0.017650 -0.015067
0.034112 -0.013860 0.044449
0.001685 0.017518 -0.003849
0.016135 0.000817 -0.003886
-0.016653 -0.013535 -0.029073
-0.017366 -0.030285 0.021826
-0.010856 -0.011623 0.009465
-0.012688 0.005672 -0.005573
-0.031354 0.030646 0.006060
-0.000243 0.026458 -0.012532
-0.002726 -0.012618 -0.011356
0.006302 0.016684 -0.037195
0.004774 0.053027 0.034428
-0.006448 -0.010816 -0.003690
0.002054 -0.026339 0.034235
0.009388 -0.017455 -0.002021
0.018335 -0.007311 0.027694
0.003468 -0.011863 0.000687
0.000940 0.009373 0.001197
-0.003270 0.025107 0.000517
0.021702 0.006569 0.012078
-0.010082 0.004413 0.001067
0.003840 0.054514 -0.003425
-0.000739 0.012797 -0.004819
-0.009243 0.009482 -0.006747
0.003612 -0.008945 0.012424
0.000914 -0.031306 -0.042780
0.006971 -0.018687 0.003490
-0.003587 0.007433 0.005488
-0.017795 -0.060674 -0.024713
-0.018370 0.004395 0.018403
0.004692 0.001443 0.002548
-0.007286 0.042971 0.004203
-0.011270 -0.024942 -0.016173
0.002358 -0.007974 0.025958
-0.021717 -0.000964 -0.004412
-0.001405 -0.018914 0.022458
-0.024783 -0.031881 -0.008063
0.017318 0.038999 -0.018464
0.025833 -0.003034 -0.004962
-0.042699 0.038515 -0.017359
-0.032794 -0.006095 -0.014741
-0.002261 0.016587 0.000313
0.010577 0.007874 0.022562
0.030304 -0.027324 -0.005507
0.020911 -0.000188 0.017049
0.018767 0.018974 -0.004674
0.000099 0.024926 -0.006471
0.011261 -0.001127 -0.012957
0.000090 0.004178 -0.002421
-0.004611 -0.005406 -0.017742
-0.008513 -0.023264 0.026056
-0.026529 0.000822 -0.018417
-0.001957 0.029299 0.002602
-0.010905 0.021451 0.010882
0.011730 0.012377 0.004789
0.032406 0.033161 0.026741
-0.026191 -0.016536 0.007675
0.040369 -0.023925 -0.048975
0.018600 0.007043 -0.027211
-0.013069 0.013355 0.007203
-0.029098 0.001845 0.016040
-0.020010 0.026604 0.045053
-0.029110 -0.011841 0.023660
0.007259 -0.020576 0.018719
0.020274 -0.028036 -0.017685
-0.018055 -0.018669 -0.005896
0.003880 -0.006980 0.005353
0.019021 -0.001247 -0.008167
-0.012332 0.033875 0.002753
0.011542 0.017806 -0.014768
0.001906 -0.011834 -0.016518
0.015115 -0.031299 -0.028185
-0.015627 0.007815 0.023066
-0.001433 0.014964 0.008311
-0.025868 -0.021190 0.026528
-0.032535 -0.011539 0.010420
-0.014643 -0.019086 0.004816
-0.001839 0.013275 0.019208
-0.014107 -0.009917 0.017986
-0.009360 0.002554 -0.016458
-0.010651 -0.024965 -0.032829
0.017741 0.003733 -0.038965
-0.022389 -0.021942 0.011063
-0.005165 0.024205 0.020020
-0.029765 -0.024556 -0.016644
0.007850 -0.011709 0.007485
0.002423 0.022390 0.032506
0.041108 0.002456 -0.005699
0.008673 -0.009104 -0.017379
-0.010789 0.026204 0.006045
0.010727 0.005457 -0.004430
0.006176 0.032751 0.017184
0.050464 0.033927 0.036592
-0.023883 0.001193 -0.003387
-0.001114 0.009036 0.010244
-0.009752 0.007640 -0.017468
-0.042264 -0.030158 -0.009697
0.006658 -0.003186 0.019128
-0.004489 -0.000443 -0.011517
0.042361 -0.005783 -0.008294
0.003495 0.006247 0.006667
0.009746 -0.028731 -0.004621
-0.027550 0.018861 0.006011
-0.011554 -0.018161 -0.039895
0.006998 0.008295 -0.017433
0.000470 0.008543 0.010214
-0.007165 0.000388 0.009142
0.021286 0.020366 -0.019784
0.009988 0.012380 0.009489
-0.019520 0.008179 -0.025227
0.017795 -0.012329 -0.015952
-0.004404 -0.009151 0.014728
0.031180 0.007789 -0.029334
-0.026022 0.013496 -0.018209
-0.008786 0.045667 0.016112
-0.045181 0.008349 0.044887
0.014785 -0.032011 -0.016549
0.014218 0.011832 -0.001247
-0.018222 0.007631 0.013948
0.010634 -0.005676 -0.003727
0.016472 -0.033676 0.020566
-0.006811 -0.020577 -0.026352
0.016380 0.009037 0.016945
-0.046761 -0.007239 0.012465
-0.018987 0.008782 -0.004727
-0.003642 -0.046010 0.002379
-0.000018 -0.040417 0.010885
-0.010985 0.011783 -0.002474
0.015684 0.031522 -0.025303
0.027237 0.019594 0.025163
-0.005631 0.026143 -0.025823
-0.006034 -0.019110 -0.014736
0.009413 -0.025465 -0.035592
0.008509 0.020082 0.006620
0.010669 -0.019686 0.011914
-0.031749 -0.002355 -0.024777
-0.004340 -0.014030 0.009068
-0.009504 -0.014581 -0.000476
0.008940 -0.019891 -0.004111
0.007540 0.017167 0.005525
-0.018707 0.021477 0.023599
-0.003845 0.017081 0.015835
0.023466 0.026571 0.024717
-0.001120 0.030123 0.029770
0.017041 0.015369 0.001912
-0.000240 -0.007143 -0.006563
-0.018715 -0.025995 -0.012552
-0.002079 -0.021968 -0.017390
-0.008795 -0.005475 -0.007081
-0.005042 0.022760 -0.001272
-0.033326 0.002294 -0.022250
0.005473 -0.029201 -0.006903
-0.020311 0.032350 -0.000151
-0.006908 -0.025960 0.005852
0.011456 -0.003701 -0.025339
0.000036 0.000408 0.016022
-0.004046 -0.032152 0.006007
-0.001232 -0.009195 -0.011804
-0.005622 0.020432 -0.022169
0.021052 0.028677 0.009266
0.012516 0.043992 0.032571
-0.031278 -0.018572 0.038843
-0.006723 0.020966 -0.020546
-0.011029 -0.019924 0.005364
-0.019399 -0.028718 -0.022121
0.031026 0.018313 0.027933
0.000518 0.051449 -0.026121
-0.010261 -0.013660 0.031084
-0.013126 -0.004247 0.003551
-0.013726 0.012003 0.003328
0.016171 0.009746 -0.000329
0.028819 -0.011552 0.011422
0.023991 0.009356 -0.004118
0.002061 0.008254 -0.010719
0.004066 0.004334 -0.013414
0.002422 -0.018159 0.012771
0.026911 0.004583 0.020418
0.002651 0.014854 0.003522
0.017205 -0.013216 -0.017498
-0.024161 -0.030833 -0.017543
-0.019623 0.006785 -0.010929
-0.001967 0.005175 -0.026544
-0.010085 -0.005039 -0.005978
0.013512 0.015720 0.027804
0.019484 0.002429 -0.023526
-0.002523 0.030708 0.034653
0.021521 0.014976 -0.002943
-0.007357 -0.004933 0.000456
-0.017636 0.024412 -0.046909
-0.019499 0.000115 -0.021060
0.013631 -0.009370 0.015026
0.005086 0.016363 0.002874
0.013298 -0.021012 -0.028389
0.018244 0.015977 0.021689
0.000199 0.015482 0.020633
0.005978 0.039355 -0.001303
0.016148 0.009171 0.013198
-0.054080 -0.004065 -0.011498
0.016393 0.011623 -0.000725
0.005005 0.005694 -0.009029
-0.027830 0.024059 0.007288
0.029367 -0.027455 -0.029134
-0.025868 -0.009044 0.011276
0.041549 -0.008610 -0.034893
0.007057 -0.000214 -0.012028
-0.005897 -0.024869 0.001833
-0.028840 0.026138 0.021131
0.025197 0.013443 -0.010237
-0.001319 0.012756 -0.008300
0.005749 -0.013844 -0.022142
0.025229 0.019534 0.034592
0.005001 0.004923 -0.024233
0.013849 0.010486 0.001071
-0.022757 -0.002389 0.003897
0.001027 0.005529 0.027701
0.003589 0.006355 0.017664
-0.008418 0.041309 -0.015177
0.022352 0.012373 0.001703
0.000807 0.004226 0.009399
-0.012780 -0.015678 0.004358
0.015173 0.021725 -0.011044
0.004895 -0.001229 0.028124
0.021372 0.020087 -0.017481
0.006721 -0.020204 0.017767
0.005082 -0.016375 -0.019730
-0.026628 0.005808 -0.017322
-0.015047 0.001809 0.023542
-0.016632 -0.012286 0.031764
-0.000988 0.012587 0.008436
-0.048633 0.024525 -0.016792
0.006334 0.020264 0.016771
0.006223 0.025194 0.006095
0.008316 0.006173 -0.021090
-0.013500 0.026647 0.017805
-0.001961 0.076123 -0.009806
0.005560 0.002334 -0.052138
-0.033899 -0.026179 0.010428
-0.019250 -0.059094 0.011718
0.000873 -0.001784 0.005356
-0.013631 0.002195 -0.027368
0.004336 -0.000796 0.005814
-0.004433 0.023036 0.016750
-0.015087 0.031223 0.019417
-0.013318 -0.062283 0.024412
-0.025833 -0.034837 -0.028107
-0.037939 -0.019203 -0.021937
0.016565 0.011042 -0.017075
0.030688 -0.012415 -0.009956
-0.000235 0.001886 -0.025627
0.004837 -0.015078 0.019136
0.000612 -0.022976 -0.000023
-0.014214 -0.022729 0.016952
-0.005507 -0.009430 0.004613
-0.004669 -0.004931 0.017841
0.015406 -0.003643 0.014179
0.022025 0.031284 0.015245
0.006531 0.013901 0.003578
-0.031358 -0.020385 0.015386
-0.002364 -0.012973 -0.033839
-0.002962 0.009624 -0.000731
0.004544 -0.014023 -0.000247
0.016235 0.005511 0.004722
-0.009675 0.011575 0.020573
0.003821 -0.015944 0.012464
0.037148 0.014314 -0.012900
-0.016653 -0.006279 -0.006892
0.011086 -0.011295 0.007082
0.010020 0.009166 0.012230
0.025329 0.016148 -0.002701
-0.026213 -0.003929 0.006761
0.000134 0.022043 -0.005413
0.029486 -0.026076 0.037431
0.001412 -0.011778 -0.000599
0.002303 0.011409 -0.004141
0.038561 -0.015601 0.003606
-0.005774 0.002486 -0.000891
0.011844 0.034220 0.027456
-0.008528 -0.006247 0.013215
