# 参数名称：backbone.features.8.conv.4.weight
# 参数形状：(384,)
# 参数数据类型：float32
# 参数值（保留6位小数）：
0.970550
0.977217
0.982257
0.984013
0.977743
0.983787
0.979119
0.972329
0.985861
0.980642
0.979427
0.975976
0.984678
0.973911
0.968184
0.980573
0.987877
0.990409
0.980388
0.980570
0.967331
0.975481
0.987657
0.977025
0.974754
0.984633
0.983049
0.975400
0.975231
0.987260
0.993057
0.962015
0.978160
0.973350
0.965129
0.986143
0.979475
0.983043
0.991955
0.974243
0.966893
0.992007
0.975079
0.987876
0.981130
0.978613
0.987458
0.978602
0.982707
0.978643
0.983190
0.989574
0.977507
0.964487
0.979415
0.983732
0.991201
0.978834
0.981457
0.975928
0.977063
0.983532
0.989966
0.964226
0.997243
0.969643
0.992662
0.982646
0.990351
0.985237
0.985247
0.972774
0.987058
0.972317
0.989057
0.988755
0.982447
0.975594
0.984490
0.975988
0.988265
0.969246
0.981451
0.973533
0.972106
0.982953
0.980162
0.979702
0.976848
0.980956
0.987263
0.975908
0.968273
0.984465
0.986797
0.982239
0.957197
0.979301
0.988553
0.996688
0.987980
0.975827
0.992976
0.985013
0.985851
0.994694
0.987117
0.985464
0.982857
0.976914
0.984964
0.966177
0.984867
0.981512
0.981529
0.980525
0.972026
0.964236
0.979938
0.980030
0.979642
0.971814
0.980742
0.984084
0.970855
0.983507
0.971988
0.987562
0.970145
0.986429
0.975630
0.980940
0.974521
0.985925
0.979134
0.989408
0.966270
0.986013
0.984246
0.991966
0.970227
0.987191
0.975438
0.986311
0.970108
0.978335
0.972225
0.979724
0.961208
0.982676
0.978830
0.983886
0.984565
0.978248
0.995696
0.990128
0.965526
0.961366
0.990375
0.986215
0.991223
0.979757
0.982387
0.983530
0.986205
0.981380
0.983655
0.986368
0.977695
0.984801
0.978337
0.952294
0.982988
0.983971
0.968623
0.969040
0.988790
0.980023
0.978757
0.974914
0.975767
0.973688
0.979157
0.993076
0.984886
0.983959
0.978230
0.985667
0.984759
0.978272
0.976682
0.982633
0.985663
0.986965
0.993936
0.984296
0.982109
0.977703
0.982519
0.975033
0.989188
0.972632
0.987665
0.974235
0.984314
0.982698
0.992326
0.988523
0.981578
0.969876
0.984249
0.985487
0.979194
0.990981
0.986696
0.980573
0.982890
0.989833
0.972063
0.982356
0.982844
0.995277
0.985430
0.977067
0.977212
0.985481
0.974530
0.986759
0.978558
0.985103
0.961962
0.977997
0.967433
0.981444
0.986296
0.978974
0.981535
0.984319
0.968719
0.990927
0.976433
0.980717
0.973008
0.991698
0.978602
0.979183
0.977208
0.976010
0.993155
0.966804
0.966147
0.988606
0.978483
0.990190
0.984846
0.980266
0.973255
0.975747
0.975363
0.976317
0.981283
0.993346
0.979386
0.983703
0.984496
0.979715
0.982956
0.982874
0.970683
0.980418
0.968247
0.965918
0.965455
0.965429
0.985546
0.979405
0.993935
0.964316
0.992540
0.977149
0.984800
0.981654
0.963284
0.977037
0.979000
0.967740
0.979017
0.983436
0.974025
0.979636
0.965732
0.985892
0.983566
0.972144
0.983233
0.985541
0.985374
0.983745
0.983914
0.961332
0.990215
0.975498
0.974756
0.988195
0.977037
0.969963
0.976300
0.968772
0.973843
0.990699
0.978756
0.979022
0.978954
0.988822
0.979106
0.998968
0.969459
0.991681
0.977789
0.971664
0.989165
0.983832
0.991833
0.972450
0.987229
0.979092
0.986801
0.989469
0.983983
0.989815
0.972055
0.986540
0.986228
0.988437
0.985196
0.976807
0.979623
0.974429
0.973659
0.991043
0.984485
0.986329
0.977558
0.967753
0.982702
0.984059
0.970217
0.979076
0.974407
0.989629
0.974062
0.982585
0.977894
0.979542
0.960850
0.981889
0.979768
0.982923
0.975645
0.984998
0.970639
0.975960
0.968718
0.993048
0.984358
0.987468
0.983025
0.987290
0.985510
0.982548
0.970533
0.987864
0.973474
0.992811
0.980443
0.978175
0.980526
0.974407
0.982449
0.989620
0.987355
0.978244
0.977546
0.980604
