# 参数名称：backbone.features.6.conv.1.weight
# 参数形状：(192,)
# 参数数据类型：float32
# 参数值（保留6位小数）：
0.939183
0.896221
0.932347
0.925246
0.904628
0.955300
0.926472
0.867758
0.956063
0.871694
0.900575
0.879470
0.950696
0.957740
0.871527
0.949272
0.947225
0.857484
0.940433
0.937270
0.894536
0.889692
0.943709
0.859260
0.908430
0.944752
0.862357
0.937314
0.950280
0.961673
0.964962
0.955228
0.859619
0.893296
0.936153
0.862060
0.884678
0.857669
0.953802
0.936904
0.859210
0.885741
0.947239
0.857637
0.946202
0.913615
0.913362
0.954341
0.936820
0.892731
0.858995
0.869075
0.955284
0.862782
0.957881
0.963427
0.936137
0.957436
0.889524
0.953824
0.874390
0.958187
0.945668
0.907634
0.965453
0.928861
0.866998
0.859567
0.898681
0.928071
0.943129
0.966699
0.945863
0.866192
0.867770
0.966258
0.931855
0.858940
0.913942
0.927665
0.860627
0.950300
0.941050
0.911659
0.969672
0.963357
0.909083
0.860489
0.861510
0.861551
0.879569
0.916357
0.921121
0.926989
0.923049
0.953775
0.939102
0.933343
0.933708
0.953672
0.888475
0.958535
0.944998
0.880419
0.920199
0.935234
0.935629
0.922251
0.924623
0.860274
0.949512
0.877611
0.935921
0.932001
0.925776
0.925642
0.891420
0.902755
0.866835
0.914198
0.962472
0.870741
0.901679
0.860932
0.923369
0.862946
0.918216
0.871134
0.956626
0.940886
0.958901
0.917841
0.899000
0.862115
0.911291
0.910038
0.948552
0.910733
0.887028
0.858822
0.945556
0.897371
0.857993
0.939493
0.944628
0.912778
0.923146
0.945210
0.914342
0.929147
0.908485
0.957720
0.937076
0.927590
0.930965
0.863942
0.868510
0.882927
0.882597
0.891262
0.919571
0.954077
0.919618
0.962976
0.898206
0.891819
0.900288
0.874869
0.936104
0.923737
0.861933
0.957653
0.933785
0.895414
0.858716
0.946036
0.950331
0.959064
0.881947
0.959623
0.947813
0.899017
0.923300
0.912097
0.864267
0.874221
0.862231
0.861967
0.888178
0.956578
0.915164
0.862159
