# 参数名称：backbone.features.11.conv.1.weight
# 参数形状：(384,)
# 参数数据类型：float32
# 参数值（保留6位小数）：
0.904061
0.870119
0.858124
0.888348
0.934183
0.921402
0.878598
0.860701
0.882940
0.859521
0.860391
0.897130
0.874486
0.939698
0.907949
0.862288
0.870731
0.857665
0.932158
0.858668
0.886896
0.860214
0.943636
0.863635
0.868332
0.857818
0.934231
0.859765
0.926335
0.861216
0.935260
0.857974
0.898703
0.857443
0.863523
0.865189
0.859650
0.934562
0.858170
0.885579
0.862893
0.933805
0.869879
0.858945
0.858661
0.858073
0.936872
0.925368
0.861222
0.909002
0.889183
0.859246
0.873299
0.863921
0.857280
0.857767
0.866510
0.859519
0.857320
0.923204
0.859658
0.917813
0.884041
0.907796
0.858899
0.859101
0.858806
0.885745
0.866458
0.929643
0.882672
0.916218
0.869001
0.916315
0.857200
0.868814
0.888938
0.860529
0.860096
0.867480
0.873819
0.903440
0.899476
0.859618
0.859577
0.951396
0.885603
0.879049
0.861460
0.947763
0.896797
0.923277
0.910885
0.859182
0.914494
0.878775
0.910248
0.880070
0.892868
0.857801
0.872560
0.859447
0.857150
0.899575
0.904721
0.883003
0.866607
0.930148
0.877463
0.921402
0.858444
0.858190
0.876642
0.870503
0.939609
0.858448
0.872671
0.857790
0.858157
0.858743
0.857257
0.907779
0.880053
0.857544
0.872431
0.890605
0.906334
0.898554
0.898827
0.934095
0.958259
0.858574
0.928758
0.871700
0.918168
0.860484
0.958966
0.913431
0.859116
0.875201
0.859956
0.877263
0.858683
0.857538
0.861516
0.898609
0.884109
0.857632
0.921018
0.859400
0.859056
0.885820
0.857225
0.857557
0.956050
0.858344
0.858058
0.876281
0.934575
0.947447
0.952333
0.859033
0.915445
0.876872
0.858144
0.863691
0.921633
0.858853
0.929492
0.867262
0.859489
0.900683
0.858826
0.899670
0.857741
0.867565
0.900528
0.885753
0.892254
0.864062
0.858085
0.885076
0.915705
0.933950
0.931278
0.859301
0.867451
0.863640
0.880661
0.857282
0.860183
0.869688
0.874867
0.871692
0.877115
0.941278
0.929470
0.932963
0.868885
0.878173
0.893892
0.857932
0.921848
0.889437
0.914477
0.923147
0.901925
0.896056
0.861176
0.859288
0.857282
0.897175
0.906032
0.876295
0.898341
0.893365
0.890221
0.858073
0.862059
0.875001
0.860564
0.934901
0.858980
0.862319
0.868379
0.941874
0.858989
0.862312
0.891720
0.860159
0.904842
0.859259
0.943730
0.899889
0.857656
0.864552
0.899838
0.872342
0.926910
0.867736
0.917699
0.930414
0.885148
0.895110
0.933420
0.923308
0.860692
0.935051
0.897064
0.943093
0.945302
0.893720
0.932082
0.857268
0.858932
0.914040
0.923231
0.910852
0.917767
0.859797
0.870133
0.857727
0.910321
0.857421
0.921094
0.858331
0.904098
0.885839
0.861207
0.857188
0.859456
0.918420
0.876596
0.892829
0.865244
0.858132
0.885148
0.857299
0.878108
0.857647
0.864919
0.874407
0.861484
0.857914
0.903627
0.912301
0.857413
0.899869
0.934674
0.907604
0.875462
0.857373
0.898915
0.865235
0.904069
0.903711
0.857392
0.936077
0.857822
0.933704
0.914295
0.858568
0.872199
0.911553
0.857410
0.933200
0.860165
0.857970
0.874787
0.876722
0.896959
0.861020
0.859690
0.919903
0.859827
0.875165
0.857556
0.929568
0.900963
0.861583
0.862920
0.858439
0.864244
0.907265
0.858960
0.864681
0.857827
0.859042
0.933216
0.918737
0.886080
0.857455
0.857274
0.877944
0.859147
0.877888
0.861694
0.882256
0.901101
0.874144
0.933751
0.918670
0.879097
0.943771
0.859406
0.906330
0.887762
0.904913
0.857939
0.857197
0.858926
0.912254
0.924895
0.867902
0.857857
0.959623
0.876219
0.888425
0.878361
0.870312
0.889224
0.879596
0.929710
0.936218
0.857242
0.858782
0.859327
0.864940
0.859293
0.858932
0.857867
0.926103
0.861035
0.873130
0.880133
0.894739
0.860015
0.928829
0.860582
0.954067
0.857822
0.864844
0.866984
0.916071
