# 参数名称：backbone.features.10.conv.1.running_var
# 参数形状：(384,)
# 参数数据类型：float32
# 参数值（保留6位小数）：
1.336206
0.922756
1.743831
1.072396
0.742700
1.620176
1.401816
0.908280
1.047115
1.044081
0.729912
1.102259
1.305824
2.478133
0.852106
0.989703
0.660215
1.216337
0.790385
1.404328
0.655107
1.265252
1.460403
1.357260
1.678580
1.193655
1.968804
1.105223
0.891972
0.702366
1.138327
0.873771
0.838473
0.917423
1.470160
1.300858
0.712839
1.040053
0.821347
1.183437
0.922639
0.826594
1.117230
1.064783
1.469413
1.113662
0.913409
1.578976
0.698746
1.387232
1.243962
1.047759
0.724455
1.331308
1.285498
2.161623
0.997620
0.967397
1.106925
1.282308
1.115791
0.904552
1.410998
1.084071
1.326621
1.225566
1.645020
0.864035
0.789545
1.738124
0.763149
0.831789
0.880728
0.620136
1.452289
0.735121
0.996134
0.975838
0.801437
1.616708
0.789104
1.084630
0.466965
1.637237
0.722390
1.013460
1.298842
1.834156
1.197556
0.912796
1.197732
0.953747
0.455424
0.988111
1.511603
1.641279
0.975556
1.416138
1.772051
0.776168
1.023679
0.674483
1.003057
0.889025
1.329272
1.410190
1.185490
1.101719
0.881937
1.027128
2.268516
1.741184
1.011876
0.963059
1.471433
0.751620
1.669382
0.742518
0.598704
0.923023
1.248655
0.955343
0.960054
0.551666
0.895519
0.859227
1.532899
1.141825
0.982301
1.326602
1.312444
1.017523
1.251838
1.522902
1.309286
1.368316
1.302705
1.052435
0.788395
1.093509
0.843037
1.281672
1.266475
1.509122
0.564978
1.319277
0.870565
1.288477
1.918825
1.253151
1.007136
1.084417
1.181267
0.906849
1.224518
0.803227
0.784949
0.929745
1.113392
0.844033
1.016487
0.835607
1.506608
1.044792
0.670871
1.162464
1.367336
1.389921
1.765209
1.125715
1.734311
0.961492
1.122085
1.242268
1.019335
1.521243
0.929073
0.662162
0.653618
1.631594
1.011444
0.841459
1.092815
1.008018
0.792830
1.398608
0.692933
1.123321
1.434177
1.394473
0.799620
0.851942
2.091649
0.936485
1.261023
1.362893
0.898085
1.610375
0.903136
1.129709
1.598779
1.302022
0.882757
0.924616
1.293201
0.686302
0.774548
1.539317
1.589995
1.204557
1.092233
1.056008
2.232818
1.138413
1.162884
1.103776
0.818021
0.954292
0.815148
1.276611
0.584636
1.188019
0.671524
1.160357
1.598744
1.161676
1.216294
1.396655
1.145549
0.894626
1.315837
0.994753
0.621981
1.905518
1.439086
0.746379
0.651862
0.725726
0.637615
1.808488
1.195532
1.323028
1.312297
1.082626
1.161527
0.921427
0.670697
0.908991
1.401136
1.171628
1.587495
1.270789
1.188982
1.197460
1.142901
1.139467
0.792671
0.843088
0.672059
0.834954
0.614842
1.302453
1.017448
1.261412
1.903820
1.198923
0.747840
0.997864
1.036730
0.692526
1.389566
0.815968
1.045163
1.090950
1.426974
1.051663
1.009779
1.114222
1.644240
0.976981
1.685572
0.654186
1.172859
0.931266
0.768279
0.943242
1.093550
2.031173
1.639076
0.942373
0.564354
0.969112
1.836837
1.141214
1.204789
0.865039
1.358038
0.879838
1.387294
1.166133
1.083220
0.594655
1.085519
1.269634
0.740580
0.975404
1.636449
1.425122
1.401519
1.037149
1.041663
0.835822
1.179632
0.969830
0.816114
1.302649
1.417146
1.451575
0.675458
1.017087
1.343689
1.334844
0.972666
1.105428
1.071385
1.394581
0.699317
0.958008
1.268724
1.144078
0.816252
0.541657
0.941794
0.766491
1.482779
0.826307
1.182557
1.281485
1.275659
1.477188
0.810296
1.059542
1.094590
0.845240
1.380567
1.126703
0.741155
0.678738
0.792396
1.594273
1.971639
1.632420
1.249021
0.658593
1.244374
1.973456
0.709249
0.724441
1.405911
0.702927
0.973054
1.068654
0.664373
0.683419
1.520608
1.427516
1.918896
1.156837
1.232763
1.077018
1.131246
0.888767
1.059423
0.992160
0.985126
0.882670
0.819765
0.783330
1.147099
0.938990
0.824861
1.481611
0.914656
0.974553
