# 参数名称：backbone.features.2.conv.4.weight
# 参数形状：(96,)
# 参数数据类型：float32
# 参数值（保留6位小数）：
1.042655
1.001348
0.989108
0.983668
0.997229
0.993768
0.998929
0.991139
0.986157
1.025329
1.010224
0.982582
0.996634
0.992464
0.977291
0.976191
1.006109
0.984094
0.999412
0.986095
0.996800
1.007332
1.001429
0.998883
0.989983
0.981864
0.988724
0.988895
0.991694
1.001397
1.012719
0.996096
1.002141
0.990007
0.987327
1.012449
0.994695
1.003403
0.994355
1.000338
0.979103
0.988889
0.983864
1.010567
0.987043
1.003641
0.979143
0.989774
0.989732
0.991894
0.994870
1.007618
0.996326
1.003942
0.993230
1.000376
0.995255
0.983026
0.984298
0.993704
0.992505
1.010350
0.977292
1.008580
0.995139
0.993201
0.973803
0.983494
0.993071
0.997885
0.997181
1.015102
1.013427
1.017079
1.006136
1.026521
0.990207
0.975283
0.994751
1.015445
0.987290
1.016613
0.984355
1.004527
0.981439
0.989549
0.962976
0.997122
1.005154
1.003242
1.029358
1.013484
1.004148
0.993129
0.982291
1.022509
