# 参数名称：backbone.features.17.conv.1.weight
# 参数形状：(960,)
# 参数数据类型：float32
# 参数值（保留6位小数）：
0.917935
0.892100
0.858239
0.879392
0.857394
0.908062
0.857343
0.920535
0.857991
0.857689
0.857692
0.908516
0.857422
0.857357
0.872219
0.857254
0.857713
0.872600
0.857296
0.857377
0.876395
0.857252
0.860641
0.858863
0.857458
0.861710
0.858683
0.857275
0.907824
0.860346
0.857326
0.959238
0.859282
0.872522
0.858401
0.858062
0.858629
0.866940
0.875365
0.858699
0.859471
0.857295
0.857553
0.859981
0.866672
0.859614
0.857468
0.869132
0.911673
0.899847
0.857249
0.859727
0.857217
0.877454
0.892268
0.891655
0.858990
0.861127
0.867111
0.857309
0.884640
0.857863
0.857459
0.857996
0.881113
0.858791
0.859989
0.859247
0.919431
0.927794
0.885268
0.859085
0.887285
0.939161
0.924343
0.857399
0.859142
0.858558
0.857321
0.858170
0.885416
0.857919
0.922401
0.857596
0.866070
0.862600
0.857325
0.860837
0.890307
0.857859
0.857342
0.895537
0.857291
0.898261
0.942250
0.857908
0.869468
0.857733
0.861039
0.909646
0.857532
0.897381
0.858734
0.857131
0.898261
0.857215
0.863533
0.857678
0.861606
0.857483
0.867613
0.857217
0.863092
0.857130
0.860076
0.874584
0.863846
0.857700
0.858482
0.952552
0.859381
0.892407
0.857135
0.866462
0.869530
0.886297
0.930811
0.862772
0.858246
0.915466
0.862162
0.858145
0.858536
0.858450
0.857133
0.857156
0.878382
0.859262
0.910833
0.879706
0.894388
0.857314
0.857412
0.857142
0.859767
0.873746
0.858494
0.857230
0.952756
0.921362
0.857142
0.901514
0.857480
0.858947
0.857788
0.857179
0.858025
0.862511
0.878266
0.858351
0.940576
0.859380
0.860973
0.857609
0.863379
0.862336
0.881412
0.897991
0.857283
0.877673
0.857813
0.932324
0.858221
0.881378
0.857172
0.860237
0.917904
0.857203
0.895621
0.857450
0.902525
0.857511
0.900271
0.869882
0.857159
0.857770
0.857981
0.857315
0.857355
0.883801
0.868889
0.868906
0.857136
0.890738
0.857649
0.857671
0.857216
0.857262
0.857950
0.859684
0.860384
0.857293
0.859225
0.857225
0.859291
0.895392
0.858939
0.858172
0.858926
0.858472
0.880594
0.866413
0.857575
0.858027
0.858545
0.904594
0.926226
0.857271
0.860946
0.858091
0.857185
0.857467
0.857327
0.883119
0.874979
0.857705
0.858909
0.857078
0.863987
0.890882
0.857333
0.874578
0.858009
0.886467
0.857296
0.875285
0.868608
0.857440
0.857157
0.858781
0.858404
0.857789
0.871030
0.858706
0.864148
0.857318
0.886508
0.857231
0.858517
0.885657
0.859934
0.865467
0.909625
0.860639
0.861379
0.857472
0.857408
0.859021
0.933197
0.857151
0.857165
0.857645
0.858408
0.933680
0.876426
0.857156
0.857868
0.857295
0.857389
0.859731
0.867514
0.857488
0.875029
0.867094
0.906819
0.857499
0.857281
0.862049
0.867249
0.896212
0.857435
0.887258
0.857439
0.863491
0.878923
0.857747
0.858693
0.857542
0.857294
0.877487
0.868204
0.864770
0.915343
0.857515
0.857407
0.940987
0.857197
0.867015
0.888261
0.893585
0.857456
0.928880
0.883815
0.861800
0.863472
0.858172
0.858678
0.857332
0.857726
0.880799
0.857624
0.857479
0.860292
0.857804
0.857348
0.859822
0.913711
0.883782
0.859238
0.858207
0.858969
0.929205
0.867164
0.857183
0.858474
0.863448
0.859154
0.920154
0.858192
0.899797
0.892759
0.887663
0.858000
0.895141
0.860646
0.891207
0.858032
0.866145
0.859273
0.857134
0.857410
0.857874
0.879882
0.893929
0.857195
0.857154
0.876748
0.858447
0.923473
0.859781
0.878597
0.870505
0.858587
0.858473
0.879012
0.877649
0.857191
0.872531
0.857187
0.878353
0.859274
0.897910
0.866335
0.857397
0.857262
0.858898
0.857324
0.858435
0.875185
0.922962
0.859134
0.858543
0.867862
0.857374
0.857272
0.857906
0.857453
0.865372
0.857192
0.860360
0.858041
0.860836
0.858461
0.860288
0.879016
0.883279
0.857475
0.863599
0.890919
0.857548
0.857790
0.863706
0.863292
0.857359
0.857152
0.894320
0.859262
0.921347
0.857976
0.926266
0.870312
0.863962
0.858516
0.857212
0.864469
0.857581
0.857754
0.858123
0.862799
0.857213
0.857303
0.857701
0.858945
0.935900
0.931440
0.878795
0.857154
0.859684
0.858268
0.857269
0.872880
0.895998
0.860237
0.892102
0.912826
0.857760
0.859831
0.862552
0.949862
0.858846
0.858433
0.857540
0.857146
0.899310
0.878707
0.883347
0.857219
0.857202
0.857257
0.927006
0.885966
0.857530
0.857399
0.859847
0.876642
0.915860
0.858020
0.931534
0.918697
0.875390
0.858308
0.892608
0.859605
0.895907
0.860883
0.907219
0.860208
0.867145
0.894143
0.857230
0.906667
0.906415
0.857630
0.923449
0.857472
0.857161
0.863737
0.866831
0.858252
0.925835
0.858331
0.859667
0.898970
0.891288
0.932719
0.857713
0.862406
0.858410
0.858938
0.859137
0.867722
0.857364
0.857148
0.857959
0.857954
0.879476
0.858217
0.858029
0.858531
0.900442
0.937772
0.857263
0.858053
0.893947
0.857592
0.875588
0.857182
0.857507
0.857317
0.857513
0.858048
0.903304
0.857222
0.857235
0.860433
0.857579
0.857374
0.857382
0.883847
0.913632
0.866254
0.857901
0.858109
0.874241
0.857562
0.859344
0.858738
0.858007
0.857179
0.857472
0.860819
0.867003
0.859815
0.857519
0.916784
0.857602
0.870501
0.857367
0.857612
0.857132
0.859488
0.857591
0.858442
0.857165
0.865641
0.857311
0.947260
0.857127
0.857633
0.860353
0.888854
0.857291
0.857687
0.861835
0.858349
0.918365
0.857368
0.857418
0.857554
0.857258
0.892156
0.866576
0.857548
0.882946
0.866141
0.857384
0.893405
0.857740
0.863350
0.857290
0.857588
0.857654
0.859308
0.858100
0.857204
0.924494
0.858205
0.936278
0.858264
0.857557
0.857145
0.857238
0.858946
0.857135
0.858551
0.862646
0.857305
0.858116
0.857164
0.863995
0.858989
0.857308
0.858401
0.882644
0.857373
0.858635
0.857111
0.858880
0.857363
0.893550
0.876687
0.857245
0.857551
0.860069
0.866776
0.857620
0.859693
0.858088
0.857815
0.858697
0.857344
0.893139
0.859910
0.858080
0.873968
0.860045
0.912197
0.857364
0.857494
0.858361
0.869332
0.857808
0.894315
0.857674
0.876473
0.858366
0.862795
0.920880
0.857182
0.868276
0.890873
0.859545
0.857343
0.857793
0.857520
0.857526
0.859178
0.861566
0.906141
0.857169
0.857640
0.866291
0.859363
0.857647
0.857485
0.861277
0.894566
0.869346
0.889020
0.857237
0.921075
0.857551
0.866453
0.858278
0.868976
0.857389
0.858312
0.917969
0.857713
0.916574
0.861550
0.901491
0.859279
0.917236
0.898892
0.909860
0.936262
0.861059
0.909617
0.857146
0.899274
0.859287
0.858761
0.857170
0.857209
0.857949
0.857231
0.857394
0.887915
0.872455
0.857287
0.857424
0.857112
0.865524
0.860956
0.857438
0.896636
0.861204
0.857207
0.899504
0.874516
0.857155
0.870912
0.868085
0.862820
0.898010
0.866770
0.857655
0.857166
0.857253
0.861105
0.937883
0.931033
0.857511
0.857277
0.858128
0.867369
0.859398
0.857976
0.897035
0.857264
0.862797
0.884104
0.897347
0.876626
0.881373
0.858573
0.857272
0.897888
0.881190
0.857525
0.893183
0.861232
0.857276
0.859971
0.893497
0.857383
0.858341
0.858553
0.857265
0.858307
0.857916
0.864515
0.869026
0.858218
0.859676
0.857204
0.902280
0.908461
0.860045
0.865267
0.857702
0.857651
0.876380
0.858225
0.858786
0.925937
0.861397
0.857544
0.871147
0.930304
0.904206
0.859184
0.882981
0.888797
0.857727
0.857299
0.862293
0.903793
0.883311
0.857385
0.857537
0.860692
0.911094
0.857536
0.863140
0.857163
0.873771
0.857602
0.857659
0.858445
0.868317
0.863185
0.863129
0.858875
0.858845
0.859925
0.858009
0.857207
0.927720
0.857145
0.858474
0.867611
0.857268
0.857566
0.902164
0.886329
0.860099
0.858683
0.948405
0.857410
0.902170
0.860095
0.858728
0.857244
0.891221
0.891055
0.857660
0.857131
0.857254
0.859210
0.858130
0.859016
0.857425
0.864472
0.860946
0.857613
0.859449
0.938864
0.914137
0.861141
0.860746
0.858773
0.857099
0.891154
0.857237
0.857994
0.933353
0.918739
0.857152
0.895866
0.885338
0.870652
0.860966
0.886605
0.859562
0.900753
0.898568
0.914724
0.858082
0.859121
0.881973
0.858229
0.857523
0.899823
0.859749
0.857525
0.857558
0.857324
0.863279
0.863896
0.876921
0.863761
0.862608
0.857725
0.888711
0.857463
0.857261
0.930689
0.890688
0.857677
0.857235
0.888496
0.860255
0.914592
0.857541
0.865292
0.857258
0.910460
0.879361
0.857801
0.903779
0.857253
0.857141
0.861206
0.858893
0.857237
0.858654
0.907560
0.857378
0.874346
0.859031
0.858471
0.858329
0.859905
0.863566
0.892198
0.877809
0.858980
0.857361
0.890183
0.916180
0.861683
0.865889
0.857684
0.857480
0.905374
0.857794
0.858537
0.908421
0.857682
0.857353
0.857402
0.870677
0.857305
0.857333
0.857857
0.858867
0.859507
0.928548
0.861488
0.862877
0.862184
0.861385
0.857475
0.861782
0.858171
0.857134
0.857187
0.858682
0.870187
0.873017
0.860333
0.862317
0.857249
0.866365
0.857707
0.868209
0.908328
0.857417
0.857545
0.890409
0.859724
0.858155
0.863104
0.862091
0.867630
0.918749
0.906837
0.879750
0.857211
0.864666
0.881967
0.857603
0.936663
0.868160
0.864816
0.878927
0.860357
0.859541
0.857327
0.859884
0.865709
0.895250
0.857355
0.861593
0.861526
0.857469
0.858583
0.857311
0.904938
0.857528
0.864199
0.859519
0.881552
0.857653
0.858328
0.858042
0.885875
0.857366
0.858246
0.918133
0.936740
0.857483
0.857368
0.871126
0.857247
0.857231
0.858954
0.857371
