# 参数名称：backbone.features.9.conv.4.bias
# 参数形状：(384,)
# 参数数据类型：float32
# 参数值（保留6位小数）：
0.000042
0.009070
0.011238
-0.000147
0.001871
0.002595
-0.002118
0.000232
0.000004
0.000988
0.000461
0.010310
0.004350
0.003476
-0.001799
-0.000464
-0.004085
0.004219
-0.003212
0.003857
-0.002769
-0.003846
0.000422
-0.001215
0.002173
-0.001518
0.006875
-0.004075
0.001208
0.000780
-0.002837
-0.000133
-0.000682
0.002703
0.001618
-0.000051
-0.000305
0.008224
0.000249
0.004107
0.001025
-0.001636
0.007061
-0.007925
0.000448
-0.003258
-0.000472
-0.004045
0.003853
0.001078
-0.001059
0.005646
0.000083
-0.002011
0.003235
0.000923
0.004506
-0.003813
0.010302
-0.010550
0.000502
-0.003011
0.004353
-0.001666
0.004029
0.001230
-0.000508
-0.005067
-0.002975
0.003067
-0.000850
-0.000674
0.000538
0.001164
0.001980
-0.007931
-0.005420
0.001025
0.000312
0.002992
-0.005484
0.005029
0.004914
0.002836
0.003237
0.000625
0.003692
-0.002153
0.003076
-0.005187
0.005733
0.007716
-0.005672
-0.003401
-0.003745
0.005969
-0.001663
0.007335
-0.001602
0.007254
0.009418
0.000697
0.001322
-0.002154
0.000305
-0.001367
-0.001338
0.000806
-0.000989
0.002533
0.001701
0.000539
-0.000423
-0.002982
-0.005297
0.004429
0.000770
0.002232
0.001582
-0.003457
0.001153
-0.001144
0.004411
0.007039
0.001041
-0.001260
0.005176
-0.004988
0.002292
0.001618
0.000601
0.000059
-0.002399
0.007324
-0.005128
0.002075
0.008934
-0.000656
0.001663
-0.001243
0.004058
0.009969
0.003377
-0.001728
-0.007844
0.000193
-0.001214
0.002539
0.000323
-0.000636
-0.000286
-0.000021
0.006842
0.001805
0.002564
-0.002934
-0.001425
-0.004513
-0.001814
-0.001114
0.004308
-0.002157
0.002334
0.001312
0.002274
0.001110
-0.000614
-0.000354
-0.001002
-0.000329
0.005367
0.008760
0.005203
0.003475
-0.001048
0.003786
-0.007634
-0.003800
0.007037
-0.005560
-0.001409
0.001565
-0.004067
-0.006874
0.004311
0.000772
-0.002285
-0.004814
0.000833
-0.001564
-0.003116
-0.003182
-0.004176
0.001448
-0.002791
-0.005736
0.006846
0.001717
-0.001724
0.000032
0.008048
0.009546
-0.001337
0.000444
-0.003244
-0.000924
-0.002567
0.001044
0.001797
-0.004914
0.002630
0.000516
-0.003457
0.004081
0.001575
0.004708
-0.003724
-0.006313
-0.000482
0.002434
-0.005185
0.009305
0.000252
0.001247
0.005664
0.005262
0.004544
-0.000219
0.003389
0.004095
0.013183
0.001254
-0.003368
0.002812
-0.001112
-0.005676
-0.000596
0.012656
-0.001808
0.002653
-0.001828
-0.001527
-0.005342
-0.004521
-0.003438
-0.000138
-0.000618
0.006776
-0.010664
-0.000685
0.000987
0.004813
0.003284
0.000806
0.006621
-0.000293
0.000952
-0.004658
0.008326
-0.004350
0.001419
-0.000982
-0.004262
-0.000687
-0.001371
-0.000539
-0.005410
-0.000955
0.001618
-0.000557
-0.002230
-0.000431
0.004932
-0.003382
0.005325
0.002994
0.010215
0.005801
-0.000634
0.006545
-0.000450
0.000573
0.000643
-0.000029
-0.000176
-0.000375
-0.000515
0.001785
0.001617
0.007910
-0.001314
0.004994
-0.000476
0.001963
0.005783
0.003846
0.000850
0.007360
-0.005207
0.003927
0.005018
0.001380
0.002957
-0.004863
-0.002469
-0.001814
-0.001695
0.003068
0.005182
-0.000382
0.008726
0.007966
-0.007241
0.003190
0.007247
0.002609
-0.002813
0.003379
-0.002321
-0.000165
0.001761
-0.005151
-0.002911
0.006726
0.008236
-0.003313
0.008728
0.002352
0.005863
-0.007950
0.000784
0.000701
-0.003630
0.002337
0.003891
0.000627
-0.002272
0.004161
0.004724
-0.003746
-0.000669
0.002717
-0.000506
0.002990
-0.000707
-0.004956
-0.004260
-0.002257
-0.007202
-0.003954
0.002121
-0.001929
0.001939
-0.004693
0.004026
-0.002983
0.001435
-0.001303
0.000539
-0.005541
-0.001196
0.000442
0.001336
0.008258
0.005464
-0.003527
0.000473
-0.000992
-0.002537
-0.000818
0.001110
-0.003018
-0.003287
-0.002712
0.000955
-0.001369
-0.003705
0.002542
-0.000196
0.006626
0.002446
-0.007500
0.007139
0.002977
