# 参数名称：backbone.features.11.conv.1.running_var
# 参数形状：(384,)
# 参数数据类型：float32
# 参数值（保留6位小数）：
1.575883
1.278357
1.234817
1.201352
1.110269
1.818244
0.988034
1.139979
1.052541
1.291721
1.663639
1.777759
1.174140
2.040551
1.728476
1.459237
0.783993
1.507348
1.708052
2.506587
1.150849
2.663330
1.254467
1.222246
1.305583
1.319865
1.522126
2.081442
1.404843
0.747597
1.334630
1.598733
1.234110
1.697981
1.670889
0.920110
1.058447
2.173547
1.538080
1.531348
1.317947
1.823058
1.700821
1.677132
3.664094
2.657707
1.681642
0.873481
1.338045
1.738835
1.387148
1.810936
1.937851
2.489109
2.204151
1.085302
1.387522
1.956417
1.249693
1.333893
1.256257
1.966679
1.318354
1.569574
0.985749
1.297317
1.726024
1.099124
1.620981
1.434349
1.564237
1.376600
1.447331
2.059380
1.330741
1.656271
2.371141
1.253075
1.437729
1.262449
1.431508
1.355932
1.196500
1.327399
0.980138
2.901903
0.930696
1.571097
1.152317
1.391015
0.967691
2.801012
1.868496
1.469007
2.251016
1.185369
2.469124
1.822214
1.307166
1.728704
0.894385
1.007865
1.327873
1.304872
1.483360
1.213337
1.620240
1.239186
0.936558
1.988749
1.502619
3.041065
0.973282
1.204747
2.241600
1.115014
1.669667
1.541488
1.672028
1.598823
1.938518
1.842854
1.643421
1.168882
1.480894
1.688062
1.092506
0.753448
0.950525
1.838884
3.098065
2.769609
1.090501
2.023082
1.964648
1.766756
2.249264
1.813290
1.260492
1.459351
1.259642
1.271533
2.498048
2.369778
1.256964
1.896406
1.593644
1.459417
1.330887
1.680434
2.795222
1.284568
1.175316
2.103739
1.316603
1.933710
1.885697
2.024605
1.091797
2.057976
1.868665
1.435730
1.414829
1.834400
2.107599
1.365959
1.000662
1.364858
1.888358
1.613540
2.292455
0.945883
1.261725
1.066012
1.490510
1.639179
1.824094
1.710607
1.426058
1.083921
1.794379
1.999102
1.647763
1.856600
1.916595
1.896120
1.561944
0.973398
1.404318
1.343791
1.632355
1.631888
1.658665
1.413160
0.773313
1.782823
1.026563
1.939035
1.325617
1.722328
2.141906
1.711486
1.447499
1.213413
1.230377
2.789865
1.098455
1.088045
1.462755
1.924810
2.115475
0.802040
1.903823
1.149746
1.093446
1.216271
1.366937
1.502692
0.984416
1.095830
1.432872
1.653811
1.481476
2.391436
2.079483
1.488670
2.060414
1.567911
1.983660
1.927833
1.659570
1.952392
1.291947
1.795887
2.346678
1.361236
1.567821
1.450952
0.912691
1.230731
1.653163
1.304877
1.862171
1.253723
1.332703
1.398949
1.257763
1.329264
1.592856
1.783687
1.504889
2.074537
1.012953
2.223837
2.012343
1.494488
1.816815
2.661231
1.420957
2.003315
1.144019
1.288691
1.074412
1.933730
1.823846
2.645617
2.008303
0.835750
0.969243
1.547577
1.152800
1.638793
1.058728
1.674391
1.629637
2.326251
1.518455
1.742779
1.770240
1.386798
1.798519
1.850987
1.367965
2.938579
1.571770
1.453934
1.055956
2.087681
3.695310
1.617495
1.131684
1.591819
1.327943
3.084640
1.109864
1.972623
1.756669
3.319217
1.690788
1.640520
1.879279
1.550058
2.161646
1.931006
1.269515
1.880408
1.908982
1.427621
1.893217
0.816873
1.658950
1.278264
1.166046
1.928153
1.870090
1.432150
2.599297
1.955065
1.685499
2.097588
1.608459
1.680095
1.378121
1.287551
1.434322
1.154362
2.507231
1.546705
0.797563
1.633761
1.080812
1.727302
1.623642
2.910394
1.806316
1.399686
1.310815
1.725158
1.027695
2.018800
1.413295
2.120852
1.204186
2.942162
1.473687
1.172840
2.163967
1.604415
1.631949
1.214036
1.492027
1.217917
0.826158
1.516553
1.863077
2.202463
1.373317
1.726654
1.411410
1.614274
2.231684
1.157853
1.276071
1.185858
2.552638
1.912310
1.362224
1.424037
0.981578
2.041120
1.670012
1.155971
1.036387
1.313609
2.587450
1.331074
1.994141
2.014451
1.431913
1.208662
1.210981
1.628706
1.154443
2.057518
