# 参数名称：backbone.features.12.conv.4.running_var
# 参数形状：(576,)
# 参数数据类型：float32
# 参数值（保留6位小数）：
0.001500
0.000833
0.000783
0.003226
0.000833
0.000292
0.000812
0.001872
0.001085
0.000860
0.001989
0.000672
0.002962
0.001422
0.000976
0.001217
0.000449
0.000514
0.001717
0.000892
0.001214
0.001573
0.000973
0.001459
0.002527
0.000784
0.000606
0.000976
0.000407
0.000234
0.000623
0.001815
0.001486
0.005037
0.000550
0.000194
0.001653
0.003347
0.002437
0.000644
0.003690
0.000712
0.002057
0.001489
0.001875
0.001230
0.000830
0.002393
0.000741
0.000206
0.001210
0.000449
0.000697
0.004174
0.001679
0.001368
0.000740
0.001512
0.001069
0.000925
0.000725
0.001703
0.000961
0.001768
0.000840
0.001215
0.003254
0.002471
0.000289
0.000726
0.002013
0.002691
0.000392
0.000787
0.000773
0.002055
0.000363
0.000806
0.001243
0.000157
0.001810
0.000557
0.000691
0.000392
0.001045
0.001508
0.001676
0.000965
0.001383
0.000568
0.000726
0.001612
0.000987
0.001877
0.004613
0.000471
0.001508
0.001498
0.001007
0.000112
0.002233
0.000468
0.001745
0.000758
0.003568
0.000338
0.001138
0.002446
0.001921
0.000774
0.002243
0.000357
0.001730
0.000765
0.000501
0.001071
0.001751
0.002265
0.001374
0.000933
0.001172
0.000734
0.000605
0.002269
0.001677
0.000377
0.000712
0.001004
0.000798
0.000505
0.002761
0.000945
0.000214
0.001238
0.002254
0.001018
0.000503
0.001051
0.001784
0.001024
0.002996
0.000770
0.000570
0.000737
0.001467
0.000797
0.001045
0.002524
0.000248
0.000542
0.000969
0.001042
0.002147
0.000249
0.000599
0.000274
0.000427
0.000382
0.000744
0.001999
0.001831
0.000688
0.001345
0.001595
0.002113
0.000767
0.000909
0.000549
0.001547
0.002461
0.000515
0.003472
0.000859
0.000290
0.000654
0.000181
0.000594
0.001177
0.001318
0.001010
0.000536
0.001978
0.000482
0.000921
0.000223
0.000564
0.000375
0.000487
0.001032
0.001613
0.001696
0.000424
0.000721
0.000530
0.000793
0.000511
0.000260
0.002241
0.000608
0.000425
0.001117
0.001069
0.003192
0.000402
0.002813
0.001506
0.001962
0.002418
0.004076
0.001047
0.000421
0.003285
0.000146
0.001905
0.000419
0.001223
0.000786
0.002543
0.000641
0.002312
0.000646
0.001782
0.000434
0.000440
0.002145
0.000426
0.000461
0.000825
0.000507
0.000580
0.000619
0.000921
0.001616
0.001786
0.000543
0.000644
0.000418
0.003896
0.001179
0.000736
0.000514
0.000641
0.002750
0.000535
0.001297
0.000772
0.002271
0.000397
0.000892
0.001213
0.001143
0.002126
0.000220
0.003153
0.000419
0.000837
0.000380
0.001775
0.000242
0.001130
0.003743
0.000930
0.000201
0.001354
0.000607
0.002697
0.001128
0.000726
0.004683
0.000886
0.000534
0.001243
0.000782
0.002476
0.000897
0.001857
0.000545
0.001555
0.000855
0.000843
0.002574
0.000510
0.000452
0.000517
0.000679
0.001736
0.002781
0.003237
0.000557
0.000433
0.001444
0.000425
0.000367
0.000594
0.001390
0.001207
0.001034
0.002226
0.001924
0.000155
0.000263
0.000765
0.000614
0.000951
0.001987
0.001215
0.001102
0.000752
0.000450
0.000722
0.000567
0.000449
0.002045
0.000949
0.000870
0.000328
0.001198
0.001055
0.001044
0.002144
0.001166
0.000881
0.001693
0.001468
0.000332
0.000444
0.000203
0.002433
0.001138
0.000743
0.000650
0.001177
0.000614
0.000356
0.000530
0.001191
0.001281
0.003729
0.001092
0.002050
0.000520
0.001960
0.001872
0.000747
0.000416
0.000869
0.001621
0.000468
0.000440
0.001019
0.002461
0.001229
0.002411
0.002082
0.000492
0.000739
0.000263
0.000773
0.000669
0.000346
0.002067
0.000318
0.002254
0.000797
0.002384
0.000497
0.000948
0.000322
0.001281
0.000854
0.000310
0.003896
0.000516
0.001762
0.000602
0.000559
0.001265
0.004180
0.001035
0.002454
0.000198
0.001328
0.001264
0.000964
0.002218
0.000456
0.003044
0.000417
0.000349
0.001140
0.000298
0.000890
0.001476
0.002550
0.001781
0.002135
0.000722
0.000558
0.000405
0.000946
0.001139
0.001410
0.000561
0.000397
0.000258
0.000635
0.003128
0.002639
0.000199
0.002299
0.001256
0.000743
0.000707
0.002240
0.004460
0.001146
0.000941
0.000379
0.002062
0.000859
0.001615
0.000274
0.001066
0.001683
0.000879
0.000238
0.000658
0.000568
0.002095
0.000280
0.002199
0.003091
0.001405
0.000862
0.000338
0.001572
0.002335
0.000360
0.001071
0.000426
0.000538
0.001192
0.002084
0.001007
0.001446
0.000914
0.001403
0.001689
0.000951
0.000425
0.000441
0.000776
0.003899
0.013084
0.001786
0.000509
0.003252
0.001731
0.000306
0.000201
0.001514
0.000421
0.002179
0.000124
0.001483
0.000668
0.002317
0.001322
0.000410
0.000979
0.001015
0.000417
0.003853
0.000724
0.000368
0.000500
0.001742
0.000491
0.000478
0.003198
0.002624
0.000965
0.000668
0.000581
0.000254
0.001512
0.000450
0.000542
0.001891
0.001380
0.001861
0.000573
0.001567
0.001215
0.000690
0.005185
0.001032
0.000649
0.001356
0.000647
0.000394
0.000918
0.004516
0.000429
0.000361
0.000534
0.000358
0.002172
0.001882
0.002821
0.001905
0.000317
0.000923
0.002752
0.000440
0.001315
0.000668
0.001693
0.000455
0.000593
0.001001
0.000611
0.001707
0.004347
0.000630
0.000947
0.000754
0.000540
0.001228
0.000513
0.000586
0.000273
0.001029
0.004170
0.000882
0.001184
0.002102
0.000830
0.000378
0.000323
0.001399
0.000305
0.000306
0.000443
0.000977
0.001495
0.001664
0.000219
0.000792
0.001334
0.002304
0.002260
0.001080
0.000513
0.000447
0.000481
0.000559
0.002562
0.002145
0.001555
0.000737
0.000529
0.000560
0.002115
0.001433
0.001701
0.002634
0.000973
0.000943
0.000408
0.000525
0.001525
0.000406
0.000749
0.001287
0.000126
