# 参数名称：backbone.features.10.conv.3.weight
# 参数形状：(384, 1, 3, 3)
# 参数数据类型：float32
# 参数值（保留6位小数）：
-0.026090 0.010496 0.009043
0.006998 -0.032647 0.012551
0.007891 -0.018032 0.004967
-0.004262 -0.038358 0.024463
-0.006949 -0.031708 0.017048
-0.048550 -0.022548 0.031316
-0.032062 -0.016090 0.017123
0.043180 -0.013885 0.033791
-0.011255 0.006037 0.008543
0.019061 -0.014305 0.034442
0.001122 -0.010131 0.013744
0.000666 -0.001273 -0.016634
0.002814 -0.061439 -0.028064
-0.020618 -0.002382 -0.026849
0.021589 0.024103 0.007895
-0.015560 0.002642 -0.010056
-0.027312 0.005335 0.034701
-0.054612 -0.010379 -0.040220
0.004758 0.017191 0.024791
-0.033558 0.025664 -0.003153
0.002849 0.032505 0.023547
-0.006885 0.000793 0.014841
0.024267 0.012786 -0.071793
0.018019 -0.053487 -0.014391
0.025248 0.007743 0.047366
0.031156 -0.023153 0.026784
0.016777 0.007847 -0.029626
-0.008220 0.024477 -0.009842
0.020857 -0.011459 0.044234
0.005291 0.009178 0.046081
0.005694 -0.011802 -0.015141
-0.002838 -0.037648 -0.017199
-0.029529 0.029132 0.043706
-0.016585 -0.007739 -0.005393
-0.008255 -0.009945 -0.012091
0.013397 0.008012 0.035736
-0.007527 -0.037263 0.000143
-0.018342 0.033013 -0.036665
-0.024756 -0.033247 0.016833
0.038599 0.014384 -0.021027
-0.002194 -0.000194 0.022609
-0.014043 -0.008218 0.020384
0.036358 -0.008334 0.026595
-0.019867 0.006954 -0.015917
0.027197 0.013258 0.035957
0.006458 0.013314 -0.033231
0.004573 0.026315 -0.004338
-0.032953 0.041411 0.005946
0.004216 -0.021436 0.036496
-0.006272 -0.030624 0.035924
-0.019011 0.000236 -0.025548
-0.018732 -0.014054 0.001166
-0.004554 0.041939 0.044086
-0.022978 0.004411 0.017676
-0.001564 -0.005054 0.014431
0.004298 -0.015974 0.031143
-0.011833 -0.011505 -0.000351
0.004936 -0.005713 0.008891
0.020126 -0.014325 -0.009584
0.038941 -0.050811 0.006855
-0.003929 0.002952 -0.004240
0.014747 -0.012843 0.019441
-0.022206 0.001992 0.022689
0.037819 0.020027 -0.004482
0.019664 0.029761 -0.008123
0.014565 0.020396 -0.033114
0.050803 0.033473 -0.017764
0.023456 -0.026205 -0.039838
0.035746 0.000557 0.013873
0.007287 -0.022986 0.028317
-0.017368 -0.004665 0.000261
-0.008948 -0.037814 0.002457
0.021167 -0.025004 0.022156
-0.038795 0.017603 0.057888
-0.005703 0.014910 -0.011571
-0.033041 0.017405 0.010127
0.021754 0.005763 0.018589
-0.000631 0.024702 0.017091
-0.031344 0.079529 -0.012960
-0.002990 -0.001281 -0.022512
0.016127 0.013669 -0.016522
0.004338 -0.003712 -0.030803
-0.060283 -0.035919 -0.018449
-0.004899 -0.035680 -0.043941
-0.030810 0.017962 0.026302
-0.006182 0.006332 -0.023892
0.008237 0.011902 -0.030541
0.033859 0.003440 -0.009595
-0.010586 0.015325 0.012316
-0.001699 0.017884 0.035015
0.043145 0.028676 0.000687
0.019792 -0.028725 0.018422
-0.007953 -0.014111 0.035226
-0.013856 0.016515 -0.025873
0.032219 0.026643 0.015892
0.003341 0.009776 0.037586
-0.030461 0.003360 -0.018010
0.024072 -0.018332 -0.010126
0.051859 0.020396 0.017104
-0.003116 -0.008240 0.014292
-0.014355 0.009034 0.013530
0.021526 0.017220 -0.029762
0.028297 -0.033016 0.003515
0.037330 -0.019019 0.003162
0.009158 -0.009974 -0.026137
0.009410 -0.006574 -0.038467
-0.016020 0.058382 -0.026462
-0.018844 0.018071 -0.006114
-0.050878 0.002990 0.000829
-0.006171 -0.032317 0.003023
0.021727 -0.019919 -0.026055
-0.042664 -0.017883 0.004829
-0.022580 -0.014456 -0.026877
0.018311 -0.001782 0.012171
-0.047694 0.012382 0.016597
-0.012736 0.014992 -0.012059
-0.002043 0.026901 -0.030310
-0.007372 0.013059 0.042619
-0.019582 -0.012459 -0.026266
-0.033821 -0.021038 -0.015400
0.026574 -0.020045 0.014206
-0.001953 0.017087 -0.012858
-0.029248 0.039789 0.003239
0.026686 0.012967 0.007977
-0.012056 -0.014868 0.005481
0.020769 0.005236 0.004501
-0.020022 0.009980 -0.003877
-0.038466 -0.013994 -0.015062
0.034894 -0.006612 -0.008435
-0.025497 -0.038340 -0.025756
0.003724 0.011379 0.010740
0.011042 0.030360 0.045753
-0.019114 0.025923 -0.009224
0.027666 -0.025828 -0.013041
-0.007948 -0.005253 -0.001687
0.009167 -0.006315 0.030555
-0.005771 0.021973 0.013050
-0.001199 -0.015920 -0.028188
-0.019851 0.023928 -0.010531
0.030051 0.019220 -0.016345
0.014740 0.011733 -0.019465
-0.022611 -0.023242 0.002890
-0.014077 -0.022687 0.011780
-0.061322 0.018032 0.033391
-0.013095 0.046961 -0.013695
0.021542 0.011653 -0.039458
0.008168 -0.004580 0.001373
0.000336 0.030378 0.016324
-0.001558 -0.031913 0.040084
0.012223 0.012136 0.015989
0.012067 -0.041757 -0.036131
-0.007609 0.007360 0.005734
-0.009009 0.067978 0.038593
-0.002329 -0.017185 -0.023163
0.010783 0.014430 0.042976
-0.029128 -0.012351 -0.008213
-0.052693 0.036536 0.039262
-0.018692 -0.001023 -0.023402
-0.016629 0.011948 -0.046203
0.019587 0.024011 0.029755
-0.011056 -0.046259 -0.047652
-0.004930 -0.031895 -0.003622
-0.006068 -0.020460 -0.047481
0.025024 -0.020444 0.023796
0.023069 0.019285 -0.030140
0.005152 -0.020949 0.032322
0.042773 0.019973 -0.022602
-0.015894 -0.010093 0.008939
0.012292 -0.031133 0.010233
0.040655 0.005512 0.041234
0.005587 -0.002026 -0.011303
0.011263 0.058498 0.003986
-0.041680 -0.014072 0.008083
-0.018601 0.017602 -0.041728
-0.039741 -0.011278 0.014160
0.010537 -0.060971 -0.022328
-0.008901 0.005518 -0.021286
0.029883 0.001874 0.028095
-0.025170 0.022658 -0.029412
0.014057 -0.002650 -0.001915
-0.010739 -0.004842 0.033959
-0.033646 -0.016633 0.023478
0.018850 0.010150 -0.041033
-0.031697 -0.021042 -0.016103
0.001088 -0.002818 -0.006898
0.041817 0.005853 -0.018127
0.043910 0.024677 -0.002399
0.045290 0.010218 0.024157
-0.019163 0.007015 0.001553
0.021869 0.009873 -0.004989
0.026399 0.011438 -0.020007
-0.013275 -0.019609 -0.018525
0.006280 -0.005484 0.017958
0.004805 0.001515 0.005506
0.018849 0.014797 -0.067633
0.011658 0.051034 0.004165
-0.009893 -0.008585 -0.035809
0.034932 -0.035337 0.055284
-0.006667 -0.013827 -0.017070
-0.029810 -0.000019 0.036920
-0.007534 -0.000904 -0.044050
-0.020013 -0.027614 0.015153
-0.001513 0.000988 0.038873
-0.002041 0.014930 0.017346
0.010916 0.001353 -0.023901
-0.039298 0.016780 -0.015602
-0.033279 -0.031421 0.005423
-0.022361 -0.017225 -0.006876
0.024846 0.014512 -0.026603
-0.008685 -0.012936 0.002016
-0.009880 -0.002868 -0.017032
0.025596 -0.024194 -0.053363
-0.018856 0.030510 0.023061
0.005582 0.007609 0.026229
-0.009171 -0.011738 0.012747
-0.021749 -0.008409 -0.011860
0.011949 -0.046744 -0.007765
0.032282 -0.008168 0.001963
-0.030304 -0.019972 -0.002759
0.021249 0.001028 -0.030367
0.029072 -0.017690 0.007654
0.017374 -0.026799 -0.053058
0.015722 0.025197 0.014744
-0.007022 0.005054 0.004761
0.020622 -0.008170 -0.024610
0.011625 -0.004843 0.015591
0.000398 -0.018882 -0.023701
-0.016783 0.049988 0.018821
0.028306 0.019819 0.032825
0.008455 0.018042 0.013145
-0.003088 0.004711 0.012786
0.046606 0.014616 -0.003150
0.015493 0.014054 0.026198
-0.032322 -0.000266 0.015319
-0.005617 -0.016421 -0.009457
-0.039557 0.019178 -0.000977
0.012249 0.003311 -0.010419
0.001772 -0.002125 0.003869
0.034406 -0.003231 0.016793
-0.015868 0.000080 0.019780
0.019025 0.034379 0.010975
-0.010824 0.021057 -0.008165
0.005397 0.017951 -0.039164
0.015647 0.036776 -0.027577
0.020326 0.007166 0.010131
-0.003385 -0.016846 0.045399
0.006514 0.016648 0.010455
-0.026631 0.006155 -0.025706
0.008335 -0.023802 0.004392
0.027119 -0.030407 -0.039976
-0.020398 -0.011943 -0.007518
0.044685 -0.015665 -0.003343
0.002059 0.014639 0.021930
0.003096 -0.012254 -0.026516
-0.000029 -0.022059 0.023226
-0.013420 -0.007131 0.009188
0.032463 -0.022877 0.029434
-0.045518 0.023468 -0.002386
0.027294 0.011764 0.002601
-0.002491 -0.004484 -0.017853
0.015777 -0.001265 -0.037666
0.031883 -0.017336 0.021643
-0.009845 0.032546 0.001818
-0.033085 -0.000867 0.019253
0.002595 0.017065 -0.025994
-0.048127 -0.010482 0.016031
0.040468 -0.022095 -0.029216
0.031607 0.011006 0.005968
-0.022990 0.013574 0.026112
0.003586 0.028620 -0.002844
0.045310 -0.012240 0.016129
-0.010026 -0.033489 0.059270
0.064000 -0.017639 0.020125
-0.018002 0.034904 0.013302
0.005308 -0.005092 -0.008231
-0.007639 0.006717 0.001086
0.013462 -0.008438 -0.018998
-0.003192 -0.036167 -0.010968
-0.018027 -0.000259 -0.017040
0.019942 -0.047203 -0.023783
0.038515 -0.003554 0.016612
-0.002555 -0.048554 -0.007679
0.018707 -0.027624 -0.007455
0.015456 -0.004307 0.011560
-0.010583 -0.011130 0.006716
-0.001875 -0.023156 -0.003953
-0.027251 -0.010860 0.045851
0.017506 0.022940 0.025478
0.049058 0.028319 -0.000069
-0.006769 -0.017083 0.023903
-0.007480 0.016151 0.006596
0.014458 0.011330 -0.014983
0.009187 0.031586 0.025375
-0.020095 -0.047297 0.019125
-0.012059 0.038310 -0.019406
0.005133 0.007476 0.055438
-0.003870 -0.021069 -0.018614
-0.014646 0.022084 0.029249
-0.023403 -0.002671 0.049679
0.004022 0.015264 -0.008160
-0.038611 -0.029464 0.000791
0.017034 0.004914 0.020029
-0.005103 -0.022534 0.015836
-0.021021 -0.017116 -0.036478
0.018755 0.028459 0.020272
0.008536 0.020916 -0.006352
-0.003428 0.020667 0.010614
-0.009258 0.016216 -0.003310
0.038209 -0.039019 0.001775
0.031201 0.028533 0.017185
-0.026762 -0.042328 0.007390
0.014413 0.007122 -0.029747
0.023683 0.029232 0.035246
-0.029009 0.040479 -0.009133
0.024325 0.016591 0.033834
0.014899 0.027947 -0.000485
-0.017868 0.001295 0.010549
0.044692 0.008727 0.014495
0.024230 -0.004240 0.019621
0.018305 0.001928 -0.042777
-0.003991 0.033617 0.002941
0.022278 -0.000843 -0.011198
-0.002412 0.020317 0.038513
0.002016 0.028865 0.008544
0.044361 -0.015056 -0.039754
-0.017719 -0.008243 -0.012018
0.020215 0.063183 0.015288
0.011578 -0.005225 -0.001603
0.030564 -0.026597 0.007808
-0.023953 0.023062 0.018873
0.018884 0.016005 0.016537
-0.018085 0.031236 -0.001224
0.008886 0.046094 -0.043643
-0.002529 0.012184 0.014432
0.047669 -0.026775 0.009047
-0.021019 0.020655 0.048877
0.009200 0.027800 -0.003730
-0.018705 0.015765 0.011369
-0.024156 0.009721 0.018350
0.012337 -0.026929 -0.017418
0.000068 -0.034252 0.001740
0.041063 -0.004393 -0.007157
-0.002209 -0.003145 -0.011618
-0.035649 0.043963 0.008588
0.019752 0.020197 0.030117
0.019846 0.023266 0.045775
0.024215 -0.035685 -0.001746
0.008186 -0.005423 0.022196
-0.028321 -0.018432 0.006987
0.012173 -0.005102 -0.048055
0.024335 -0.000398 0.032093
0.004025 0.050989 -0.018876
-0.008075 0.012154 0.044045
0.010904 -0.021260 -0.034082
-0.024727 -0.036670 -0.011649
0.025357 0.003197 -0.002754
0.004667 -0.008687 0.025642
-0.010326 0.004739 0.042336
-0.011680 0.008179 -0.011192
0.006608 -0.020109 -0.012158
0.016178 -0.018352 0.010619
-0.000617 -0.007530 0.005784
-0.000671 -0.009814 -0.012697
0.048598 0.054744 -0.001725
0.038373 -0.029463 0.032827
-0.025135 0.020462 -0.013625
0.019659 0.032937 -0.043607
-0.013889 -0.008021 -0.011479
0.019579 0.006059 -0.048302
-0.048872 -0.018564 -0.026043
-0.038582 0.004887 0.039454
0.059769 0.005766 0.014911
0.048269 -0.013214 0.000169
-0.011693 -0.002852 0.009784
0.000628 -0.020169 -0.025069
-0.023695 -0.012929 -0.021495
0.000734 -0.013865 -0.022838
0.031526 0.003333 -0.014369
0.015839 0.033230 -0.002480
0.036976 0.004769 0.064464
0.010097 -0.027411 -0.031269
0.001911 0.005849 0.006410
-0.062098 -0.013570 0.011939
-0.007652 -0.004047 0.033018
0.046101 0.029948 -0.033676
-0.065158 -0.014327 0.024741
0.051070 0.017021 0.033446
-0.000322 -0.026616 -0.001453
-0.041225 -0.012330 -0.011628
-0.001077 0.000679 -0.040869
0.026588 -0.032898 0.002376
-0.006917 -0.009497 -0.012662
0.020697 0.025756 0.025234
-0.038596 -0.014382 0.003252
-0.026472 -0.008762 -0.008308
-0.009048 0.002262 0.026836
-0.004365 0.013316 -0.014737
0.061923 0.027209 0.017668
0.011461 0.006707 0.005456
0.037828 -0.027526 -0.006497
0.011359 -0.008694 -0.012546
0.029232 0.019743 0.010412
0.001541 0.005591 0.014276
-0.000932 -0.024553 -0.010235
-0.006778 -0.012069 0.026296
-0.038474 -0.016772 0.023032
-0.026772 -0.010512 0.000170
0.066867 0.021260 0.000353
0.022606 -0.034593 0.013770
0.034172 0.034808 0.005299
-0.000510 0.037806 0.003709
0.003977 0.010166 -0.021816
0.032038 0.028989 -0.010371
0.019499 0.057286 -0.014185
0.046516 0.008433 0.006056
0.015561 0.017236 0.017867
-0.005187 -0.002892 -0.000681
-0.028627 -0.001450 0.004080
-0.000271 0.023449 -0.021437
0.030899 0.006776 -0.017713
-0.009416 0.038520 -0.007299
0.012447 0.062893 -0.015516
-0.018278 -0.001628 0.017035
0.015283 0.014467 0.014410
0.028932 0.044019 0.016074
0.030182 0.014629 0.043148
0.023696 0.007958 0.029514
-0.036556 0.032393 -0.038812
-0.002642 0.045329 0.001783
0.030725 0.027458 0.011346
0.021371 0.013516 0.028531
0.044024 0.014580 -0.020850
0.014409 0.041175 0.005063
0.017432 0.047354 -0.012506
0.017991 -0.012891 0.012829
0.008223 0.007297 0.025070
-0.034921 0.008836 0.007893
0.026782 0.016399 -0.013318
0.026118 -0.007426 0.007123
0.010181 -0.036789 0.028055
0.042652 -0.024254 0.004881
0.013253 -0.011332 0.002727
0.019198 0.028244 -0.002411
0.003324 -0.026702 -0.015465
0.018253 -0.018186 -0.020057
-0.000951 -0.012348 0.044621
-0.017570 0.003203 -0.012462
0.016684 0.030506 -0.031770
0.013480 -0.035763 0.003525
0.019318 -0.035744 -0.017330
0.009602 0.001489 0.016475
-0.064617 0.035968 0.005122
0.005409 0.030264 -0.007496
-0.030443 -0.033964 0.030944
0.020231 -0.009529 -0.015097
0.000904 -0.002488 0.001065
0.021172 0.010722 0.016908
-0.005550 -0.027276 0.002933
0.003151 0.066403 -0.013063
0.010514 -0.005679 0.007265
0.006388 -0.018722 -0.003912
-0.020787 0.020173 0.022520
0.006727 -0.013714 -0.004718
-0.023837 -0.002536 0.000510
-0.030715 0.041653 -0.011727
-0.031493 -0.013526 0.051382
-0.024164 -0.021106 0.011010
0.007079 -0.034658 -0.001786
-0.022870 0.009432 0.007525
0.012830 -0.048465 0.010134
-0.011211 0.003295 -0.001112
0.015732 -0.008081 0.032755
-0.035615 -0.049133 -0.020235
0.025320 -0.031932 -0.001215
0.006955 -0.014182 0.011340
0.004327 0.045747 -0.005848
0.005416 0.015851 -0.032858
-0.010311 -0.024282 0.015435
0.038307 -0.026166 0.010109
-0.024962 -0.006942 -0.015927
0.017798 0.014439 0.000056
0.034842 0.023250 0.040030
-0.000029 -0.041852 0.022988
-0.029535 -0.027367 -0.028741
-0.036342 0.001449 0.012158
-0.019179 -0.032574 -0.009503
-0.059951 0.013030 0.047836
-0.029676 -0.004521 0.012782
0.006129 -0.013179 -0.039373
-0.019728 0.017537 0.013561
-0.015901 0.026236 0.001470
0.000022 -0.010107 -0.021060
0.011459 -0.010621 -0.011828
0.009084 -0.017771 -0.035243
0.039553 0.003782 0.024108
-0.007845 -0.008314 -0.019620
0.002474 0.057717 0.001193
0.004151 -0.001231 0.005772
0.015578 0.024316 0.006475
0.011756 0.019248 0.055495
-0.006303 0.007101 0.044219
0.047940 0.002877 0.029768
0.012410 0.007182 0.006670
-0.001232 -0.003568 0.009842
0.015728 0.065208 0.029440
0.013901 -0.010905 -0.016457
-0.042458 0.013384 0.034356
-0.023724 -0.021899 -0.003030
0.007484 0.030368 0.048490
-0.037329 -0.006194 0.014921
-0.018491 0.074537 0.031613
0.000823 -0.001824 0.015772
-0.045476 -0.024225 -0.021900
0.000984 -0.021217 0.015697
0.001861 0.009004 -0.022929
-0.016189 0.010971 0.030985
0.019437 -0.020239 0.007695
-0.023810 -0.004962 -0.033237
-0.027838 -0.014829 -0.005589
-0.021092 0.035386 0.044912
-0.006030 0.025793 -0.028054
0.024019 0.014985 -0.026190
0.019888 -0.010418 0.040991
0.028044 -0.003167 -0.023326
-0.015345 -0.013499 -0.022459
-0.024873 -0.002817 -0.019740
0.036837 -0.012956 -0.009770
0.021385 -0.011517 -0.008866
-0.005704 0.005648 0.020795
-0.020852 0.067784 0.000801
-0.043857 -0.021035 0.014292
0.022659 0.009771 -0.026717
0.004383 0.012956 -0.047029
-0.018545 0.025180 -0.011521
-0.003858 -0.039375 0.026078
-0.039493 0.006303 0.015721
0.002617 -0.035639 -0.009997
-0.022815 0.014308 -0.016163
-0.006281 -0.025381 -0.011674
-0.057464 0.007564 0.016253
-0.029042 0.054734 -0.003429
-0.041162 -0.019946 -0.034238
0.050127 0.021647 0.012466
-0.025504 0.032750 -0.011696
0.002942 -0.034707 0.009736
-0.011385 -0.026278 0.005462
-0.020109 0.024597 -0.045136
0.001867 -0.012980 0.015028
0.011770 -0.022626 -0.032719
-0.007609 0.007256 0.019459
0.091079 -0.034446 -0.018308
-0.003005 0.025663 0.007506
-0.029077 -0.000255 -0.035976
0.014536 0.003599 -0.034393
-0.020539 -0.006827 -0.004048
-0.044363 0.016163 0.009397
-0.018908 0.003252 0.005478
0.005568 -0.030899 0.008462
-0.008719 0.014623 -0.039836
0.041494 0.022454 0.012683
0.026530 -0.055848 -0.038900
0.009604 0.010352 -0.021835
0.040473 -0.000700 -0.014788
0.033603 0.029534 -0.021806
0.035873 0.022123 0.027127
-0.007390 -0.037795 -0.003476
0.006261 -0.006907 0.023927
0.025763 -0.023890 0.050817
-0.047270 -0.025638 0.012299
0.028135 0.012641 -0.037329
-0.012223 0.040381 -0.033776
0.014169 -0.006950 -0.008525
-0.036726 -0.031806 -0.007850
-0.057735 0.006073 -0.007415
-0.029250 -0.000529 -0.026928
0.016809 -0.023951 0.025187
-0.024186 0.003182 0.000722
0.012386 0.012088 -0.043023
-0.041244 0.001594 0.043039
-0.018541 0.010284 0.015094
0.002325 -0.003498 -0.023292
0.012112 -0.011785 0.034094
-0.043079 0.055601 0.010261
-0.026718 0.012859 -0.026499
-0.039697 -0.001187 0.019104
-0.012346 0.018461 0.023730
0.011625 0.009581 0.029162
-0.035201 0.044563 0.036683
-0.034589 0.028650 -0.049779
0.011050 -0.013531 0.041259
-0.064581 -0.016860 0.013077
0.014047 0.000821 -0.005975
0.004687 0.002878 -0.030527
-0.038416 -0.021479 -0.001733
0.022561 -0.027830 -0.018357
-0.013425 -0.033149 -0.009668
0.006588 -0.025733 -0.006195
-0.052083 -0.006205 0.002923
0.002722 0.000574 0.035820
0.002687 0.000960 -0.005080
0.007624 0.030030 -0.009911
-0.004196 0.035133 0.020009
0.002082 -0.019969 0.008380
-0.015968 0.026531 -0.035551
-0.028656 -0.033315 -0.003769
-0.011751 0.007336 -0.026466
-0.030714 -0.001102 0.000097
0.035461 0.002235 0.035874
0.000203 0.018653 -0.027249
0.002390 0.024734 0.016371
-0.002108 0.028387 -0.006625
0.011679 0.037378 0.012108
0.012780 0.058049 0.026938
-0.016906 0.007794 0.029889
-0.016984 -0.004548 -0.028599
0.000391 0.013081 -0.022267
0.001363 -0.038417 0.024312
-0.020464 0.013086 -0.033301
-0.019258 -0.006767 0.008372
0.019786 -0.053180 -0.033152
0.020933 0.010417 -0.011124
0.037147 0.020165 0.066736
-0.000292 0.004989 0.019382
-0.036361 0.001962 -0.015184
-0.008726 -0.013906 -0.024625
0.012511 0.044277 -0.059389
-0.018205 -0.033428 -0.013845
-0.000640 0.049174 0.003582
0.007447 -0.035461 0.005907
0.005362 0.002584 0.016728
-0.008248 0.005404 -0.042370
-0.052297 0.015248 -0.003414
0.004743 0.020706 -0.002573
0.001004 0.017744 0.005101
0.002394 -0.027884 -0.044723
0.023745 -0.003737 0.039827
0.019177 0.007250 -0.010628
0.006863 0.010024 0.000733
-0.009693 -0.004486 0.008341
0.001650 0.009209 -0.006704
-0.011265 0.000370 -0.018558
0.029153 0.037263 -0.021693
-0.013569 -0.037597 0.031603
-0.025722 0.018326 -0.000055
0.047147 -0.017982 0.000249
0.015166 -0.013878 0.019926
-0.006760 -0.044401 0.028568
-0.025751 0.043248 0.010458
-0.017157 0.059501 -0.007407
0.042799 0.040349 0.000970
0.008394 0.052927 0.027573
-0.018770 -0.028731 -0.025319
-0.018158 -0.011458 0.013093
0.025562 -0.034298 -0.016293
-0.019444 0.005077 -0.015243
0.036625 0.034248 0.001552
-0.001295 -0.000286 -0.015009
0.031592 0.007110 -0.008969
-0.023858 0.005511 -0.014781
-0.030075 -0.017500 0.003453
0.044179 -0.019510 -0.005028
-0.018760 0.007984 -0.031058
0.015566 0.006734 -0.009457
-0.007919 -0.027678 0.026784
-0.023663 0.037134 0.052705
-0.059012 -0.002006 -0.022887
0.005530 0.048232 0.015210
0.012529 -0.011027 -0.050363
0.024061 -0.036454 -0.052872
-0.006187 0.049160 0.026980
-0.031492 -0.039160 -0.005108
-0.023606 -0.031082 0.011985
-0.029240 0.006407 0.001795
-0.008806 -0.021292 -0.015884
-0.010530 -0.032878 -0.040572
-0.028058 0.029602 0.014700
0.013764 0.008564 -0.031863
0.050753 -0.000251 -0.004974
0.024203 -0.039614 -0.014591
0.020674 -0.006669 -0.015133
0.059893 0.012750 -0.021458
-0.010720 0.031328 0.012851
-0.017077 -0.027157 -0.036717
0.026449 -0.013593 -0.015398
-0.028746 0.029868 0.032432
-0.002259 0.004299 -0.035997
-0.028763 0.027413 -0.016277
-0.033520 -0.006693 0.023758
0.025147 0.004435 0.003333
0.013742 0.066754 0.039007
0.015273 -0.017317 0.000799
0.020396 -0.025590 -0.012570
-0.013516 -0.006563 0.012692
0.003931 0.010561 -0.000201
0.006090 -0.010512 -0.007658
-0.010895 -0.011862 -0.036211
0.000233 0.026261 0.003376
0.003503 -0.044690 0.033810
0.004497 0.026979 0.016317
0.005511 -0.007589 -0.039308
0.015632 0.014647 -0.013957
-0.001330 0.030460 0.005666
0.006867 0.050732 0.025918
0.015619 0.013296 0.047523
-0.012052 -0.009521 -0.003138
-0.009888 0.034320 0.010257
0.010051 0.022852 0.013369
0.011928 -0.014239 0.029547
0.002830 -0.003717 -0.006149
0.009903 -0.008109 0.003872
0.022243 0.027428 -0.021253
-0.014815 0.024255 -0.005568
0.017970 0.015597 -0.008682
-0.013708 0.002640 -0.003381
0.010477 0.006013 -0.039804
0.018637 -0.016169 0.019527
-0.014563 -0.011307 0.047239
0.019937 0.017379 -0.008952
0.005325 0.049037 0.032940
-0.001063 -0.021495 -0.002742
-0.019837 0.033054 0.043233
0.007524 -0.022467 0.030381
0.018727 -0.020204 0.029482
-0.047059 -0.001916 0.014515
0.004418 0.024183 -0.014226
-0.017582 -0.013428 0.010319
0.061697 -0.012622 -0.033265
0.011305 0.000019 0.020527
0.036602 -0.019551 0.001379
0.014297 -0.018093 0.039660
-0.000572 -0.010486 0.007435
0.021811 -0.011272 -0.021472
0.022784 0.009874 0.025261
0.009928 -0.004150 0.023884
0.000363 0.002174 -0.026562
0.019419 -0.030686 0.000762
-0.035476 0.023008 0.012723
0.008608 -0.008605 -0.045937
-0.015554 -0.028753 -0.023636
0.005661 0.011562 -0.001332
-0.039732 0.022693 -0.012698
0.037349 -0.002494 0.032612
-0.000976 0.024687 -0.000967
0.029093 -0.043729 -0.013348
-0.004394 -0.029909 0.021483
0.030224 -0.018207 0.006090
-0.006045 -0.032406 0.021393
0.002169 0.012540 -0.003570
-0.037731 -0.010518 0.006347
0.005694 0.025730 -0.033037
0.018886 -0.020318 -0.029598
-0.002962 0.021917 -0.015996
0.016858 -0.000693 0.023144
0.014624 -0.002828 -0.010276
-0.004992 0.055620 -0.018455
-0.016805 0.014807 0.018248
-0.022808 0.006535 0.017240
0.032206 -0.024162 0.013239
0.000205 0.049473 -0.002927
0.010381 -0.001766 0.041533
-0.023564 0.008763 0.021522
-0.015376 0.002307 0.014949
0.032206 -0.009641 -0.024491
-0.002064 -0.004597 0.011288
-0.016319 -0.014572 0.000313
-0.011674 -0.022808 -0.016743
0.025700 -0.004649 0.025285
0.038414 0.048424 -0.009684
-0.016662 0.009762 0.008682
0.007764 -0.037813 -0.024091
0.002215 -0.028306 -0.006821
-0.006615 0.012817 0.030135
0.026398 0.038465 -0.007603
0.001680 -0.005003 -0.012852
0.014511 -0.013162 0.002079
-0.041057 -0.016659 0.038039
0.050496 -0.006277 -0.004677
-0.056101 0.012427 0.047388
0.062392 0.010888 0.015143
0.018207 0.008788 0.017393
-0.049606 -0.037370 -0.037454
-0.002000 -0.005785 0.027511
-0.007077 -0.017694 -0.043599
0.011341 0.020617 -0.023095
0.021618 0.008484 -0.042778
0.019169 -0.030505 0.039844
-0.012356 -0.049590 -0.012285
-0.008049 0.009776 -0.019445
-0.001249 -0.051113 0.047013
-0.017571 0.016351 0.037284
-0.014568 -0.003273 0.019184
-0.023987 0.013676 -0.000952
-0.005127 0.023259 0.010688
0.012306 -0.006024 -0.017382
0.027193 0.029872 -0.008466
0.030550 -0.019391 -0.034186
-0.008467 0.023309 -0.033921
-0.040183 0.030092 -0.005425
-0.022533 -0.001812 0.005743
-0.000827 -0.013493 -0.040563
-0.005489 0.049346 -0.014903
0.030847 0.056005 -0.021341
-0.021068 0.005507 -0.008562
-0.011544 0.031338 0.009400
-0.023138 0.015151 -0.003988
-0.016428 -0.001420 0.013341
-0.019609 -0.027926 -0.000666
-0.007551 -0.024956 -0.004123
0.001906 -0.018575 -0.048029
-0.042581 -0.052824 0.021879
-0.021718 0.033774 0.000845
0.014856 0.028842 0.036472
-0.047606 -0.001054 -0.012181
-0.043852 -0.001827 -0.005618
0.008870 -0.011396 0.003670
-0.006827 0.023758 -0.008506
0.014050 -0.003369 0.004346
-0.001300 -0.032580 0.042827
-0.055946 -0.019109 -0.000768
0.043299 -0.021084 -0.035249
0.009480 0.035356 0.000283
0.000716 -0.006002 0.028328
-0.005877 0.032195 0.004709
0.006686 0.001554 -0.021079
-0.022358 -0.025952 -0.000086
-0.007470 -0.013369 0.024575
0.043001 -0.016829 0.010976
0.010999 0.018012 -0.019136
0.018273 -0.013335 0.026679
0.028095 -0.025069 -0.018803
0.007113 0.038525 -0.031990
0.033289 0.020785 0.007461
0.003989 -0.030754 0.005228
-0.037528 0.015633 -0.021728
-0.021320 -0.024903 0.017573
0.003862 -0.015468 0.009081
0.039297 -0.000230 0.000320
-0.026491 -0.041037 0.014112
-0.003962 -0.021680 -0.048181
-0.009388 0.001438 -0.032054
0.001544 0.023233 -0.039952
0.007980 -0.006620 -0.020480
0.000501 0.001960 -0.029012
0.016713 -0.000697 -0.000946
0.006539 -0.014781 -0.010197
0.002981 0.019634 0.058009
0.016649 0.049299 -0.013697
0.053111 0.023712 0.004531
0.004494 0.015103 -0.041090
-0.020916 0.029067 0.028804
-0.014380 0.050001 -0.009080
-0.026779 -0.020801 0.017320
-0.052675 -0.011435 -0.006928
0.028663 -0.013138 0.024631
0.012439 -0.025516 0.002862
0.004656 -0.034370 0.001218
0.040296 -0.037638 0.004352
-0.001982 -0.019327 -0.012135
0.020493 -0.016004 0.014673
-0.006233 -0.002818 0.038703
-0.000296 -0.004089 0.021638
0.018127 0.045219 -0.002191
0.034937 0.023281 -0.014306
0.023090 0.002707 -0.002040
0.022293 -0.017015 -0.031545
0.029090 0.020795 0.012857
0.003829 0.019009 0.005566
-0.000557 -0.011341 0.008370
-0.009195 -0.003202 0.015277
0.006300 0.037365 0.019418
-0.052441 0.030810 -0.012424
-0.037446 0.005379 0.003634
0.014451 -0.040772 0.004563
0.019204 -0.022030 -0.033325
-0.001783 0.012578 -0.003385
-0.035202 0.014498 -0.008215
0.023332 0.059898 -0.002514
0.023094 0.029144 0.030078
-0.001387 -0.025960 0.024230
-0.017196 -0.019753 -0.027392
0.011863 0.010450 -0.020625
-0.004816 0.008955 0.035518
-0.041998 0.008732 0.014677
-0.029496 -0.000631 0.023669
0.030472 0.015409 -0.048510
0.012029 0.000214 -0.016423
-0.026451 -0.047411 -0.007439
-0.003419 0.050508 -0.005768
-0.031435 0.004089 0.004638
0.023946 0.030772 0.005511
0.029413 0.031460 -0.003460
0.000878 -0.009500 -0.033861
0.014806 0.030808 -0.010870
0.033798 -0.009648 -0.009633
-0.001284 0.035236 -0.028397
0.075134 0.000475 0.008631
-0.006947 -0.015303 -0.024106
0.015839 -0.012572 0.011239
-0.001683 0.007154 0.009585
-0.007454 -0.008144 0.013658
0.021577 -0.018190 0.030319
-0.008974 -0.000735 -0.041517
-0.024132 0.001854 -0.016719
0.060298 -0.004522 0.008319
-0.010068 -0.005006 -0.008952
0.000348 -0.003620 -0.046936
0.003852 0.015510 -0.013993
0.000030 0.023155 -0.004827
0.004403 -0.019338 -0.008715
0.008521 0.002801 0.015727
0.019006 0.014703 -0.006810
-0.040871 0.017525 0.018212
0.012564 0.001348 -0.009660
0.031424 0.021602 -0.022386
0.003016 0.006573 0.033056
-0.021309 0.023434 -0.036773
-0.014168 0.019656 -0.011672
0.037512 -0.018531 -0.007339
0.014244 -0.015210 0.035598
-0.027587 -0.009382 -0.010813
-0.021566 0.001908 -0.014870
-0.026229 -0.006042 -0.026294
-0.000902 0.010866 0.002392
0.012178 -0.012285 0.024726
-0.031701 0.005788 0.009986
-0.043636 0.051561 0.068194
0.035095 0.003328 0.034202
-0.009931 0.010253 0.003184
0.048453 -0.062562 -0.000255
-0.039752 0.034908 0.010413
-0.022649 0.021902 -0.005930
-0.037491 -0.001032 -0.018720
-0.016122 0.029885 0.010652
0.023034 0.057109 0.004410
0.024371 0.018768 0.022395
0.033805 0.005892 -0.013683
0.017016 -0.031766 0.006912
-0.001913 0.017945 -0.025141
-0.025555 0.019749 0.005287
-0.011490 0.024744 -0.005347
-0.002545 -0.034918 0.028775
-0.051184 0.009594 0.030127
-0.029943 -0.001810 0.018450
-0.051819 0.005385 -0.034893
-0.007147 -0.026548 0.034540
-0.057154 -0.000680 -0.003068
0.030291 0.023516 -0.000709
0.013310 0.043434 0.009098
0.005277 0.022586 -0.014191
0.024019 -0.000278 -0.014427
-0.001817 -0.007540 0.009006
-0.004764 0.034275 0.006308
-0.026362 0.037792 0.009649
0.016169 0.042791 -0.041744
-0.036109 -0.020930 0.013558
0.012503 0.005909 0.034003
-0.002897 0.037236 0.014212
0.014574 -0.021374 -0.002316
0.020061 -0.033775 0.022932
-0.018887 0.006857 0.015537
-0.032851 0.019619 0.005878
-0.022137 -0.035028 -0.029293
0.023937 -0.004367 0.033139
-0.024127 0.003344 -0.024087
-0.045849 -0.008668 -0.024808
-0.034582 0.011954 0.016851
0.015207 -0.024920 -0.052845
0.014355 0.012275 -0.018158
0.006534 0.010749 0.025460
0.008749 -0.045619 0.026103
0.012360 -0.032650 0.001870
0.014605 -0.020642 -0.029151
-0.024380 -0.019257 0.026387
0.048593 -0.002255 -0.014127
-0.004385 -0.003417 -0.021237
-0.024493 -0.039791 0.027647
-0.015293 -0.003393 -0.013987
0.013942 0.044069 0.007927
-0.005103 0.006984 -0.008233
-0.024757 -0.029016 -0.003718
0.018207 -0.055632 -0.018286
0.017591 -0.033675 0.001419
-0.017617 0.008912 -0.012714
0.024166 0.006974 -0.046063
-0.012593 -0.013617 -0.004218
0.007935 -0.020569 0.001102
0.028463 -0.034635 0.024039
0.004986 -0.014759 -0.021907
0.008830 -0.007286 -0.028645
-0.029018 0.003788 0.022827
-0.047602 -0.035576 0.016426
-0.040314 0.013700 0.000858
0.009761 -0.031235 0.015262
-0.025766 -0.005945 -0.040525
0.056360 -0.013750 0.021135
-0.015803 -0.010029 -0.022383
-0.029548 0.018353 0.015107
-0.027041 0.017457 -0.007419
0.020964 -0.021502 0.044887
-0.004351 -0.011622 -0.034103
-0.018244 -0.030415 -0.052495
0.003987 0.008152 -0.017035
-0.010582 -0.013470 0.017026
0.017153 -0.025576 0.033518
-0.010740 -0.023695 0.019453
0.009164 0.010772 0.024254
0.009243 0.003449 -0.045329
0.007491 0.002225 -0.063485
-0.007037 0.035540 -0.003869
0.021603 -0.047276 -0.015629
-0.001207 -0.028374 0.001867
0.025141 -0.007851 0.058892
-0.036187 -0.009703 0.030487
-0.014223 0.006783 -0.011574
-0.012058 0.050416 0.027119
-0.009332 -0.048741 -0.031190
-0.010658 0.016041 0.021303
0.032809 -0.025606 -0.003264
0.013369 0.020897 -0.026940
0.024726 -0.007023 -0.006642
-0.016788 0.011674 0.002152
0.038044 -0.011321 -0.012398
0.022014 0.001069 -0.035865
0.008360 -0.033982 0.010717
-0.013450 0.034813 0.018434
-0.006658 -0.005187 -0.020030
0.037963 -0.005816 -0.018320
-0.001639 -0.004771 0.050827
-0.009624 -0.010726 -0.005210
0.026172 -0.031181 0.026624
0.032228 -0.016697 -0.011839
-0.003477 -0.007906 -0.010312
0.002389 0.012437 0.016256
-0.014228 -0.052638 -0.039781
0.015738 -0.001425 0.030914
0.032851 0.069675 0.033332
0.028616 -0.013065 0.003414
-0.013743 0.015878 0.003728
0.001340 0.007002 0.001397
-0.008412 -0.006371 0.004759
-0.031372 -0.011929 -0.001318
0.018581 0.024176 -0.004385
-0.068738 -0.037948 -0.029030
0.006213 -0.014427 -0.014035
-0.004385 0.020201 -0.036162
0.000762 0.018729 -0.005384
-0.028181 -0.014563 -0.004366
0.000764 -0.056017 0.012682
0.022530 0.046925 -0.005655
0.006164 0.006008 0.053205
-0.019085 0.020156 0.019580
0.017700 0.004037 -0.036579
0.014773 -0.008641 -0.003183
-0.030233 -0.019128 -0.016152
-0.048062 -0.028522 0.045030
-0.003931 -0.013403 0.019739
-0.019641 0.022085 -0.010777
0.048084 -0.023781 -0.022303
0.008390 0.012911 0.022623
-0.025601 0.021520 -0.028290
-0.016241 -0.029030 -0.004196
0.011441 0.014121 -0.000208
-0.018441 -0.021772 -0.014161
0.011217 0.010014 0.023084
-0.026276 0.001149 -0.029921
-0.019019 0.026497 0.024537
-0.008527 0.026973 -0.001691
0.005578 0.006747 -0.005123
0.039031 0.052037 -0.005579
-0.029775 -0.030552 0.001613
-0.051010 -0.034106 -0.015712
-0.010633 -0.001770 -0.005345
-0.004137 0.016027 0.016437
0.011312 -0.013880 0.001106
-0.023976 0.015455 -0.016597
0.020479 0.024097 0.020762
0.031764 0.003966 -0.040022
0.020752 -0.037490 -0.033695
0.014722 0.012888 0.023877
-0.014967 0.038619 -0.014376
0.000817 0.037985 0.025252
-0.001051 -0.006742 0.040869
0.015718 0.048373 -0.012894
0.025933 -0.000353 0.030325
-0.019166 -0.020262 0.003232
-0.021243 -0.036937 0.010794
-0.018881 -0.017122 0.004517
0.015327 0.015229 0.029896
0.006061 0.006096 -0.002683
-0.002430 -0.034362 0.008014
-0.006838 0.002159 0.006068
0.001936 0.014454 0.010316
-0.007217 0.004538 0.019484
0.003102 0.001874 -0.017609
0.018388 -0.053543 -0.025092
-0.036392 -0.006042 -0.010510
-0.026381 0.013244 0.030871
-0.004009 -0.030754 0.072118
-0.004026 0.029972 -0.023709
0.000412 -0.026415 -0.021761
0.041044 0.031072 -0.006242
0.013328 0.017459 -0.028101
-0.017902 0.037021 0.012706
-0.019534 -0.018000 0.001156
-0.023136 0.009577 0.014661
-0.021095 -0.028921 -0.007609
0.044939 0.009658 0.000112
-0.020961 -0.025290 0.013613
0.010329 -0.016718 -0.005190
0.002316 0.025241 0.017262
0.008546 0.012157 0.025072
0.027338 0.022335 0.007693
0.013522 -0.017605 0.022432
0.022494 0.032161 0.040806
-0.020095 -0.041236 0.008673
0.013970 -0.018172 -0.033630
0.029297 0.005089 0.014814
-0.010877 -0.007084 0.035276
-0.058828 0.002026 -0.004728
-0.033144 -0.045686 -0.000147
-0.003176 -0.017704 0.035379
-0.019744 0.040628 -0.024988
-0.011033 0.042047 0.008794
-0.054141 -0.014414 -0.022600
0.011295 0.004247 -0.005608
-0.003871 0.006466 0.015851
-0.002089 0.004244 -0.040987
-0.004282 0.021630 0.002590
0.022233 -0.063451 0.034623
-0.036185 -0.009072 -0.007573
0.030498 -0.010676 0.000233
-0.015624 -0.019003 0.000469
0.021693 -0.017394 0.019854
-0.020668 0.042494 0.023258
-0.000940 -0.028242 -0.008604
-0.044102 -0.018010 0.004419
0.015217 0.012137 0.007656
0.014552 -0.004413 0.020975
-0.027666 0.056393 0.011075
0.027359 -0.018591 0.024374
-0.043510 -0.005340 -0.007894
0.022127 -0.034892 0.052385
-0.042998 0.018141 -0.003774
0.043121 -0.019377 0.009570
-0.022571 -0.034113 0.001816
-0.004475 0.000730 0.004329
-0.015265 0.014092 -0.011583
0.017353 -0.001362 -0.014374
-0.050609 0.008704 -0.007779
0.028049 -0.008225 0.022521
0.030741 0.012641 0.008493
-0.010638 0.005308 -0.036312
