# 参数名称：backbone.features.8.conv.4.bias
# 参数形状：(384,)
# 参数数据类型：float32
# 参数值（保留6位小数）：
-0.010378
-0.005154
0.002255
-0.000617
-0.001361
-0.001072
0.002625
-0.002825
0.002126
-0.000067
0.004777
-0.002716
-0.000893
0.000773
-0.000782
0.005134
0.002011
0.007836
0.003196
-0.002393
0.000345
0.001052
0.003793
0.000909
0.000061
-0.001635
-0.000622
0.003221
-0.000992
0.004539
0.006162
-0.000722
-0.002086
0.003145
-0.000455
0.007190
0.005754
-0.002037
0.002697
0.000785
-0.007453
0.003590
-0.008206
0.004938
0.001910
-0.000413
0.000555
0.001322
-0.001684
0.001652
0.002000
-0.001543
-0.003015
-0.004476
0.001900
0.005745
0.004619
0.000618
0.000817
-0.007841
0.006478
0.006132
-0.003463
-0.000104
0.010236
-0.005896
0.008351
0.002726
0.006465
0.005961
-0.002437
-0.006059
0.004780
0.003858
0.006502
0.005067
-0.001655
0.004688
0.002011
-0.002715
0.006401
-0.001898
0.001601
0.004695
-0.003953
-0.000129
-0.001126
0.000248
-0.008376
-0.003040
0.000270
0.004057
-0.003312
0.005904
0.003966
-0.003611
-0.007898
0.001809
0.005338
0.007318
0.006491
0.004786
-0.004528
0.004811
0.002060
0.003702
0.001464
0.001106
0.002687
0.003068
-0.002181
-0.000694
0.002227
-0.001770
0.000872
-0.001047
-0.003199
-0.004049
0.000130
0.000522
0.003460
-0.002609
-0.003903
0.000878
-0.004203
-0.000179
-0.002505
0.000383
0.002603
0.005467
0.001692
-0.001526
0.001244
0.005024
0.004735
0.005779
-0.005504
-0.001845
-0.002980
0.002021
0.004354
0.007333
0.004432
0.002191
0.001354
-0.001336
-0.006241
-0.001496
-0.000959
0.003707
-0.002526
0.001495
-0.002513
-0.003380
0.002529
0.006182
-0.000457
0.003300
0.010502
0.003201
0.005885
-0.001537
0.001916
0.000382
-0.002266
-0.004053
0.004380
0.004208
-0.002411
0.000150
-0.001857
0.006002
0.004539
-0.000264
0.001443
0.000159
0.000217
0.001330
0.003494
0.005165
0.003720
-0.005776
-0.002896
0.002722
0.001489
0.001812
0.001215
0.007235
0.005064
-0.005609
0.002546
0.000589
0.005109
0.001920
0.008760
0.000195
-0.005635
0.005832
0.002297
-0.003516
0.004250
-0.005596
0.005124
-0.000974
0.003595
0.004919
0.004495
0.003009
-0.005057
-0.007042
0.001832
0.004010
0.000397
0.001086
-0.001439
-0.003903
-0.000245
-0.000028
-0.005041
-0.001048
0.000090
0.003824
-0.001052
-0.004152
-0.004683
-0.000140
0.001782
-0.003459
0.008325
-0.001535
0.000887
0.002921
-0.001684
-0.001662
0.002159
0.003849
0.001711
0.003388
-0.002389
-0.004230
-0.003154
0.000627
-0.002642
0.002446
0.001915
0.004418
0.000049
-0.003797
0.002096
0.007893
-0.007156
0.001170
-0.002006
0.006092
-0.000979
0.001324
-0.001153
0.001877
-0.000731
-0.000262
0.002749
0.005042
0.002077
-0.001839
0.000304
-0.002887
0.002866
0.004401
-0.001485
0.001187
-0.000719
-0.001336
-0.005048
-0.001393
0.002194
-0.004296
0.004994
-0.004700
0.009946
-0.000899
0.005042
0.000529
-0.007622
-0.003580
-0.003263
-0.000300
0.002296
-0.005211
0.007167
0.005169
-0.009555
0.002349
-0.001132
-0.000245
0.002304
0.003582
0.000160
-0.000787
0.001164
-0.001431
0.010654
0.000188
0.001734
-0.003681
-0.001170
0.000760
0.003493
0.003544
-0.003559
0.009040
-0.002974
0.003470
-0.004357
0.002695
-0.003455
0.008399
-0.013052
0.000871
-0.000073
0.000635
0.002261
0.000538
0.009249
0.000273
0.007272
0.003166
0.002314
0.003110
0.008482
0.006113
-0.000872
0.003678
0.005419
0.003381
0.002919
-0.004219
0.009100
0.008330
0.000583
0.007111
0.001767
0.004810
-0.004270
0.002486
-0.000530
-0.001079
0.005340
-0.000767
-0.005084
0.004593
-0.002161
-0.002806
-0.001961
0.002007
0.002250
0.002006
-0.000888
-0.000585
0.003524
0.009332
-0.001052
0.000974
-0.003578
0.004351
-0.001475
-0.000729
0.001830
-0.000855
0.001499
-0.006059
-0.008025
-0.003351
-0.006618
0.006870
0.000971
-0.002049
0.003285
-0.004156
0.004044
0.006270
0.004226
-0.007559
-0.000931
0.002601
