# 参数名称：backbone.features.5.conv.4.running_mean
# 参数形状：(192,)
# 参数数据类型：float32
# 参数值（保留6位小数）：
-0.020533
-0.054309
-0.009162
-0.001309
0.038212
-0.011803
-0.027564
0.013630
-0.038493
0.020495
0.024077
-0.057704
0.044039
0.028077
0.041229
-0.035573
-0.024220
0.008364
0.007218
-0.025041
0.017920
0.022198
-0.009198
-0.022063
0.055397
0.020740
-0.047954
-0.002377
-0.039770
-0.029098
-0.008586
0.030907
-0.045884
0.034312
0.004133
-0.028097
0.000305
-0.060343
0.051073
0.023812
0.020106
0.033458
0.039813
0.003060
0.010929
0.013787
-0.034630
0.030972
0.008315
-0.034568
0.043245
0.002380
0.082625
-0.030888
0.074461
-0.043711
0.033879
-0.017738
0.032188
0.038301
-0.028530
0.049742
-0.018405
-0.021444
0.011369
-0.011656
0.051911
-0.016536
0.023341
-0.009875
-0.031547
-0.048567
0.031485
0.024183
0.003003
0.064230
-0.012593
0.013213
0.016214
-0.009208
0.024237
0.019128
0.018767
0.048340
-0.016406
-0.035156
-0.020327
-0.007083
-0.042300
-0.013405
-0.022380
0.036228
0.003366
-0.075947
-0.009298
-0.001980
-0.019209
0.044155
0.018410
0.011488
-0.025645
0.026285
0.009792
0.002064
-0.001911
0.024931
-0.023602
0.008526
-0.015082
-0.012152
-0.011085
0.055590
0.019597
0.021673
0.025183
-0.007024
0.007133
0.020476
0.001695
0.018420
0.074773
0.005864
0.034786
0.080261
0.010760
-0.000309
0.066150
-0.008658
-0.006481
0.049692
-0.035739
0.009869
0.008196
0.015547
0.004722
-0.035974
0.012272
-0.015266
-0.015698
-0.008229
0.014528
0.030803
-0.026744
0.019663
0.026695
-0.018605
0.016512
0.009927
0.040717
0.005912
0.006111
0.037736
-0.029908
0.013417
-0.051874
-0.013280
-0.056592
0.058397
0.027489
-0.002499
0.022404
0.002328
-0.000365
0.012020
0.004039
-0.061011
0.022297
0.000762
-0.003803
-0.020364
-0.021344
0.019635
-0.067737
0.006233
-0.018370
0.054627
-0.043472
0.025377
-0.019534
0.025045
-0.015534
0.010215
-0.031127
-0.002621
0.003415
-0.013928
-0.043417
0.014585
-0.002995
-0.016163
0.006653
-0.071714
