# 参数名称：backbone.features.12.conv.7.running_var
# 参数形状：(96,)
# 参数数据类型：float32
# 参数值（保留6位小数）：
4.879495
5.458452
5.608171
7.298037
5.186498
3.844147
4.669427
3.845362
4.403032
7.192297
10.403546
4.079681
4.919511
4.771618
5.626477
3.870753
6.098948
6.324027
6.130171
6.120668
4.301647
8.284604
5.845328
9.300327
5.656786
4.177969
6.730615
5.980049
5.971086
7.950198
4.282682
5.294275
8.735018
4.161772
5.277840
6.067874
4.834431
4.481095
4.568774
6.592139
5.592199
9.720288
6.147111
3.837400
6.791696
6.215390
5.458920
4.447291
7.268231
5.627777
5.890724
4.741529
4.280964
6.091180
7.357863
5.501446
10.134563
7.937821
5.183050
7.597987
5.506476
6.783124
4.430158
4.093822
4.406248
5.530307
6.233593
5.121437
6.510792
4.160860
5.141968
7.788004
4.987654
6.038471
5.306334
7.618415
5.566426
6.553364
6.633379
7.835297
8.934944
6.606940
4.731984
7.382692
7.032168
4.891634
6.792774
6.009039
7.059806
6.631111
6.363130
6.637209
6.150188
8.752646
6.357399
4.057293
