# 参数名称：backbone.features.8.conv.4.running_mean
# 参数形状：(384,)
# 参数数据类型：float32
# 参数值（保留6位小数）：
-0.002717
-0.004323
0.023423
-0.003211
-0.004587
0.023556
-0.000406
-0.019332
0.007053
-0.013948
-0.004566
0.011863
0.008452
-0.028357
-0.038557
0.002946
0.016000
0.029664
-0.008974
0.006648
-0.021950
-0.016532
0.071599
-0.002316
-0.015268
0.018558
0.018541
-0.028840
0.015596
-0.002267
0.032717
-0.032852
0.013092
-0.023755
-0.033706
-0.013831
-0.012463
0.002240
0.004617
-0.023425
-0.026050
0.025568
0.004903
0.010439
-0.044314
-0.016529
0.017786
-0.035784
0.014842
0.003799
0.001695
0.024745
0.003671
-0.034126
0.006082
-0.021272
0.029156
-0.000291
0.002604
0.011132
-0.000071
0.032226
0.051693
-0.032668
0.021914
-0.009045
0.020219
0.026056
0.016912
0.042822
0.042840
-0.006472
0.006675
-0.022104
0.021464
0.033826
0.005159
-0.016627
0.003790
-0.008403
0.009175
-0.008912
0.000245
-0.032695
-0.014879
0.011217
-0.000205
-0.022430
0.002383
-0.019716
0.007207
-0.032913
-0.021294
0.002964
0.045082
-0.002252
-0.048815
0.024375
0.007392
0.026061
0.028286
-0.015804
0.047978
0.002103
0.028873
0.046171
0.004023
0.060292
0.009692
0.005727
0.014553
-0.016847
0.015911
0.016413
-0.007142
0.008662
-0.020989
-0.044402
0.000776
0.001356
0.004876
0.001386
-0.003803
-0.004576
-0.013758
0.011735
-0.011849
0.019582
-0.046226
0.000158
-0.024404
-0.013113
-0.005658
0.009988
-0.025236
-0.002403
-0.051622
0.004705
-0.001773
0.040759
-0.030536
-0.012598
-0.040109
0.031044
-0.027159
-0.003105
0.006409
-0.012427
-0.036953
0.024747
0.007551
0.045215
-0.007911
0.012218
0.063377
0.018533
-0.034894
-0.035491
-0.000826
0.027043
0.022374
0.028453
0.021006
-0.003031
0.031488
0.012859
-0.010361
-0.007519
-0.007218
-0.000871
-0.028388
-0.028068
-0.011128
0.007939
-0.050131
-0.033728
-0.009555
-0.000441
-0.024361
-0.019658
-0.029314
-0.026775
0.005997
0.023708
0.008360
-0.004073
-0.003823
-0.019759
0.025759
0.033653
-0.007660
0.011395
0.006327
0.023730
0.019837
0.013412
0.023625
-0.011272
-0.015392
0.014236
0.027753
-0.014298
-0.004671
-0.013128
0.002809
0.002518
0.033188
0.023279
0.001323
-0.014768
0.009631
0.020578
0.017953
0.021241
0.016419
0.022230
0.028860
0.039169
0.000112
0.047984
-0.004198
0.035061
0.008877
0.007835
0.033301
0.056539
-0.016820
0.001241
-0.032478
0.024806
-0.027325
-0.011930
-0.057194
0.047471
0.038434
-0.006917
0.004169
0.019986
-0.018347
0.025875
-0.013367
-0.027596
-0.013978
0.039653
-0.014769
-0.042280
-0.016444
-0.003654
0.048185
-0.047465
-0.003926
0.026867
-0.003259
0.027060
0.013666
-0.003271
0.002356
-0.020043
-0.011680
-0.002294
-0.011901
0.022738
-0.007440
0.010349
0.011449
-0.006282
-0.004816
-0.003585
-0.023601
-0.004985
-0.021028
-0.036732
-0.028929
-0.033072
0.012244
0.013567
0.015015
-0.051678
0.007769
-0.022155
-0.015068
-0.002843
-0.033604
0.002202
-0.025398
-0.017961
-0.025685
0.011399
-0.019623
-0.025260
-0.016833
0.005598
-0.000163
-0.005534
-0.000926
0.030891
0.045643
-0.000528
0.022944
-0.033165
0.031547
-0.005272
-0.025517
0.033771
0.003895
-0.008320
-0.016975
-0.026479
0.025216
0.037069
-0.012016
0.001444
-0.010512
0.017070
0.014469
0.051282
-0.003821
0.045967
0.020265
-0.023263
0.013258
0.014491
0.024359
-0.026225
0.013577
-0.009960
0.008142
0.001871
0.002498
0.021138
-0.014077
0.012758
0.032506
0.014734
0.016493
-0.004673
-0.009439
-0.036596
-0.025575
0.024406
0.020810
0.016734
0.002579
-0.043946
-0.000739
0.009604
-0.031756
0.040889
-0.022463
0.007368
-0.022405
0.000820
0.064092
-0.005351
-0.029016
-0.008198
0.020905
0.018719
-0.028598
-0.017295
-0.008342
-0.018482
-0.037425
0.038756
0.010343
0.035114
0.008516
0.005250
0.009170
0.025430
-0.039654
0.041404
-0.008468
0.035964
-0.002522
0.009977
0.016389
-0.016093
0.014514
0.003899
0.009186
0.024400
0.018251
0.008109
