# 参数名称：backbone.features.9.conv.7.bias
# 参数形状：(64,)
# 参数数据类型：float32
# 参数值（保留6位小数）：
-0.000013
0.000028
-0.000003
0.000135
-0.000079
-0.000015
0.000125
0.000067
0.000001
-0.000120
-0.000107
-0.000013
0.000043
-0.000056
-0.000116
0.000021
-0.000057
-0.000026
0.000015
0.000021
0.000133
0.000015
0.000099
-0.000016
-0.000007
-0.000047
-0.000087
0.000054
-0.000011
-0.000170
-0.000076
-0.000029
-0.000054
-0.000086
-0.000128
0.000094
-0.000028
-0.000032
-0.000004
0.000070
-0.000035
-0.000148
0.000014
0.000084
0.000101
-0.000076
-0.000054
0.000122
0.000007
-0.000010
-0.000076
0.000027
0.000018
-0.000052
-0.000012
-0.000066
-0.000022
-0.000142
-0.000071
0.000040
-0.000093
0.000104
0.000066
0.000099
