# 参数名称：backbone.features.4.conv.4.running_var
# 参数形状：(144,)
# 参数数据类型：float32
# 参数值（保留6位小数）：
0.001659
0.002707
0.011085
0.005109
0.000586
0.000506
0.000804
0.020530
0.000678
0.000609
0.005928
0.001910
0.002760
0.002269
0.012674
0.002313
0.001203
0.001594
0.002642
0.004664
0.008236
0.001454
0.007260
0.005106
0.009414
0.001783
0.003977
0.008008
0.007458
0.007159
0.012203
0.000682
0.001140
0.008304
0.006030
0.000547
0.004311
0.007708
0.001882
0.002100
0.007754
0.006225
0.009704
0.003931
0.005433
0.003238
0.002161
0.006073
0.001163
0.013900
0.005827
0.005299
0.000319
0.000941
0.001651
0.006727
0.010376
0.000906
0.003629
0.011354
0.003735
0.000433
0.005107
0.001426
0.001727
0.001174
0.009587
0.003927
0.005003
0.000294
0.012443
0.003862
0.004629
0.004715
0.007130
0.007874
0.001496
0.006528
0.008351
0.002754
0.005285
0.002154
0.005783
0.001484
0.001676
0.004724
0.012476
0.002442
0.000732
0.002469
0.002817
0.002805
0.004601
0.000336
0.002779
0.000948
0.012650
0.005468
0.017012
0.002583
0.007740
0.003768
0.001962
0.023295
0.006671
0.006986
0.004775
0.008256
0.003026
0.007169
0.007350
0.001149
0.007315
0.007280
0.000390
0.006527
0.001076
0.002989
0.009998
0.004886
0.004269
0.005246
0.006209
0.012547
0.006218
0.006877
0.010196
0.003488
0.013151
0.010216
0.001539
0.009537
0.022312
0.003977
0.008737
0.016893
0.002575
0.011772
0.003042
0.001859
0.010376
0.008732
0.001301
0.001667
