# 参数名称：backbone.features.17.conv.7.weight
# 参数形状：(320,)
# 参数数据类型：float32
# 参数值（保留6位小数）：
0.953447
0.937254
0.950007
0.966614
0.966864
0.950306
0.951534
0.946973
0.948314
0.936991
0.950968
0.961360
0.947818
0.959246
0.953093
0.951870
0.945747
0.957936
0.949955
0.956108
0.938302
0.958602
0.933528
0.942795
0.934041
0.939813
0.965656
0.937799
0.962357
0.961226
0.945612
0.948564
0.941797
0.950349
0.946778
0.958922
0.945487
0.958201
0.955870
0.965591
0.937667
0.944103
0.955981
0.964221
0.961665
0.947848
0.940708
0.937850
0.953598
0.948562
0.960298
0.957647
0.950452
0.952975
0.954943
0.971706
0.952810
0.945248
0.953214
0.955822
0.937862
0.950208
0.944353
0.949743
0.934907
0.952445
0.954939
0.936719
0.954813
0.953797
0.946396
0.957842
0.954847
0.957820
0.955037
0.955213
0.942254
0.951275
0.955882
0.945821
0.965095
0.951695
0.949177
0.935428
0.937590
0.943647
0.949826
0.936904
0.947272
0.943139
0.948477
0.941088
0.948783
0.962691
0.946794
0.953736
0.955042
0.963207
0.969680
0.947125
0.951674
0.975131
0.955694
0.946580
0.951345
0.933979
0.955535
0.944164
0.946681
0.962675
0.970317
0.942795
0.966393
0.938633
0.953249
0.960670
0.946728
0.965472
0.949465
0.950141
0.949450
0.964266
0.959063
0.931260
0.961887
0.958534
0.959218
0.956490
0.951965
0.958461
0.961919
0.960711
0.961071
0.931720
0.954786
0.945868
0.947369
0.942355
0.943865
0.967963
0.955778
0.943908
0.958370
0.955739
0.949597
0.949979
0.939579
0.960149
0.954285
0.954550
0.959778
0.950835
0.936797
0.966043
0.962151
0.944602
0.931958
0.937029
0.953401
0.970414
0.944554
0.955325
0.947459
0.947572
0.954096
0.948857
0.960957
0.944943
0.962185
0.952660
0.970066
0.944411
0.962753
0.936048
0.936038
0.955061
0.956653
0.956520
0.956657
0.944403
0.933904
0.951717
0.950608
0.950785
0.937159
0.948155
0.947363
0.941937
0.947734
0.951621
0.953770
0.962877
0.949942
0.951048
0.970475
0.956281
0.945751
0.942536
0.945300
0.951974
0.950190
0.949252
0.960575
0.937141
0.967117
0.962591
0.946425
0.959597
0.947744
0.946184
0.943822
0.967304
0.954256
0.955345
0.956601
0.933850
0.948877
0.962985
0.952053
0.955046
0.946775
0.948699
0.964366
0.964830
0.937857
0.950737
0.948207
0.953088
0.961705
0.941838
0.951404
0.947624
0.944699
0.954952
0.956190
0.943093
0.952447
0.935731
0.951123
0.949823
0.966704
0.958685
0.952176
0.939150
0.931309
0.956985
0.940396
0.949118
0.950716
0.945831
0.944228
0.947369
0.959784
0.942697
0.940935
0.942810
0.961402
0.957538
0.951654
0.955545
0.953487
0.954083
0.953218
0.952447
0.948449
0.951022
0.954906
0.950936
0.942090
0.961001
0.948622
0.957131
0.964967
0.946727
0.963830
0.953970
0.939400
0.962324
0.960588
0.967470
0.953473
0.947891
0.942341
0.955694
0.954311
0.956915
0.965566
0.935240
0.955107
0.948018
0.934615
0.931085
0.959127
0.953152
0.947469
0.956756
0.940480
0.951809
0.950970
0.954170
0.949468
0.951208
0.955087
0.958118
0.941472
0.949673
0.939946
0.948812
0.950288
0.951391
0.950391
0.940670
0.948818
0.949331
0.951872
0.935893
0.954374
0.949830
0.948425
0.926419
