# 参数名称：backbone.features.7.conv.7.running_mean
# 参数形状：(64,)
# 参数数据类型：float32
# 参数值（保留6位小数）：
0.058146
0.758345
1.158612
-0.608287
0.013366
0.745563
-0.091535
-0.415388
-0.460928
1.187356
-0.061333
0.193017
0.651097
1.060124
0.790874
-0.248815
0.773997
-0.555023
-1.110291
0.226437
1.576014
0.130631
-0.466526
0.187709
-0.629845
1.357650
-0.934878
-0.130402
0.149443
-0.790174
-0.660983
-0.472673
0.069351
-1.266377
0.679218
0.059106
0.115759
-0.017963
-0.274338
0.651270
0.151712
0.974562
0.872736
0.545413
0.577921
-0.097211
-0.061604
-0.135993
-0.114412
-0.615180
-1.288747
0.942831
0.583053
0.171658
0.632557
1.077944
-0.035663
-0.574315
1.388829
-0.296445
0.523844
-0.239580
0.096309
1.137372
