# 参数名称：backbone.features.9.conv.7.running_mean
# 参数形状：(64,)
# 参数数据类型：float32
# 参数值（保留6位小数）：
-1.286039
-0.557881
1.433321
1.232179
-0.333335
0.575678
0.301029
0.011452
-1.700013
-0.522556
-1.507918
-0.866362
-0.831304
0.718802
-3.450012
-0.039971
-1.495367
-2.358056
0.237852
0.729288
0.497076
-1.942259
1.341352
1.079065
-0.621806
1.235717
0.294172
-1.357470
-0.075144
-1.534393
2.367604
0.042124
0.875456
0.163255
-0.618732
0.932560
0.528240
-0.003029
0.672857
0.946843
0.366878
-1.606794
0.220512
0.819194
1.356345
-1.797171
1.042241
0.576007
1.582570
-0.820731
0.437798
0.357132
-0.801526
-1.507895
-0.041380
-0.681337
0.058769
0.903079
-1.199602
-0.498895
-0.289585
0.530069
0.963488
-1.914624
