# 参数名称：backbone.features.11.conv.7.bias
# 参数形状：(96,)
# 参数数据类型：float32
# 参数值（保留6位小数）：
-0.000034
0.000177
-0.000052
0.000062
-0.000011
-0.000023
-0.000005
-0.000083
-0.000127
-0.000199
-0.000093
0.000112
-0.000002
0.000051
0.000004
-0.000017
-0.000025
-0.000004
0.000167
0.000074
-0.000003
-0.000113
0.000215
0.000092
0.000088
0.000058
0.000108
0.000073
0.000062
-0.000119
0.000086
-0.000033
0.000016
0.000038
0.000083
0.000047
0.000086
0.000003
0.000130
0.000079
-0.000094
0.000062
0.000127
0.000101
-0.000178
-0.000049
-0.000034
-0.000044
-0.000124
0.000042
-0.000027
0.000045
-0.000105
0.000069
-0.000033
-0.000005
0.000116
-0.000021
0.000071
0.000090
0.000073
0.000161
0.000040
-0.000121
0.000019
-0.000089
0.000058
0.000043
-0.000049
-0.000091
-0.000155
-0.000033
0.000097
0.000057
-0.000069
-0.000084
0.000060
-0.000214
0.000194
0.000020
0.000093
-0.000031
-0.000024
-0.000148
0.000055
0.000073
0.000038
0.000067
0.000028
0.000036
0.000160
-0.000040
-0.000119
-0.000005
-0.000030
-0.000024
