# 参数名称：backbone.features.3.conv.4.bias
# 参数形状：(144,)
# 参数数据类型：float32
# 参数值（保留6位小数）：
0.009629
-0.011996
-0.005109
-0.014629
0.016305
0.005808
-0.001118
0.011802
0.009245
0.001014
-0.002704
0.010631
-0.000728
-0.014301
-0.010334
-0.006827
0.004978
-0.000479
-0.000354
0.002264
0.005548
-0.007567
0.003566
0.026921
-0.023774
-0.008298
0.024393
-0.012789
-0.008462
0.008677
-0.015794
-0.007534
0.003103
0.007029
-0.011127
-0.001166
0.021758
0.003449
-0.008180
0.009449
-0.004494
-0.000246
0.016508
-0.004162
0.022156
-0.005957
-0.006787
0.017283
0.009963
-0.007721
0.011228
0.004814
-0.016544
-0.008492
0.007487
0.008758
0.017079
-0.002005
0.000322
-0.012651
-0.008131
0.000536
0.002182
0.005781
0.001531
0.003125
-0.000741
0.001005
0.004594
0.004015
-0.006842
0.017401
0.015984
0.005058
-0.010429
0.008594
-0.012783
0.006768
-0.003006
0.009013
-0.001224
0.001260
0.008135
0.013627
-0.021179
0.009744
-0.009321
-0.016748
0.001491
0.000022
0.004341
0.019605
-0.008703
-0.013874
-0.025719
-0.005722
-0.000542
0.028314
-0.001398
0.003007
-0.000065
-0.013374
-0.000636
-0.005532
-0.015437
0.005845
0.001864
0.003148
-0.003456
-0.002545
-0.000975
0.010181
-0.008608
0.006249
-0.004967
0.014250
-0.006586
0.004450
-0.012699
0.006725
-0.001884
0.005141
0.020872
-0.006940
0.014971
0.015238
-0.005352
0.014918
0.020527
-0.012124
-0.010399
-0.007788
0.001138
0.008223
0.026282
0.003162
-0.006534
0.011225
-0.011760
-0.006585
-0.006314
-0.006379
-0.005997
0.000180
