# 参数名称：backbone.features.17.conv.7.running_mean
# 参数形状：(320,)
# 参数数据类型：float32
# 参数值（保留6位小数）：
-0.898081
-0.261216
-0.823323
0.026396
-0.431117
0.160579
-0.166453
0.428747
-0.175151
-0.581694
-0.434979
0.108665
0.290139
-0.801395
0.656962
0.591213
-0.228578
0.149577
0.170984
0.263744
0.422429
-0.954740
1.311734
0.685880
0.563739
0.502256
1.006541
0.213790
-0.628655
0.194172
0.864706
-0.919748
-0.313880
0.760786
-0.318467
0.422450
-0.000135
-0.673981
0.652303
0.333303
-0.423721
-0.501512
-0.394849
-0.252933
-1.155647
0.138312
-0.138488
-1.180474
-0.520918
0.473170
0.391109
-0.117448
-0.331155
-0.070638
-0.333432
0.359351
-0.302711
-0.582757
0.223899
0.162839
-0.602274
-0.372201
1.040521
0.790172
0.689686
-0.826009
0.376154
-0.088415
0.844060
0.746788
-0.030148
0.508281
0.198607
0.329474
0.567609
-0.309610
0.889711
0.444718
-0.899352
0.243075
1.418333
-0.233848
0.123852
0.387220
-0.217741
-0.191889
0.671489
0.052595
-0.327310
0.663018
-0.092075
0.258406
0.211299
-0.145761
-0.462839
-0.952367
-0.161623
0.873559
-0.667011
-0.213746
-0.147681
0.258461
-0.607123
0.621024
-0.419624
0.859057
0.361951
0.424354
0.199987
1.016103
1.112047
0.836813
0.172615
1.111539
0.250112
-0.518154
-0.818720
-0.847677
-0.759356
0.023884
0.247111
-0.945739
-0.054229
0.253809
-0.591978
-0.758294
0.175574
-1.087951
-0.835920
-0.442364
-0.322160
0.493807
0.380524
-0.520583
-0.305406
-0.374213
-0.009980
0.056891
-0.595587
0.731482
0.851389
-0.463820
0.446791
0.058260
-0.123163
-0.617629
0.094423
0.681564
0.997529
-0.238105
0.250206
0.420476
0.255576
0.106485
0.194765
-0.464587
-0.079375
-0.262860
0.673880
1.034203
-0.486034
0.185647
-0.200010
-0.585436
-0.518890
0.627566
-0.254274
0.442365
0.332438
-0.730081
0.538380
0.566083
-0.970581
0.295248
0.058838
0.147017
-0.403612
1.050152
-0.285276
-0.013129
-0.646661
0.482234
-0.377390
0.257868
0.069890
-0.112089
-0.902962
-0.259576
0.111103
-0.543617
0.253484
-0.732336
-0.608155
-0.796882
1.003224
0.100003
0.529176
-0.625068
0.477553
0.148944
-0.266121
-0.191561
-0.643472
-0.006290
-0.213642
-0.402789
0.017457
0.086105
-0.291498
-0.038275
0.990974
0.243928
0.580538
0.192587
0.410755
-0.464293
0.222580
0.614841
0.023915
-0.099742
0.487926
0.508634
-1.056548
-0.593111
0.101203
0.109020
-0.427093
-0.179700
0.291540
-0.560470
0.002117
0.979801
0.624544
0.234213
-0.569694
-0.243250
0.223149
-0.288846
1.156073
0.454401
-0.488928
0.339567
-0.196837
-0.594627
-0.309759
-0.073666
-0.393086
-0.214492
0.588144
-0.124972
-1.621593
-1.083099
-0.545210
-0.212664
-0.293221
-0.015888
0.170457
-0.795355
-0.769268
-0.223211
-0.684542
-0.426827
0.165833
0.027484
1.315596
0.942582
0.311989
-0.138508
0.649760
-0.029308
-0.460151
0.486552
-0.066159
0.265182
-0.834450
0.032016
0.105594
-0.044358
0.155811
-0.342244
0.253132
-0.025488
-0.243445
0.203208
-0.033026
1.046200
0.178187
0.551997
-1.347487
-0.172199
-0.433847
0.590432
-1.031803
-0.733908
0.159541
0.684906
0.556664
0.231836
0.666727
-0.601954
0.370028
-0.108654
0.197944
-0.040465
0.310245
-0.326374
0.330465
-0.495575
0.757045
-0.055918
0.274177
-0.446864
0.514080
-0.054703
0.334920
-0.636178
-0.435020
0.239807
-0.473879
0.684825
