# 参数名称：backbone.features.10.conv.4.running_mean
# 参数形状：(384,)
# 参数数据类型：float32
# 参数值（保留6位小数）：
-0.006495
-0.021497
0.010205
0.008010
-0.026485
-0.026011
0.024467
-0.020179
0.035326
0.035317
-0.010611
-0.001323
-0.034765
0.014890
0.031409
0.008925
-0.007303
0.015343
0.000994
-0.000324
0.005423
0.027189
0.022308
-0.014894
0.016876
0.024846
0.005299
-0.068605
-0.006296
0.028726
0.025742
0.029706
0.012432
0.005927
-0.001268
-0.008880
-0.031154
-0.027033
-0.009382
-0.021915
0.010189
0.014958
-0.017799
0.006790
-0.009064
0.005564
0.009905
-0.025181
0.005876
0.025381
0.013279
-0.004734
-0.020154
-0.019340
-0.009086
0.010777
0.021162
-0.005485
-0.039663
0.009392
-0.006200
-0.013479
0.040179
-0.002329
-0.001053
0.015418
-0.020034
0.011523
-0.030490
-0.014538
-0.013741
-0.002947
-0.019013
-0.014292
0.014278
0.006495
0.036067
0.030594
-0.013632
0.015039
0.015645
0.027638
-0.007061
-0.017888
0.000972
0.002617
-0.001964
0.012507
-0.017372
0.027158
0.035107
0.006420
-0.029816
-0.014754
-0.002938
0.013536
0.025640
0.009239
0.009558
0.020331
-0.010583
0.005456
0.009237
0.001326
0.046774
0.028607
0.014047
0.030169
0.012807
0.009658
0.023885
0.026612
0.013663
-0.009780
0.023124
0.028134
-0.007904
0.012227
-0.007855
-0.001791
-0.005132
0.036405
-0.014080
-0.004961
-0.004500
-0.021496
0.036041
-0.009425
0.025841
-0.039056
0.007367
-0.021301
0.034977
0.011447
-0.002345
0.006608
0.033177
0.030707
0.027536
-0.001186
0.022610
0.059703
0.017024
0.050817
0.038077
0.014757
0.012661
0.005216
-0.003323
-0.011440
0.009486
-0.011272
0.020110
0.004896
-0.011474
-0.017158
-0.011754
-0.022431
0.011666
-0.011595
0.030952
-0.047251
-0.020355
-0.002005
0.003216
0.010328
0.055316
0.034484
0.029646
0.003405
0.003354
0.002940
-0.030157
0.018730
-0.001193
-0.007585
0.007599
-0.009382
-0.022970
-0.029465
0.002425
-0.017068
-0.021704
0.024291
-0.031093
-0.011991
-0.006529
0.019609
0.018150
-0.001430
-0.025895
-0.030212
-0.009055
0.003196
-0.012033
0.039706
-0.020584
-0.021725
-0.029914
-0.005355
0.019122
-0.037423
0.010251
0.032341
0.019779
-0.016800
-0.019707
0.028537
-0.031919
0.013857
-0.018716
0.003017
0.008189
0.006065
-0.000721
0.007946
0.059263
-0.032025
0.008160
-0.014076
-0.003526
-0.007956
-0.011591
-0.016519
-0.043568
0.012840
0.004531
-0.016236
-0.005569
0.041435
-0.008488
-0.013067
0.020889
0.002546
0.038434
0.030342
0.006700
0.004489
0.006018
0.028092
0.030073
-0.012318
0.018663
0.006373
0.018475
-0.014294
-0.022484
0.020222
-0.003693
-0.009343
0.003354
0.014079
0.020321
0.018170
-0.006496
0.020225
-0.024813
0.023131
0.006279
0.040871
-0.045500
0.007884
-0.027327
0.008111
0.021477
-0.016796
-0.014013
0.021926
-0.017688
-0.050022
0.012830
-0.011360
-0.012341
0.016588
-0.006769
0.015915
0.009275
-0.001970
0.001747
-0.045679
-0.018626
0.022361
0.036193
0.010841
-0.011553
-0.016796
0.016761
0.036193
0.019021
0.019014
-0.024541
-0.015302
0.047160
-0.007077
-0.007380
-0.013160
0.030162
0.002218
0.012523
0.008844
-0.015341
-0.003012
0.000075
0.013526
0.021780
-0.008619
-0.013885
-0.006259
0.038855
-0.002069
-0.011973
0.050482
-0.005050
-0.003359
-0.028703
0.018150
0.006307
0.023657
0.015800
0.001203
-0.013106
-0.035057
-0.003804
-0.018588
-0.002519
-0.000985
-0.036651
-0.015855
-0.008281
-0.017991
-0.026471
-0.014341
0.006361
-0.044806
0.002581
-0.012656
-0.011386
0.012516
0.000205
0.006545
-0.000342
-0.000331
0.009213
0.000529
-0.012301
0.044915
-0.013001
-0.036293
-0.015238
0.027528
0.002801
-0.024937
0.011706
-0.017803
-0.019182
0.018120
-0.024909
0.002827
0.011637
0.003847
0.040789
-0.008803
0.011574
0.000277
-0.015272
0.001163
0.004395
0.001564
-0.004510
0.000520
0.034650
0.001698
0.001216
-0.020813
-0.012836
-0.000936
-0.013107
0.011222
-0.017462
0.032704
-0.011975
-0.006658
-0.016400
0.015460
