# 参数名称：backbone.features.10.conv.7.running_mean
# 参数形状：(64,)
# 参数数据类型：float32
# 参数值（保留6位小数）：
-0.829879
0.295802
-2.132297
1.394920
0.363712
1.648176
0.168205
0.259709
2.363514
-0.248745
0.982819
-0.488146
0.541609
-0.624195
0.438713
2.786087
-0.165187
0.396492
0.565194
-1.695185
0.642068
-0.200592
1.434132
-0.275195
0.297347
1.030997
-0.720850
0.817102
0.324983
-0.175192
-0.076001
-1.422505
-0.998203
0.047973
2.359521
-0.623809
-0.002950
0.522434
-0.739329
-1.298642
0.418154
0.526092
-0.510949
-1.060933
1.742143
1.394963
0.151283
0.547792
-3.692819
-1.404872
-2.271158
0.239558
0.585575
1.099030
1.198712
0.811015
-0.005175
0.389927
0.472870
-1.375693
-1.269652
-2.020747
-1.339837
0.760455
