# 参数名称：backbone.features.15.conv.3.weight
# 参数形状：(960, 1, 3, 3)
# 参数数据类型：float32
# 参数值（保留6位小数）：
-0.017790 -0.002571 0.013977
0.027172 -0.014002 0.003046
0.015619 0.006475 -0.018175
-0.028347 0.013750 0.000098
-0.007454 0.032410 -0.010186
0.025626 -0.012435 0.023964
-0.013696 -0.023143 -0.004702
-0.009201 0.012581 0.009418
0.018877 -0.005890 0.005294
-0.025160 -0.026003 -0.004887
-0.009061 0.009039 0.018745
-0.015020 -0.021860 -0.013302
0.023330 -0.003666 -0.029162
-0.015923 -0.001241 -0.013046
0.006486 0.005535 0.004203
0.007599 0.010223 0.006725
-0.013472 0.001998 0.022558
-0.008783 -0.004534 0.010597
0.007273 -0.005564 0.005002
-0.034853 -0.006842 -0.002219
-0.004025 0.017552 -0.000904
-0.010934 0.003196 -0.019131
0.000756 0.045052 -0.015492
0.011313 0.008817 -0.024136
-0.004352 0.007521 -0.000719
0.025385 0.008531 -0.007319
-0.003433 -0.011437 0.010435
0.004160 0.006755 -0.011863
0.005601 -0.005260 0.013396
-0.009519 0.014846 0.016853
-0.020357 -0.014653 0.018915
-0.010042 -0.015237 -0.005505
0.024978 -0.019002 -0.024744
0.015492 -0.005426 -0.009940
0.001920 -0.031905 -0.014250
-0.008397 -0.009090 0.014210
-0.033240 0.013804 0.019844
-0.013367 -0.003342 0.006306
-0.003877 -0.029945 0.034751
0.013079 0.002642 0.014488
-0.009515 0.002755 0.005993
0.014042 0.010710 -0.020309
-0.007680 -0.016651 -0.012791
-0.006763 -0.001057 -0.009550
-0.029873 -0.015247 0.024289
0.014700 0.020747 0.018964
-0.017084 0.017767 0.005267
-0.016421 -0.014806 -0.002701
0.020499 0.023451 -0.000331
0.009758 0.009249 0.015207
-0.015719 -0.027173 -0.013059
0.011790 0.019178 0.012748
-0.002207 -0.014748 0.011192
-0.021054 0.026905 -0.021798
-0.002325 0.007107 -0.008507
-0.018062 -0.000600 -0.013696
-0.025590 0.018989 0.005163
-0.000666 0.014776 0.003016
-0.007575 -0.004855 0.003221
-0.027133 0.023981 -0.019845
-0.013556 -0.011142 -0.007085
0.002376 -0.002424 -0.011542
0.014659 0.020035 -0.026682
0.003699 0.000964 -0.001484
-0.004865 0.006761 0.005534
-0.037776 -0.028320 -0.000190
0.000112 -0.020098 -0.022903
-0.008337 -0.004414 0.011266
0.003761 -0.001968 0.009648
0.024635 0.001968 -0.012735
0.009402 0.013690 -0.002052
-0.022338 -0.000008 0.015115
0.003130 -0.008470 -0.006359
-0.034589 -0.019277 0.018725
-0.038846 -0.018225 0.007068
0.007478 0.002876 0.004665
-0.007524 -0.000692 -0.001672
0.012794 0.035304 0.010185
-0.009293 0.013195 0.009558
0.002961 -0.011181 -0.012559
-0.009952 0.005711 0.021367
-0.025453 -0.001291 0.028480
-0.001758 -0.008712 -0.017434
-0.012810 0.012450 0.031487
-0.023441 0.021902 -0.005972
0.027357 0.008052 -0.003521
0.002386 -0.034110 -0.006938
0.027520 -0.002678 -0.013455
-0.008579 -0.000845 -0.013457
0.003510 0.017977 0.015993
0.001106 -0.008490 0.004866
-0.007732 -0.008826 -0.015545
-0.012876 -0.008348 0.003069
-0.001917 -0.011234 -0.021977
-0.017316 0.003592 -0.002504
-0.011316 -0.005112 -0.010970
-0.012438 -0.002419 0.014125
-0.002510 0.005784 0.016179
0.002317 -0.006070 -0.013394
-0.015693 0.003215 -0.037876
-0.024825 0.007989 0.021419
0.007007 0.010727 0.007630
0.011974 -0.011548 -0.016755
0.005069 -0.008502 0.001665
-0.002982 -0.019836 -0.004926
0.008085 0.000126 -0.019870
0.021416 0.020240 0.001106
-0.001122 -0.007234 0.024751
-0.003544 -0.016577 -0.020006
-0.019029 0.021667 -0.000306
-0.005280 -0.015702 -0.016305
-0.007316 0.029663 0.028779
0.014181 0.008089 0.014049
0.014960 0.024818 -0.008654
-0.003799 -0.034880 -0.020049
-0.022277 -0.037906 -0.014442
-0.010540 -0.001666 0.005553
0.008803 -0.023615 -0.011892
-0.002438 -0.006738 0.001831
0.002098 0.031371 0.010733
0.016417 -0.018971 -0.005157
-0.011205 0.009493 0.028884
-0.001489 -0.015957 -0.000037
-0.030233 0.014038 0.024603
0.018392 -0.021413 -0.016806
-0.002453 0.001809 0.002783
0.001545 -0.003078 -0.012370
-0.020886 -0.017621 0.012574
0.002297 -0.004892 -0.025048
-0.000126 0.015640 -0.003001
-0.010546 -0.002811 -0.003844
-0.020504 0.017690 0.021419
0.005826 -0.011958 0.015568
-0.009491 -0.028112 -0.000124
0.009676 -0.003429 -0.018227
0.018898 0.000669 0.011072
0.000783 0.012898 0.001872
0.017342 0.013801 -0.025721
-0.020223 -0.010845 0.024006
0.009512 0.033801 -0.003227
0.002353 -0.018445 0.000496
-0.004625 0.005540 0.003091
0.001938 -0.017204 -0.044141
-0.007360 -0.015135 0.004151
0.008039 0.010475 -0.008344
-0.022528 0.014067 0.003151
-0.001131 0.009813 0.003263
0.024062 0.000614 0.003094
-0.014777 -0.006180 0.003178
0.028758 0.003515 0.004432
0.005463 0.024419 -0.001515
-0.023601 0.004809 0.008543
0.021818 0.006351 0.003990
0.006307 -0.011861 -0.004354
0.020068 0.013956 -0.002188
-0.011398 -0.001295 0.018603
-0.008118 -0.002720 0.005078
0.008726 -0.012762 0.014161
0.018339 -0.014522 0.003653
0.020017 -0.027841 0.011775
0.008976 0.003296 -0.010108
-0.000069 0.029537 0.012323
0.003773 -0.002306 -0.009164
-0.008642 0.017759 0.016690
0.012359 0.014238 0.004049
-0.014544 -0.005878 -0.007357
-0.035017 0.007592 -0.013935
0.005750 -0.018345 0.003747
0.010927 -0.000159 0.009271
0.012296 0.007163 0.012786
0.036840 -0.019691 -0.027850
-0.016926 0.002716 0.002455
-0.017118 0.016227 -0.023228
-0.005212 -0.016470 -0.033283
0.001820 -0.000645 0.011201
-0.000139 0.009877 0.018629
-0.015678 -0.006186 -0.000701
0.010281 0.017452 0.008413
-0.002591 -0.001615 0.037046
0.004139 0.006288 0.000121
0.039189 0.029899 -0.035076
0.006206 -0.007527 0.031996
-0.015295 -0.006336 0.011966
0.000381 0.013833 0.002574
-0.010116 0.006037 0.008197
0.021095 0.005447 0.016205
0.002318 -0.021298 0.010511
-0.005388 0.027808 0.008470
-0.002028 -0.001173 0.004619
0.028694 0.002426 -0.004913
0.027007 0.010639 -0.009091
0.038060 -0.008999 0.019029
0.001216 -0.004148 -0.019450
0.011322 0.013024 0.001743
0.002731 -0.002018 0.000782
0.009060 -0.013318 0.001539
0.019549 -0.015540 -0.000302
0.030817 -0.014870 -0.005726
0.011468 0.025671 0.008799
0.005372 0.004245 0.003397
0.012607 0.002523 -0.014966
0.031974 -0.019517 0.017237
-0.002836 0.008243 0.005880
-0.008116 0.007373 -0.001134
0.017642 0.036309 0.017716
0.019384 -0.002283 -0.017303
-0.018138 -0.006442 0.018150
-0.026213 -0.009711 -0.010628
-0.006705 -0.012016 0.008837
-0.004211 -0.024115 -0.022472
0.014117 -0.011197 0.010895
0.017326 -0.001564 -0.003402
-0.015395 -0.022352 -0.000670
-0.039829 -0.002342 -0.021931
0.016163 0.010965 -0.000474
0.022895 0.011200 -0.001644
0.002159 -0.002101 0.013254
0.012087 -0.017199 0.030535
0.022325 -0.004137 -0.005801
-0.001617 -0.008038 0.004898
-0.004255 -0.007165 0.007035
-0.006309 0.019482 0.024207
0.005264 0.006582 0.002555
-0.000809 0.010748 -0.006825
0.011122 0.003060 0.011384
0.000431 -0.005625 -0.024519
0.003201 0.006956 0.023451
0.011528 -0.016958 -0.004641
-0.010819 -0.024320 -0.015892
-0.007243 -0.025562 -0.004008
0.012310 -0.021976 -0.015578
0.018788 -0.011626 -0.008482
0.004896 0.000652 -0.021703
-0.010895 -0.004352 0.004878
-0.005898 0.002359 0.010507
0.004692 0.035275 -0.012990
0.009746 -0.002838 0.014666
0.005608 -0.012041 -0.015717
-0.018564 0.008389 0.009792
-0.001612 0.012229 -0.001713
-0.041302 0.016098 -0.004516
-0.008031 -0.001997 -0.014859
0.007968 -0.015672 -0.032434
-0.016859 0.007959 0.011701
0.009764 -0.001423 -0.022687
0.032793 0.008552 0.014415
-0.006117 -0.002045 0.000020
0.011353 0.014727 0.030304
0.009005 0.016313 -0.003426
0.019507 -0.013167 -0.004305
-0.014288 -0.016812 0.010423
-0.000765 0.030435 0.006837
-0.000636 -0.004501 -0.010218
0.006799 0.031972 0.014524
-0.004114 0.018844 -0.020475
0.017498 -0.009792 0.004129
0.016487 -0.002238 0.000759
-0.002859 0.032408 0.018040
0.049283 0.003961 0.006093
-0.017394 -0.016186 -0.000033
-0.019462 -0.012259 0.007408
0.011139 -0.010932 -0.021022
-0.001741 -0.005836 0.022408
-0.008090 -0.017517 0.009336
0.008069 0.018281 -0.018160
0.008021 -0.021252 -0.005846
-0.012588 0.010420 -0.004911
-0.012924 -0.002782 -0.014315
-0.015361 -0.012250 -0.024018
-0.012101 -0.008167 0.007434
-0.018136 -0.003513 -0.019834
0.014984 0.010827 -0.035025
0.003063 0.011757 -0.013251
-0.005691 0.008380 0.011526
-0.023689 -0.003963 -0.022307
-0.010280 -0.025673 0.010973
0.003078 0.047764 0.001346
-0.019646 -0.019583 -0.004096
-0.007508 0.013414 -0.003839
0.004275 -0.002148 0.020143
-0.003826 -0.002265 -0.007334
0.004132 0.002420 0.026631
0.002235 0.026305 0.014157
0.001479 -0.014425 -0.021557
0.007681 0.014429 -0.002612
-0.000924 -0.011623 -0.003383
-0.000253 0.009697 0.002552
0.004513 0.004239 0.036090
0.021636 0.001279 0.013045
-0.013879 -0.000211 -0.015380
-0.030393 0.000940 -0.007347
-0.022990 0.019067 -0.021097
0.011658 -0.007892 -0.005465
0.011833 -0.013771 -0.023516
0.024453 0.002940 0.000491
-0.014524 0.000007 0.010064
0.014755 0.006746 0.026651
0.009225 0.009329 0.007114
0.002009 -0.021328 0.005251
-0.020914 -0.016904 0.021856
-0.016683 0.006028 0.017329
-0.025173 -0.032618 0.013741
0.001370 0.023490 -0.006287
-0.029425 0.001518 -0.011567
0.004026 -0.000208 -0.014395
0.000101 -0.025496 0.018899
-0.017880 -0.016473 -0.012118
-0.015872 0.022191 -0.013385
0.025014 -0.034519 0.011555
-0.008423 0.000396 -0.013339
-0.006645 0.016180 -0.004414
0.031370 -0.004177 -0.011456
-0.009488 0.017397 0.022389
-0.010852 0.004419 0.001236
-0.003304 0.007943 0.002121
-0.013980 -0.024981 -0.022273
0.008593 0.017382 -0.004479
0.007330 -0.024442 -0.003517
-0.001651 -0.018350 -0.028571
-0.000016 -0.017242 0.030200
0.022268 0.004090 -0.003611
0.003473 0.004422 -0.006649
-0.002368 -0.000401 -0.008754
-0.008350 -0.008325 0.005692
-0.014425 -0.011380 -0.030157
-0.001814 0.017123 0.019111
-0.038307 -0.003642 -0.020060
0.002524 0.025238 -0.007573
-0.016837 0.013338 0.019363
0.000568 0.002403 0.020219
-0.014389 0.000788 0.007080
0.003030 -0.002345 0.000549
-0.014149 0.004965 0.001886
-0.005246 -0.026845 -0.006560
-0.011986 0.018384 0.014764
-0.018215 -0.008464 -0.002898
0.005340 0.000491 -0.012469
0.010423 -0.028817 0.001449
0.013430 -0.014679 -0.003398
-0.005152 -0.008187 -0.000304
-0.000561 -0.000799 -0.009759
-0.024886 -0.028628 -0.006588
-0.035174 -0.007908 -0.008388
-0.011697 -0.033808 -0.010415
0.028652 0.004573 -0.011823
0.023866 0.004240 -0.002500
-0.009121 -0.019904 0.015556
-0.001650 0.019332 -0.024805
0.008229 -0.017258 0.009769
0.012629 0.017277 -0.018783
-0.004748 -0.005730 0.001559
0.003559 -0.000085 -0.008745
0.003310 0.014246 0.027610
-0.027465 0.017103 -0.009803
-0.000710 -0.001119 0.003214
0.016757 0.009169 -0.003466
0.003128 0.013073 0.004419
0.015067 -0.001627 0.009783
-0.010015 0.004747 0.019755
-0.001355 -0.006880 -0.015819
-0.007158 -0.030634 -0.010929
-0.016848 0.008335 0.012705
0.007223 0.035272 0.045070
-0.020968 0.019961 0.009282
-0.002088 -0.021458 -0.013747
0.001266 0.003601 0.007233
-0.014659 -0.013978 -0.014058
0.007810 -0.035142 -0.014733
-0.002087 -0.000543 -0.008291
0.011387 0.000873 0.001297
-0.002595 -0.026152 0.000234
0.019237 0.001363 0.008758
0.020669 0.023559 0.036204
0.028868 -0.028142 -0.010711
-0.007682 -0.009416 -0.008910
-0.013686 -0.009430 -0.003057
0.034818 -0.017518 0.016358
-0.008625 0.003443 -0.015217
-0.000275 0.028366 -0.001613
-0.012505 0.019135 0.000488
0.027353 0.014578 0.021375
0.007662 0.013622 -0.008907
0.003319 0.019927 -0.025897
0.012918 0.011702 0.002253
-0.014949 -0.035315 0.008168
0.006757 0.004863 0.026573
0.025123 -0.013774 -0.012636
-0.036685 -0.008909 -0.034535
0.022095 0.012093 -0.007926
-0.002646 0.019207 0.001032
0.025942 0.009564 0.020119
0.020504 -0.002691 0.002370
0.036410 0.004093 0.006572
-0.018756 -0.000644 -0.022493
0.001367 -0.003049 -0.002009
-0.011394 0.003500 -0.014800
0.023389 0.022743 -0.035798
0.015064 -0.013710 -0.016906
-0.020886 -0.024123 -0.018416
-0.010717 0.028672 -0.015824
0.015118 -0.004736 0.003779
-0.010431 -0.019021 0.012230
-0.008550 0.002051 -0.009367
-0.003044 -0.011043 0.002888
0.000973 0.025177 0.021207
0.009627 -0.006928 0.021196
0.034016 0.002881 0.017583
0.004189 0.009320 -0.006250
0.011672 0.014500 -0.009674
-0.024389 0.017657 -0.018056
-0.029315 -0.014794 -0.014131
-0.018309 0.008297 0.004883
-0.015396 -0.004937 -0.020716
0.009938 -0.003740 0.002095
-0.019069 -0.026856 -0.011265
0.001157 0.014413 -0.016389
0.003995 -0.005866 -0.010364
0.014501 -0.008269 -0.002442
-0.007227 -0.013038 0.013573
-0.002792 0.013620 -0.003410
0.005158 -0.034910 0.005194
-0.004970 -0.000736 -0.009958
0.017858 0.008252 -0.028264
0.025577 -0.011550 0.008928
0.013335 -0.014337 -0.016755
0.000908 0.003869 0.000536
-0.004609 -0.010822 -0.011747
-0.020960 0.013893 0.011075
-0.022782 0.037424 0.002317
0.004256 -0.000043 -0.023551
0.028821 0.029822 -0.010449
0.018611 -0.019107 -0.010559
0.016059 -0.008300 -0.035858
0.007931 0.007168 -0.016488
-0.025529 0.002783 0.003597
0.035045 -0.025234 0.050280
-0.012932 -0.001336 -0.000124
-0.000675 0.017712 0.017628
0.001694 -0.007115 -0.010930
-0.001145 0.002056 -0.001634
-0.005083 0.008801 0.010142
0.007928 0.021675 0.002923
0.001433 0.001291 0.018909
-0.014795 -0.015485 0.012910
0.027608 -0.004027 -0.007485
0.009961 0.016154 -0.000752
-0.008366 -0.001503 0.016869
-0.003765 0.001628 0.025245
0.002911 0.014704 0.011768
-0.005430 -0.009752 -0.000717
-0.026836 0.009551 0.005165
0.005149 -0.007072 0.015143
-0.009661 -0.014526 -0.052118
0.020986 0.012270 0.008806
-0.012282 0.028536 0.017704
-0.010443 0.004460 0.004077
-0.006154 0.022432 0.014171
-0.003426 0.025984 0.007034
0.027280 0.012242 0.024114
-0.003524 0.011138 -0.016499
-0.007518 -0.007535 0.009988
0.003935 -0.011959 0.003750
-0.015968 -0.016948 -0.005568
-0.034647 -0.010737 -0.011734
0.010984 0.000147 0.009714
-0.002230 0.011774 0.039242
-0.022329 -0.000166 -0.004452
-0.014920 0.010730 -0.000068
0.003973 0.027315 0.000978
0.020015 -0.011033 -0.003722
0.013601 0.022027 -0.004283
-0.003456 0.009031 -0.002248
-0.001343 0.026215 0.011929
0.007010 -0.001831 -0.020611
-0.025055 -0.004536 0.024520
-0.001597 0.006429 0.010166
-0.032178 -0.005635 0.010584
-0.017279 0.027200 0.000971
0.003241 -0.006018 0.002176
-0.008064 0.018778 -0.000808
0.024518 -0.014434 0.005474
0.019261 -0.010999 -0.003749
0.032548 -0.011232 0.011597
-0.003461 -0.001940 0.015183
-0.034480 0.008873 0.005674
0.009564 0.024929 -0.025524
-0.024125 -0.015243 0.007810
-0.018013 -0.014379 0.003122
-0.013475 0.003862 0.008002
0.011588 -0.029667 -0.007210
0.014897 -0.012864 -0.031050
0.008413 -0.015305 -0.031431
0.014792 0.016744 -0.009824
-0.021897 0.005579 0.003244
0.001171 -0.018682 0.014440
-0.001814 -0.001730 -0.016554
0.008895 -0.021559 0.030564
0.022432 0.004537 -0.020753
-0.011340 -0.003484 -0.006561
0.021717 -0.003197 -0.023810
-0.012228 0.013368 -0.003561
-0.028549 -0.002359 -0.002607
-0.015620 0.005559 0.010413
-0.019346 0.019927 -0.016968
-0.008764 -0.013729 -0.007431
-0.003663 -0.021632 0.041110
-0.014314 0.007487 0.017092
0.008438 -0.009396 -0.007589
0.021251 -0.009640 -0.041920
-0.004929 -0.010274 -0.003725
-0.013399 -0.020681 -0.022953
0.034143 0.017740 0.005749
0.009846 -0.001737 0.010216
-0.016196 -0.011928 0.009133
0.007231 -0.032029 -0.003345
-0.010805 -0.009877 -0.000780
-0.015299 0.034322 -0.007773
-0.019847 0.019240 0.023099
-0.010044 0.026339 -0.017456
0.023038 -0.037598 -0.004783
0.001860 0.026951 0.004056
0.026385 0.021574 0.004836
-0.020152 0.005589 -0.010078
0.012101 0.018822 -0.004943
0.003846 0.021299 -0.006980
0.017158 0.025211 -0.005083
0.004829 -0.016198 0.006592
0.009378 -0.016015 0.009913
0.025531 -0.003384 -0.009889
0.015386 0.021245 -0.001078
-0.006687 -0.000689 -0.019404
0.001841 0.003092 -0.012505
0.005193 -0.016774 -0.009991
0.005119 0.006120 -0.007021
-0.014662 0.013462 0.034225
-0.008279 0.007415 0.024806
0.002902 -0.008255 -0.001481
-0.012868 -0.007835 -0.001748
-0.004432 0.008276 0.009444
-0.008322 -0.002984 0.007563
0.011463 -0.013204 -0.019129
0.032052 -0.007681 0.010807
0.020769 -0.025388 0.018134
-0.039368 0.026199 -0.003225
0.003061 0.002267 0.015054
-0.017904 -0.003394 0.007699
-0.012373 0.014044 0.004201
0.001316 0.020801 0.028217
0.009672 0.034273 -0.008810
-0.023467 -0.004678 -0.008352
-0.000451 -0.003425 0.003786
0.004175 0.027748 0.018248
0.011726 -0.010857 -0.021555
-0.037788 -0.003899 0.012913
0.003246 -0.036690 -0.003494
-0.016373 0.029148 0.001517
0.016351 -0.003626 0.001583
-0.029347 0.014930 0.016475
0.007848 0.008136 0.003671
0.001830 0.003456 -0.020660
-0.017851 0.007900 0.001430
-0.004683 0.002204 -0.007189
0.027272 -0.019805 0.009911
0.018912 -0.006377 -0.006979
-0.008553 0.006737 0.004587
-0.013778 0.014433 0.012836
-0.010622 -0.002874 0.018935
-0.015012 0.006524 0.011585
-0.006311 -0.007812 -0.004805
-0.014767 0.009952 -0.009842
0.002253 -0.005050 -0.008705
-0.005616 0.009946 0.041637
0.009306 0.001331 -0.017360
0.013245 -0.014192 -0.016471
-0.012592 0.007002 -0.006151
-0.021396 0.013069 0.007551
0.008031 0.010131 0.011420
-0.018630 0.033780 0.019848
-0.000881 -0.003616 -0.006289
-0.009304 0.024152 -0.008243
0.015965 -0.011763 0.037145
0.006661 0.004688 -0.020681
0.034671 -0.010657 -0.048415
-0.021596 0.018224 0.002850
0.000534 -0.021424 -0.006711
0.000079 0.012708 0.004212
0.012546 0.017187 -0.000682
0.023926 0.021865 -0.010307
0.001414 -0.006286 -0.019160
0.009519 -0.019984 0.010380
-0.019143 0.012981 -0.012221
0.015463 -0.011960 0.017770
-0.013549 -0.000906 -0.001140
-0.033758 -0.013529 0.014308
0.030823 0.010513 0.008321
0.010397 0.016073 0.008291
0.003408 0.000541 0.004792
-0.005397 -0.006007 0.011603
0.006057 0.000943 0.021285
0.007295 0.008160 0.005984
-0.009168 0.001265 -0.024293
-0.023663 0.005721 0.007031
0.024067 0.017263 0.014537
-0.002327 -0.000715 0.030796
0.004087 0.013660 -0.004244
-0.011361 -0.000633 -0.018905
0.026063 -0.006872 -0.007589
0.012768 -0.005541 -0.016459
-0.029761 0.000297 -0.000644
-0.004563 -0.016190 -0.038451
-0.002997 -0.007815 0.024000
-0.021888 0.001248 -0.019007
-0.002928 -0.005248 -0.003750
-0.011665 -0.003557 0.008220
-0.021036 0.004303 -0.016082
0.005565 0.008745 0.008439
-0.012583 0.006732 0.022004
0.022448 0.008296 -0.013123
-0.001388 0.016827 -0.004948
0.005186 0.011397 0.006173
0.023414 0.001230 0.015455
-0.039508 0.023338 -0.010285
0.015984 -0.004807 -0.004751
0.026654 0.001068 0.034695
-0.002312 0.007060 -0.019151
0.008553 -0.012376 -0.012964
0.000900 0.028746 0.028593
0.010089 -0.002887 -0.000520
0.013493 0.032167 0.020515
-0.008362 0.011534 0.003420
0.000017 0.029726 -0.012422
0.018820 -0.006027 0.008217
0.014876 -0.029608 0.027586
-0.007647 0.003823 -0.008019
-0.013810 0.015027 0.000850
0.013544 0.005718 0.011576
0.015494 0.013530 -0.004130
-0.024239 0.006427 -0.019724
-0.013546 -0.035196 0.023083
-0.008869 0.006771 0.007700
-0.005760 0.002525 0.023716
-0.009929 -0.006700 0.000222
-0.011006 0.002412 0.006203
0.001675 0.019195 -0.005800
0.001777 -0.020260 0.014609
0.038187 0.005782 0.000855
-0.007280 -0.007766 0.012150
0.014866 0.001653 -0.014231
0.001214 -0.023290 -0.014774
0.010970 0.006541 0.002809
0.002021 -0.001921 -0.004469
-0.028607 -0.008356 -0.007961
0.002885 0.003160 0.004524
-0.009610 0.003923 -0.029015
-0.012688 0.030598 -0.000207
0.026689 0.005345 0.015916
-0.006344 -0.022336 -0.012084
-0.032002 0.040072 0.008569
-0.006465 0.018475 0.015200
0.009310 0.016507 -0.023479
-0.020960 -0.001351 0.009555
-0.004409 0.002267 0.026554
0.010267 0.002297 0.010950
-0.001886 0.011281 -0.003077
0.002507 0.005825 0.008414
0.013758 -0.007650 -0.013154
-0.002094 0.009608 0.005600
0.027467 0.016110 0.008978
0.018613 0.012167 -0.010615
0.002277 0.000561 0.014658
0.014704 -0.010451 0.038254
-0.008823 -0.016625 0.012298
-0.005805 0.002608 -0.024723
-0.002985 0.012761 -0.005022
-0.032634 0.008085 0.002862
0.040922 -0.006312 0.009734
-0.026694 0.018920 0.036674
0.024204 -0.002672 -0.004857
-0.003711 0.007374 0.001691
-0.022080 0.022461 0.007643
-0.011709 -0.009463 0.002039
-0.015543 0.018608 -0.016160
-0.004845 0.017316 0.003168
-0.022315 0.000028 0.013616
0.004973 -0.024349 -0.005740
-0.003095 0.023421 0.006409
-0.013010 -0.009625 -0.009377
-0.015756 0.002350 0.001546
0.017803 0.007929 0.007534
0.023723 0.013725 -0.005504
-0.000271 0.004608 -0.006345
0.028189 -0.013912 0.013219
0.021051 0.016027 0.020804
0.027197 -0.013912 0.016111
-0.007630 0.019773 0.002784
0.015617 -0.000276 -0.006502
-0.030957 -0.003748 0.012193
0.004731 -0.019319 0.010029
0.000166 0.004339 -0.000303
0.010932 0.010412 -0.006040
-0.019458 -0.017990 0.015981
-0.031732 -0.001857 0.001858
-0.023423 0.012252 0.017792
-0.009362 0.031794 0.010733
0.014310 0.016392 0.013309
0.003384 0.017924 0.017082
-0.001558 -0.000632 -0.030603
-0.008603 -0.015130 0.000314
-0.015770 0.021182 0.040150
-0.007748 -0.006021 0.002601
0.001353 0.007593 0.010429
0.020463 0.032107 -0.006537
0.007108 -0.031197 0.031059
0.008019 -0.010663 -0.015229
0.003918 -0.021987 -0.017581
-0.001468 0.019308 -0.011261
0.012161 -0.016944 -0.008197
0.006705 -0.036108 -0.000304
-0.009666 0.010530 -0.009038
-0.003463 0.016260 -0.013923
-0.010714 -0.009261 0.001241
0.007135 0.005101 -0.004808
-0.024325 0.020181 0.019170
-0.008296 -0.013243 -0.015464
-0.009975 0.002661 0.002140
-0.003433 0.025149 0.009824
-0.015516 -0.029268 0.000259
0.009401 0.019434 0.011602
-0.016009 0.013500 -0.013461
-0.000951 0.008965 -0.009937
0.005123 0.002826 -0.008683
0.024100 -0.003025 -0.014703
0.026144 0.009358 -0.000388
-0.008446 -0.008166 0.020367
-0.002288 0.010362 0.013196
-0.009660 0.003452 -0.009214
0.014576 -0.004812 -0.003552
0.009820 -0.012990 -0.008733
0.021892 -0.001402 -0.005083
-0.024017 0.005447 0.008958
0.013149 -0.045726 -0.000155
0.006805 -0.000361 0.006567
0.024014 -0.005428 -0.032488
0.003350 -0.004813 0.014223
0.005757 -0.003444 0.010200
0.007196 0.004972 -0.039544
-0.028809 0.001559 -0.002397
-0.027129 -0.001483 -0.007237
0.004713 -0.005197 0.004699
0.009870 0.012657 -0.022188
-0.024580 -0.024642 -0.015064
0.015876 0.005404 0.019818
-0.023082 -0.009691 0.020132
-0.002200 -0.010241 -0.008586
-0.000360 0.007736 -0.012272
-0.001163 0.007976 0.014376
-0.003389 0.018943 -0.011048
-0.025697 0.003558 0.013241
0.010865 -0.013473 -0.001903
0.005621 0.006758 0.001953
-0.003487 0.022636 -0.005685
-0.011970 -0.001802 -0.031174
-0.019870 0.012626 -0.004757
-0.025426 0.010207 0.009920
0.000184 -0.025493 0.011846
-0.005579 -0.027887 0.007367
-0.003601 -0.008615 0.023898
0.017015 0.010699 0.016374
0.004927 0.002843 -0.023091
-0.013305 -0.019718 -0.002671
-0.005883 -0.013138 -0.005188
-0.003053 -0.047407 -0.017051
0.006031 0.000309 -0.018143
-0.013063 0.016739 0.007848
0.006320 -0.017514 -0.002990
-0.024625 -0.007319 -0.031342
0.001281 -0.008334 0.016271
-0.023179 0.001363 0.017319
-0.004680 -0.016909 0.003880
-0.007401 0.008263 -0.000114
0.000022 0.010705 0.011587
-0.003284 -0.002439 0.015859
-0.013229 -0.008429 0.013818
-0.023620 -0.007108 -0.027195
-0.002409 0.016183 0.019171
0.021157 0.012720 0.002331
0.012879 0.003131 0.016358
0.013942 0.027212 -0.006865
0.015064 -0.031182 0.014944
0.009351 0.006718 -0.023640
-0.009175 0.019002 -0.016498
-0.026503 0.007422 -0.011466
-0.019195 0.017320 0.008167
-0.012223 -0.020623 -0.018226
-0.015320 -0.007199 -0.007141
-0.012774 -0.002508 -0.000366
0.019416 0.003263 0.015688
-0.001213 -0.010838 0.013496
-0.003120 -0.004034 0.000380
0.001810 -0.019823 -0.013577
-0.000145 -0.009483 0.005078
-0.036282 -0.006631 0.000684
-0.008002 0.019101 0.024649
-0.003703 -0.007654 0.004570
0.009957 -0.017924 -0.010005
0.018908 0.008427 -0.003955
-0.015910 -0.021652 -0.002639
-0.013694 -0.013272 -0.014950
0.005956 0.018629 -0.028008
-0.018190 0.009389 -0.003134
0.006337 -0.027309 -0.002575
0.007264 -0.005044 -0.033905
-0.006895 -0.004151 -0.003206
0.016292 -0.008957 0.009484
0.023351 -0.008804 -0.005940
0.003209 -0.022537 -0.015736
0.017846 -0.004095 -0.009232
-0.019437 -0.007257 -0.000132
-0.017631 0.006767 0.020130
0.011630 -0.011154 0.001757
0.014583 0.023937 -0.002790
0.023255 0.031961 -0.007809
0.030079 -0.015374 -0.007228
-0.000822 0.006068 -0.007615
-0.002855 0.027182 -0.012381
-0.006791 -0.008896 0.017067
-0.008102 0.007099 0.016090
-0.009087 -0.018199 -0.004106
0.014573 0.037362 0.005443
-0.015294 0.015701 0.022675
-0.022615 0.004692 0.013129
0.023509 0.003366 0.001265
0.007252 0.018591 0.002640
0.002293 -0.000250 0.030569
0.008299 0.041390 0.011221
0.013603 0.003638 0.007730
0.007040 0.031391 0.002582
0.024648 0.006789 0.007425
0.015597 0.002078 -0.024966
-0.005946 -0.021532 0.000626
0.010047 0.034197 -0.020326
0.012745 -0.008302 -0.007998
-0.019797 -0.005633 -0.013810
-0.005480 -0.004977 -0.018877
0.011056 -0.031778 0.006270
-0.015890 -0.017661 0.001496
0.019564 0.014111 0.001197
0.012149 0.005409 -0.021423
0.005306 -0.027169 0.010264
0.010787 0.014261 0.017313
0.024952 0.014921 0.011013
-0.007328 -0.010514 -0.010410
0.027542 -0.003356 0.002138
-0.006589 -0.004675 -0.000502
0.008697 0.001214 0.006702
0.002419 -0.004645 0.010116
-0.000316 0.000766 -0.010400
-0.027322 0.011802 -0.034080
0.008060 0.021438 -0.006028
0.011981 -0.009979 -0.008886
0.013840 0.009120 0.002311
-0.001588 0.021932 -0.004275
0.021289 -0.012104 -0.008566
0.026112 -0.017384 -0.003537
-0.002996 -0.030317 -0.004138
-0.003579 -0.011360 0.003151
-0.014767 0.002903 0.016234
-0.010787 -0.014201 0.005278
-0.009330 0.004592 -0.000351
0.012415 -0.019175 0.014714
-0.003961 -0.004244 0.000653
-0.016616 0.008191 0.006622
0.010098 -0.006612 -0.004993
-0.000563 0.000141 0.026218
0.009784 0.023910 0.021889
-0.009193 0.007988 0.000402
-0.016433 0.001827 0.003385
-0.004629 0.005606 0.007699
-0.023985 0.014990 -0.016255
0.013571 0.000480 0.017213
0.032325 0.005464 -0.010046
-0.004316 0.011758 0.002915
0.009998 0.017437 0.004290
0.006535 -0.008325 0.010076
0.015895 0.018142 0.005544
-0.007597 -0.011703 0.010646
0.004017 0.003571 0.003148
0.013752 -0.004207 0.008022
-0.005960 -0.031097 -0.005285
0.004008 0.015723 0.004273
-0.011910 0.000542 -0.001805
-0.012214 0.009386 -0.014219
-0.000966 -0.002081 0.003857
-0.006505 -0.019414 -0.017938
0.003793 -0.001585 -0.007646
0.007942 0.015228 0.005963
0.002834 -0.010089 -0.000097
-0.020939 -0.015043 0.002293
0.003256 -0.004533 0.018963
-0.016970 0.008129 0.014530
0.000358 0.002050 0.017137
0.023356 0.007539 -0.017849
0.001688 0.010892 0.034331
-0.022770 0.007864 -0.002594
0.004130 0.005840 0.002458
-0.012615 -0.034772 0.014283
0.001942 0.037730 0.004063
-0.015614 -0.014785 0.000755
0.014359 0.012298 0.033505
-0.006565 0.049471 0.022708
-0.005839 0.027336 -0.002188
0.009200 -0.010746 0.008896
0.006556 0.006647 0.002007
-0.006701 0.013475 0.015946
0.015380 0.001810 0.014999
0.009387 0.000306 0.001951
0.021550 -0.006873 -0.002452
-0.023545 -0.020963 0.013924
-0.002220 0.011401 -0.030112
0.025940 -0.035039 -0.004224
0.011620 -0.012447 0.017811
0.011790 -0.010009 0.001040
0.013685 -0.022874 0.031884
0.008397 0.007531 -0.002821
-0.016631 0.009697 0.011728
0.019755 -0.009425 -0.003784
-0.004126 -0.012885 0.004513
-0.007262 0.011746 -0.012195
-0.012101 0.000552 -0.014417
-0.000677 0.039506 -0.012869
-0.012515 0.027269 -0.003228
0.001378 0.019064 -0.005401
-0.005878 0.008848 0.003716
-0.019399 -0.018484 -0.003754
-0.004714 0.002275 -0.002791
-0.014108 0.014518 0.001994
0.002759 -0.026401 -0.025155
-0.023259 -0.027523 0.006779
0.015255 0.007545 0.046934
0.001452 -0.000122 0.026252
0.000249 -0.003859 0.005946
-0.008943 0.007317 -0.001757
0.009285 0.015733 -0.009083
-0.001651 0.007870 0.037935
-0.008994 0.020184 0.000625
-0.013375 -0.014116 0.012507
-0.000307 -0.035398 -0.002180
0.017875 -0.031680 0.011350
0.017326 0.007613 -0.000859
0.000641 -0.015925 -0.004068
0.015296 0.009909 -0.016887
-0.005549 -0.003797 -0.009184
-0.037370 0.002047 -0.001330
-0.004374 0.023174 0.022335
0.006432 0.007171 0.033145
0.017074 -0.010734 -0.012346
-0.011366 0.002782 0.003944
-0.006283 0.001174 0.005375
-0.021033 -0.008854 0.010290
0.000915 -0.020958 -0.026603
0.024765 -0.024505 0.007062
0.009660 -0.003778 -0.005932
-0.013002 -0.028593 0.018720
-0.008004 0.013794 -0.001413
0.002218 0.021543 -0.015292
0.023340 0.038648 -0.034683
-0.007334 -0.011633 -0.021202
-0.005554 -0.017061 -0.036912
0.008589 -0.001554 -0.036698
0.013059 -0.018449 -0.011644
-0.008865 0.019584 0.023740
-0.009883 -0.005607 0.004945
-0.006893 0.026979 0.015732
-0.000317 0.000773 -0.000053
-0.012282 0.005537 -0.010858
0.001188 -0.006110 0.012962
0.005085 -0.004427 0.018305
0.000227 -0.029823 0.001702
0.006680 0.012082 0.003124
-0.000974 -0.029246 0.009088
0.005729 0.011048 -0.011723
-0.015912 -0.002879 -0.005580
-0.026133 0.005745 -0.012561
-0.004097 0.000018 -0.003271
-0.006691 -0.010137 -0.015225
0.001839 -0.005722 0.016978
-0.002357 -0.003817 -0.004939
-0.013990 0.023230 -0.003024
-0.000617 0.006622 0.025602
-0.013349 -0.024034 0.002799
-0.014922 -0.006850 0.012043
0.000701 -0.011868 -0.008641
0.003023 0.024311 0.030007
-0.005352 -0.004010 -0.019278
0.008986 -0.004709 0.006585
-0.018937 -0.011372 0.024567
0.010328 0.008313 0.024706
0.004424 -0.003653 0.017102
0.010602 -0.025329 -0.010299
0.014383 0.000931 0.010699
-0.005756 -0.013394 0.005810
-0.012687 -0.014128 0.020968
-0.000824 -0.010306 -0.017123
0.018202 -0.012354 -0.025835
-0.010259 0.007316 -0.005971
0.006017 0.005246 0.013044
0.004804 -0.002381 -0.000708
0.000384 0.020601 0.010601
-0.006313 -0.002677 0.000863
-0.002690 0.006195 0.019425
0.010500 0.018272 -0.010902
0.026171 -0.035195 0.015115
-0.013047 0.023740 -0.041651
0.027443 -0.046060 0.026312
-0.014367 -0.002781 -0.014964
-0.004339 0.006686 0.029732
-0.002425 -0.003167 -0.000540
-0.010390 -0.000569 0.005888
-0.004893 -0.003977 -0.008614
-0.009412 -0.023938 -0.016065
0.015065 0.015589 0.031702
0.019783 -0.001846 0.008246
0.005472 -0.006640 0.002540
-0.018058 0.006770 0.008841
0.015260 0.030644 0.013685
-0.009849 -0.018684 -0.000070
-0.017097 0.007799 0.005544
0.002931 0.000748 -0.003304
-0.009488 0.009378 -0.022370
-0.004224 -0.013496 0.020316
0.019191 -0.005443 -0.020008
0.021819 -0.021146 0.012265
0.009074 0.018527 0.006953
-0.016511 0.006903 -0.004887
-0.001884 -0.023278 0.014364
0.016100 -0.034892 0.012028
-0.015324 0.004360 0.009646
0.001132 0.010173 0.019079
-0.002812 0.002071 0.006934
0.005121 0.037420 0.010224
0.001075 -0.011964 -0.020249
0.012946 -0.010550 -0.003293
0.040415 -0.009113 0.004248
0.015815 -0.008799 0.008829
0.015899 -0.009874 0.002772
-0.010043 -0.023086 0.003660
-0.024247 -0.017421 -0.005197
0.012599 -0.003588 0.005786
-0.020990 0.033765 0.008964
0.002475 -0.002263 0.022172
-0.026378 -0.010144 0.004694
-0.002426 0.032329 0.016026
0.004369 -0.009498 -0.023483
-0.005655 0.018721 0.012295
-0.001206 0.005999 -0.003488
-0.023390 0.011899 0.025696
-0.002749 0.007109 0.010225
-0.018942 0.001883 -0.018050
-0.001505 0.000793 -0.005377
0.008746 0.016172 0.024829
0.002718 0.000120 -0.032161
-0.008393 -0.016815 0.011150
0.009357 -0.009522 -0.011307
-0.000301 0.005249 0.014981
-0.021441 0.000491 -0.010465
-0.002783 -0.022304 -0.023086
-0.003710 -0.005736 -0.039575
-0.024581 0.003476 0.012879
0.017819 -0.001094 0.011470
-0.002344 0.007507 0.007163
0.019454 0.001676 -0.005449
-0.040001 0.004398 -0.000871
-0.005769 0.004412 0.004433
-0.015571 -0.010251 -0.010328
0.002704 0.018176 0.015267
-0.006822 -0.006726 0.028965
0.009260 0.031567 -0.000077
0.006861 -0.027264 0.007128
-0.006340 -0.028754 -0.024413
0.009002 -0.021143 0.022225
-0.027542 -0.000534 -0.022724
-0.048494 -0.002572 0.006509
-0.014841 -0.008174 -0.019558
-0.006464 -0.004910 0.008091
-0.018602 0.005304 -0.008861
-0.025948 0.028802 0.003799
0.009239 -0.032367 -0.017509
-0.024148 0.002904 0.004418
-0.005737 -0.026462 -0.004551
-0.009377 -0.004002 -0.011837
-0.001233 -0.009210 -0.013410
-0.018493 0.019752 -0.019525
-0.006326 -0.024463 -0.002540
-0.010594 0.006505 -0.008441
-0.017348 0.007857 -0.034769
0.028678 -0.001135 0.018293
-0.007345 -0.004683 0.024737
-0.011931 -0.007274 0.004943
0.011383 0.017682 0.000917
-0.002510 0.006249 0.024695
-0.023569 0.011699 0.000516
0.023044 -0.017323 0.019489
0.008737 -0.009106 0.013446
0.020590 -0.009226 -0.020504
0.033989 -0.024517 -0.003312
-0.021995 0.008793 0.003265
0.010979 0.001741 -0.003360
0.036567 0.007753 0.016970
-0.008028 0.004581 -0.007538
-0.011038 -0.005841 -0.001123
0.012454 0.020364 0.001133
-0.008271 -0.006583 -0.019062
-0.004771 -0.008838 -0.010722
-0.011897 -0.001794 -0.010399
0.007453 0.012668 0.019690
0.003464 0.016581 0.000540
-0.009504 -0.000602 0.014092
-0.039260 0.010524 -0.002053
-0.020518 0.019333 -0.008995
-0.001341 0.013530 0.008862
-0.006179 0.013097 0.001742
0.015293 -0.024046 -0.009567
-0.008525 0.028972 0.012625
-0.010681 -0.006664 -0.000408
-0.022565 0.028273 0.000892
0.018606 -0.004013 0.048808
-0.014106 0.011988 0.021082
-0.000520 -0.007630 -0.014082
0.003642 -0.005225 -0.022716
-0.016805 0.020467 0.010715
0.037756 -0.002884 0.032610
-0.007921 0.015347 0.014266
0.012392 0.030160 -0.020239
0.001853 -0.014850 -0.014329
-0.031826 -0.008242 -0.023040
0.000243 0.010648 0.013126
0.017605 -0.001520 -0.007644
-0.011872 -0.012835 -0.005283
-0.029175 0.004054 -0.016409
0.002590 -0.016651 -0.012965
-0.012355 0.006951 0.009703
0.028382 0.003710 -0.014742
-0.001136 0.012819 0.019518
0.003890 -0.002700 -0.011281
-0.017764 0.017733 0.011028
-0.021928 0.016174 -0.012667
-0.011924 -0.008934 0.012018
-0.015169 0.000236 0.021958
0.007303 0.004995 -0.003154
-0.004806 0.019099 -0.006575
-0.004811 -0.006755 -0.014319
-0.011688 0.003854 0.006957
-0.017501 -0.032856 -0.008437
0.012975 -0.010622 -0.010419
0.014348 -0.032371 -0.031096
0.012066 0.005873 0.002948
-0.012455 -0.003993 -0.009150
0.000411 0.007733 0.028278
0.003649 0.000870 -0.005019
0.016881 0.002910 -0.018963
0.004483 0.009959 -0.008188
0.019283 0.024350 0.024207
0.003925 -0.001972 0.009712
-0.013039 -0.010209 0.017821
0.008270 0.019131 -0.009955
0.004773 -0.001353 0.003974
-0.016486 0.005798 0.006320
-0.011775 0.034537 0.006554
-0.017004 -0.014247 -0.013764
0.035082 0.020954 -0.000242
-0.025286 0.012633 -0.000533
-0.031442 0.012406 0.008568
-0.026527 0.037330 0.019140
0.013801 0.008515 -0.004515
0.026619 0.005875 -0.003109
0.013424 0.002278 0.027968
-0.015850 0.004834 0.010234
-0.000018 0.011420 0.008695
0.001046 0.001785 0.008224
-0.012797 0.001465 -0.025039
-0.009143 0.020311 -0.008927
-0.017968 -0.011145 -0.008447
0.017123 0.004580 -0.019406
-0.009170 0.008174 0.000670
0.012451 -0.013844 -0.007693
0.008470 -0.005717 0.008151
-0.005479 -0.007254 0.002446
-0.012819 0.011885 0.021968
0.008753 -0.012239 0.020202
0.018724 -0.007504 -0.012182
-0.018523 -0.009620 -0.001189
-0.018640 0.011242 0.005523
-0.013581 0.033007 0.027348
0.005693 -0.004750 0.021252
-0.035091 -0.015541 0.033901
0.005225 0.008749 -0.007178
0.008233 0.005610 0.013106
-0.022089 -0.009271 -0.017378
0.021930 -0.010327 0.018174
0.026905 -0.008687 -0.010378
-0.004965 0.031057 -0.002861
0.015012 0.001649 0.006467
-0.002259 -0.009064 -0.001383
0.017194 0.017319 -0.020481
-0.016654 0.030249 -0.003883
-0.004216 0.003309 0.016207
0.000895 -0.012458 -0.015688
-0.013348 0.018316 0.020669
-0.019664 0.004960 0.006338
0.012731 -0.025577 0.013663
0.014364 0.024149 -0.014580
-0.006838 0.000311 -0.003561
-0.004131 0.003521 -0.003229
-0.010411 0.006915 -0.008168
0.018710 0.029133 -0.000282
0.002938 0.009375 0.001897
0.015027 0.000471 -0.000824
0.010999 0.017216 0.025292
-0.022601 0.020277 0.019590
-0.005045 -0.012930 -0.028682
0.016157 -0.010304 0.016455
-0.008758 0.009159 -0.005731
-0.018111 0.004783 -0.004840
-0.025404 0.001694 0.038960
-0.023330 -0.003111 0.010494
-0.000998 0.017218 0.005915
0.014806 -0.007747 -0.019080
0.017426 0.012278 -0.005662
0.015142 -0.006001 0.002177
-0.002977 0.009158 0.014423
0.015160 0.016936 -0.016881
-0.016158 0.005727 -0.018218
-0.003835 -0.004798 0.009591
-0.020048 -0.024846 -0.017723
-0.009195 -0.012586 -0.018572
-0.014999 0.004276 0.001470
0.028780 -0.007776 -0.018646
0.008458 0.006158 -0.004753
0.005305 0.006782 -0.018612
-0.000378 -0.019187 -0.005932
0.004179 -0.005473 0.003697
-0.004078 0.026900 0.002662
-0.016302 -0.019791 -0.018932
0.015168 -0.023219 -0.026619
-0.003174 0.033275 -0.016868
-0.018797 0.002773 -0.002991
0.003212 -0.007940 -0.006683
0.030656 -0.018215 -0.025974
-0.011534 -0.017243 -0.008687
-0.035918 -0.018471 -0.023589
0.019091 0.007105 0.009780
-0.002923 -0.006255 -0.025332
-0.014353 0.001973 0.002150
-0.001319 -0.018198 -0.031053
-0.007293 0.002244 0.019150
0.017095 0.017919 -0.019496
0.007022 0.001317 -0.026800
-0.009667 -0.005775 -0.017669
-0.005866 0.021441 0.008915
-0.005440 -0.001360 0.002539
-0.009927 -0.011227 0.023778
-0.007186 0.001538 0.017027
0.005317 0.000471 0.039926
-0.004710 -0.004434 -0.014090
0.008734 0.031510 -0.010780
-0.007826 0.008909 0.007187
0.009788 0.000227 0.004930
0.007770 -0.022787 0.010316
0.012271 -0.036415 -0.008285
0.006468 0.001002 -0.008788
-0.015628 -0.012852 -0.011559
-0.011616 0.000157 0.008001
-0.005390 -0.004922 0.009399
0.007442 0.002582 0.011066
-0.000249 0.015323 0.019436
-0.012910 0.011520 -0.005123
-0.009887 0.017216 0.014798
-0.013389 -0.005283 0.000209
-0.012531 -0.014051 -0.011808
0.007233 0.010432 0.026840
0.006936 0.006358 0.013163
-0.020873 0.009938 -0.022750
-0.019649 -0.006342 -0.000630
-0.007839 0.017249 -0.005238
-0.004441 0.016700 0.001349
-0.031719 -0.003192 0.000628
0.006835 -0.020251 0.010983
-0.022602 0.003308 -0.016268
0.015726 0.007108 -0.004412
0.015747 -0.002929 -0.007954
-0.003498 0.009328 -0.013067
0.005981 -0.001455 0.028772
0.016133 0.002413 -0.046204
0.031880 -0.006121 0.010902
-0.008178 -0.002866 -0.011883
0.015687 -0.016648 -0.003895
-0.016775 0.004704 -0.020021
0.024781 -0.012424 0.003479
-0.005582 -0.007781 0.015580
-0.000640 0.018010 -0.005193
0.027858 -0.003022 -0.016055
0.004091 -0.013678 -0.001521
0.028906 0.005482 -0.007884
0.012025 -0.005576 -0.004506
-0.024333 0.000817 -0.014730
0.027334 0.001476 0.043184
-0.008269 -0.018226 -0.027479
0.001389 -0.011715 -0.010917
0.002105 0.022250 0.013476
0.006763 0.017463 0.035831
-0.007751 -0.004880 0.008807
0.003346 -0.021654 -0.021490
0.014648 0.011120 0.008313
0.012722 0.003687 0.023843
-0.004901 0.016401 -0.015186
-0.020980 -0.010605 0.004116
-0.006061 -0.004087 -0.009240
0.015788 0.011404 0.003811
0.004683 -0.006927 -0.004572
-0.017665 0.003875 0.000826
-0.006798 -0.014913 -0.003049
-0.000570 -0.007440 -0.016608
-0.011278 0.037380 0.004588
0.013918 -0.005818 0.003980
-0.013067 -0.012253 -0.013069
0.005526 0.023860 0.008226
0.023730 0.020543 -0.033479
-0.010389 0.027577 0.021314
-0.019961 0.003741 0.012404
0.018164 0.014174 0.011295
-0.002448 0.009030 0.003883
0.018858 0.003407 -0.011866
0.009204 0.008413 0.015914
0.006299 0.039005 0.015237
-0.008961 -0.010937 -0.022214
0.038936 0.029726 0.044929
-0.015838 0.004811 0.004431
-0.014718 0.019532 0.005542
-0.003340 0.019543 0.015222
-0.013039 0.018508 0.003378
0.003516 -0.024007 0.007910
-0.007696 0.019130 -0.002600
0.002334 0.037234 0.003536
-0.017518 -0.004800 -0.024906
0.023298 -0.015077 -0.002773
-0.005967 0.035395 -0.041663
-0.011423 -0.007549 0.006050
-0.001338 -0.009701 0.005620
-0.002117 0.002683 0.038857
0.037891 -0.014246 0.016541
0.000870 -0.016366 -0.008574
-0.017349 0.004445 0.010155
-0.011399 0.015151 0.015135
-0.011424 -0.007811 -0.003115
0.008354 0.000890 -0.001079
0.000164 0.004646 0.004918
-0.020396 0.012882 0.000870
0.019709 -0.008382 -0.003884
0.001823 0.009475 0.006391
0.019099 0.030515 -0.001399
0.009690 0.012753 -0.005108
0.013335 0.011505 0.026990
0.003367 0.001581 -0.005617
-0.024619 0.013016 0.004627
-0.001297 0.034527 0.014360
-0.015976 -0.005992 -0.008597
0.009279 0.005446 0.034005
-0.000391 0.010769 0.020356
-0.009359 0.002178 0.011584
0.003046 0.006022 0.002704
0.008270 0.016292 -0.017944
-0.017465 -0.039584 0.007841
0.016142 0.009577 -0.012393
0.002844 -0.000916 0.006832
0.019944 0.008845 -0.011152
0.016801 -0.009611 0.005349
0.017913 0.021219 0.001565
0.017934 -0.015302 0.008048
0.009710 0.028983 0.016182
0.024378 0.015864 -0.011912
-0.002186 -0.004051 0.002649
-0.002060 0.014486 -0.000089
0.004560 0.028643 0.003885
-0.001936 0.018633 0.031539
-0.021707 -0.005003 -0.003790
-0.008725 -0.014715 -0.007304
0.032955 0.014042 -0.019493
0.023434 -0.008766 0.020642
0.019272 -0.003092 0.003504
-0.005808 0.007230 0.006069
-0.001828 0.017381 0.013573
0.018182 -0.002305 -0.000164
0.018362 -0.006398 -0.009696
0.014133 -0.033703 0.005234
0.008368 -0.006332 -0.006797
-0.023868 -0.005339 0.000175
0.009522 0.012225 0.008600
0.007337 -0.024783 -0.026739
-0.020021 0.003794 0.025004
-0.021093 -0.019463 0.023685
-0.007809 0.042414 0.002914
-0.017937 0.035888 -0.024279
-0.019534 0.005806 0.008615
-0.009284 0.007308 0.002641
-0.005461 0.013432 0.015893
-0.004335 0.019645 0.010698
0.026395 -0.037593 -0.020899
-0.013018 -0.010069 0.012202
-0.002686 0.018353 -0.037412
-0.037320 -0.008161 0.003785
-0.018876 0.018573 -0.004177
0.003366 0.032766 0.004327
0.013947 0.017414 -0.012793
-0.036282 -0.016697 -0.002897
-0.005950 0.000459 0.004206
-0.000156 -0.003517 0.014287
-0.004587 0.002645 -0.002502
0.017245 0.012889 0.021318
-0.004433 -0.003578 -0.011731
-0.006403 0.013079 -0.019771
-0.002686 -0.004617 0.008458
-0.013171 -0.023870 -0.007802
0.033591 0.018202 0.001844
0.006355 -0.021106 -0.014697
0.002201 -0.003572 -0.012923
0.012185 0.024881 -0.026157
-0.002158 -0.044489 -0.034661
-0.032768 -0.016071 0.025462
0.033562 -0.026536 0.011345
0.001538 0.016751 -0.027692
-0.024922 -0.029747 0.018445
0.028294 -0.004988 0.019398
0.005406 0.011066 0.016162
-0.004680 -0.025573 0.032129
0.021126 0.016625 0.003719
0.006453 0.028696 -0.018267
0.001624 0.032165 -0.006958
-0.009016 0.004789 0.031047
0.001806 -0.004659 0.013322
-0.015179 -0.024729 0.004642
0.019169 0.009716 0.039182
0.006457 0.006876 -0.003802
0.004207 0.007464 0.006111
-0.018320 -0.001966 -0.022138
-0.008233 -0.004300 0.011941
0.001833 -0.005717 0.008902
0.004897 -0.010616 -0.001053
-0.013328 -0.007099 0.012530
-0.023417 -0.005405 -0.018457
-0.040779 0.008752 -0.012011
-0.006314 0.008979 -0.016073
-0.013149 -0.020386 0.015685
0.014463 0.020940 0.020663
0.000515 -0.022080 0.001823
-0.002247 -0.030639 0.009613
-0.002133 0.010435 -0.014019
0.010080 -0.010452 -0.001123
0.009215 0.003307 0.014699
0.010204 0.007924 -0.014299
0.015118 0.024292 -0.013339
-0.023470 0.003798 -0.021043
-0.018674 -0.020395 -0.018341
-0.050440 -0.020816 0.010238
-0.012027 -0.009381 0.015298
0.004347 0.011578 0.022973
-0.003144 0.008885 0.009463
0.003183 0.020987 0.024155
0.011393 0.007060 0.012017
-0.004875 -0.013314 -0.019498
0.019153 -0.040596 -0.033103
-0.015731 -0.004129 -0.005114
0.006978 -0.011435 0.002934
-0.011184 0.007433 0.008307
-0.019971 0.000498 0.001468
0.009108 0.000931 -0.014014
0.016194 0.027107 -0.001027
-0.030070 -0.020111 0.014871
-0.004300 -0.003423 -0.002466
-0.016961 -0.006416 -0.033243
-0.032748 0.001225 0.014022
-0.014648 0.004946 -0.004325
-0.014787 -0.010493 -0.018414
-0.019823 0.012749 0.010608
-0.011318 0.013674 -0.008217
-0.018960 -0.007105 -0.009824
0.022266 0.006429 -0.018627
0.010480 0.005757 0.012432
-0.017035 -0.011483 0.013573
-0.006364 -0.002006 -0.001768
-0.009246 -0.004891 0.010138
0.003349 -0.016338 -0.001800
0.006129 0.007250 -0.047886
-0.001375 0.004467 -0.018805
-0.015836 -0.005181 -0.001491
0.005876 0.017927 0.015587
0.005414 0.003843 0.019466
-0.025474 -0.038917 0.033209
-0.011558 0.004909 -0.007612
0.008820 -0.004358 0.006083
-0.005459 0.001811 0.024181
0.001352 -0.022599 -0.027816
-0.022458 -0.015430 -0.014029
0.026253 -0.020825 -0.003773
-0.000522 0.001494 0.018024
-0.045942 -0.008584 -0.024994
0.008342 0.009037 -0.009776
-0.003298 0.007525 -0.015473
-0.017783 0.018266 0.003257
0.002847 0.019913 0.023365
0.011338 0.024924 0.002833
-0.005669 -0.004257 0.014113
0.012294 0.021342 -0.003398
-0.003785 -0.013526 0.001300
-0.018451 -0.006547 0.024898
-0.038580 0.001876 0.012561
-0.003791 -0.011857 -0.004943
0.010729 0.006675 0.014153
-0.002546 -0.008710 0.007069
-0.008772 -0.002515 0.003795
-0.004280 -0.003922 -0.002421
0.004768 0.011778 -0.008616
0.022877 -0.021697 -0.023555
-0.022195 -0.000376 -0.019899
-0.027866 0.016611 0.024689
0.000224 -0.004313 0.009959
0.010319 0.019751 0.018634
0.008263 -0.007381 -0.013037
-0.021671 0.017289 -0.023196
0.011673 0.000968 0.013094
-0.006957 -0.025294 -0.006758
-0.023571 -0.023678 0.032162
-0.005655 0.045045 0.002588
0.009248 0.033522 -0.014447
-0.018503 -0.000163 0.010224
0.006981 -0.002535 -0.012511
0.006937 -0.030927 0.012338
-0.028141 0.000962 -0.008366
0.001243 -0.011608 0.000769
0.021985 -0.009141 -0.004742
0.001927 0.011714 0.034597
-0.001203 0.010522 -0.006675
-0.001705 0.013137 0.009350
0.026048 0.005827 -0.029080
-0.025360 -0.014988 -0.008396
-0.013988 -0.013111 0.000681
0.010635 0.011618 0.009433
-0.001054 0.006619 -0.024639
0.026129 0.000244 -0.001817
0.002499 0.017057 -0.016479
-0.014022 0.001279 -0.013340
-0.017656 0.009199 0.001102
0.014806 -0.033366 0.014452
0.017036 0.000337 0.003458
0.004438 0.023625 -0.009961
0.014836 -0.020430 -0.008624
0.017968 -0.017360 -0.004709
-0.013133 0.009558 0.010253
-0.002482 -0.009085 0.002614
-0.028690 0.002274 -0.004190
0.010305 0.036309 -0.006816
-0.014359 -0.011468 0.012412
0.010773 -0.004134 0.010689
0.003786 0.004903 0.003829
-0.042615 0.003765 0.018517
-0.009821 0.003541 -0.032674
-0.009986 0.008439 0.015681
-0.014997 -0.006575 -0.003737
0.002909 0.014155 -0.006027
-0.029294 0.028158 -0.012354
-0.012185 0.004188 -0.000619
0.018058 0.004650 0.004744
-0.010698 -0.040633 0.025807
-0.003162 0.037535 0.003239
-0.001763 -0.001160 0.029738
0.007820 -0.010635 -0.028153
-0.007750 0.025365 -0.003393
0.006734 -0.037077 -0.031831
-0.026676 0.000967 -0.007954
0.033317 0.015834 -0.013799
-0.006781 -0.005802 -0.012474
-0.008875 -0.031999 0.017944
-0.010894 -0.004534 -0.002356
0.004679 0.003466 -0.008920
0.014455 -0.012253 0.025384
0.011181 -0.022341 -0.011181
0.001763 0.017437 0.015272
0.018974 -0.034504 -0.019231
-0.007489 0.015519 0.022907
0.001678 -0.006095 -0.015282
-0.003851 -0.001898 -0.004575
0.004708 0.018356 0.022070
-0.028476 -0.015828 -0.042441
-0.003256 0.013861 -0.025052
-0.002223 -0.021995 -0.028678
0.020920 0.012358 0.006492
0.009953 -0.012530 -0.014486
-0.004258 0.004607 -0.012310
-0.015752 -0.001198 0.011249
0.003555 -0.002839 -0.006867
-0.006213 -0.018902 0.003407
0.017476 -0.006554 0.017927
0.003381 0.022782 0.018079
0.004565 0.001936 0.001580
-0.003136 0.011677 0.001217
0.030003 0.004599 0.001038
0.028082 0.002248 0.015851
0.006318 0.011036 0.009962
0.003002 -0.003891 -0.019725
-0.007618 0.011427 0.006148
-0.007126 0.007775 -0.036493
0.010855 -0.008698 -0.018366
0.015844 0.018209 -0.022189
-0.015775 0.043203 0.009086
0.013791 0.013272 0.019967
-0.003286 -0.019580 0.008753
-0.011212 -0.012470 -0.015542
-0.002413 0.004951 -0.013306
-0.031101 -0.017779 0.003064
0.006587 -0.001956 -0.017466
-0.024852 -0.021798 0.000529
0.002046 -0.009503 -0.001751
-0.008062 -0.006646 0.011683
0.002426 -0.004892 0.028457
0.012184 -0.012902 0.004338
0.006731 0.038414 0.012466
-0.008608 0.010319 0.018943
0.005782 -0.006761 -0.011315
-0.010870 -0.008078 -0.014322
0.010894 -0.004116 0.016587
-0.010625 -0.001040 -0.015559
-0.000326 0.015600 0.018217
0.005419 0.015025 0.019580
-0.000191 -0.002911 0.013254
-0.020673 -0.039171 -0.002927
-0.000733 0.013512 -0.005738
0.003031 0.020026 0.022776
-0.003881 -0.007885 0.041340
-0.007058 -0.011287 0.000166
0.010460 0.032493 -0.002364
-0.024205 -0.021588 -0.008630
0.002200 0.010472 0.003479
-0.024298 -0.029256 -0.004241
0.000342 -0.009589 0.004693
0.002830 -0.004725 -0.009260
-0.000190 0.016378 0.005490
-0.012336 0.007612 -0.003522
-0.010315 -0.002909 0.023153
0.000069 0.003372 -0.014167
-0.003404 0.014146 0.018427
0.005339 0.010473 0.017859
-0.018891 -0.019693 0.025767
-0.009848 -0.000584 -0.009441
0.010495 0.001155 0.007057
0.000647 -0.001443 0.005509
-0.016344 0.011967 0.012273
-0.009448 0.008211 0.026264
-0.000329 0.004693 -0.006896
-0.012366 0.000194 -0.001651
0.003635 0.040212 -0.004001
-0.005381 -0.001732 -0.002444
-0.012196 0.003425 -0.018834
0.025149 -0.015552 0.013846
-0.017012 -0.017390 -0.026983
0.022803 0.001842 0.015361
0.009274 -0.021422 0.034001
0.012884 -0.004579 0.006165
0.026544 0.014831 -0.020421
0.008986 -0.011672 0.035911
-0.001149 -0.010171 0.016655
-0.011999 -0.014114 0.010459
-0.015787 -0.000077 0.012812
-0.032089 0.004071 -0.030464
0.041630 -0.003578 -0.001303
-0.007673 -0.019977 -0.012974
-0.007651 -0.022903 -0.021321
0.003832 0.016009 0.010763
-0.007066 -0.020007 -0.030039
-0.016957 0.012162 0.010421
0.013098 -0.030406 0.004836
-0.000772 -0.004000 0.022641
-0.003083 -0.031460 -0.002257
0.020585 0.018547 -0.004052
0.002906 0.017934 0.000146
0.016673 0.005619 -0.005787
-0.004790 -0.006522 0.012527
-0.014172 -0.003024 -0.000343
0.015339 0.009141 0.011551
-0.003158 -0.029498 -0.007810
-0.001581 0.002965 -0.008922
0.013927 0.008793 0.012379
0.007346 0.009288 0.006829
-0.014564 -0.017815 0.011859
0.005175 0.002158 -0.002861
-0.011520 0.034035 -0.005825
-0.010376 -0.009446 0.002164
0.004700 -0.018433 -0.020457
-0.008001 -0.006986 0.010726
0.018156 -0.005744 -0.020591
0.002265 0.004423 0.011689
0.013776 -0.033671 -0.043263
0.004127 -0.001685 -0.012321
0.013094 0.000436 0.022655
0.020971 -0.001510 0.015352
0.013539 -0.003755 -0.028317
0.016312 0.005104 0.039121
0.029825 -0.018757 -0.005772
0.005349 -0.009756 0.018669
-0.020485 0.013523 -0.025271
0.019368 -0.015970 -0.005638
-0.000971 0.020696 0.001146
-0.022926 0.005213 -0.020183
-0.016035 -0.019881 -0.013842
-0.018614 0.021598 -0.020650
-0.006022 -0.001964 0.007539
0.017147 0.011680 -0.020499
-0.005575 0.014565 -0.017178
-0.015616 -0.002251 0.010459
0.029911 0.015882 0.002088
0.002113 -0.016409 0.004381
0.034343 0.018765 0.011958
-0.031428 0.001718 -0.014383
0.007980 0.012451 -0.002521
-0.018519 0.006134 -0.001988
-0.010565 0.008567 -0.002060
-0.012785 -0.008973 -0.007652
-0.008942 -0.005289 -0.000471
0.029726 -0.027437 0.006686
-0.012020 0.013325 0.030026
0.011813 -0.002738 0.001452
-0.002429 0.005092 -0.016195
0.015491 0.008136 -0.012085
-0.021579 0.003541 0.012064
0.004992 -0.040389 -0.008754
-0.011871 -0.001275 0.007139
0.000918 0.002205 -0.009239
0.000623 -0.031834 0.021887
-0.009599 0.002661 -0.000345
0.023276 -0.001093 0.011058
-0.008027 0.001494 0.014403
-0.011841 0.010599 -0.008564
0.006843 -0.007982 0.004383
0.006333 0.001528 0.009666
0.006223 0.009636 0.004638
-0.006993 0.034391 0.012547
-0.013518 0.001581 -0.001547
-0.001184 0.016615 0.004148
-0.033967 0.014797 0.012847
-0.009774 -0.029105 0.010326
-0.017716 -0.018907 -0.012465
-0.010491 0.015379 0.004210
-0.011005 0.027079 -0.009676
0.014396 0.000204 -0.013867
0.034500 -0.006958 0.016606
0.022194 0.016595 0.005525
0.010942 0.011253 0.006541
0.011845 0.007428 -0.004552
0.007547 -0.010039 0.021529
-0.020103 -0.013149 -0.031966
0.007284 0.009075 0.037623
-0.007381 0.013730 0.039546
-0.008779 0.010829 0.008448
0.015047 -0.000351 0.010275
-0.007191 -0.022809 -0.023287
0.001429 0.005928 -0.003276
0.023908 0.014514 -0.002042
0.013409 -0.013583 -0.003232
0.025316 0.010255 -0.014733
0.004153 -0.011576 -0.003044
0.015644 0.020760 0.003082
0.002835 0.010279 0.027929
-0.011844 -0.002917 -0.007961
-0.022473 -0.017113 -0.003903
-0.006327 -0.003943 -0.021265
-0.000967 0.005032 -0.001635
0.004196 0.016118 0.008390
0.011643 -0.017890 0.009448
-0.006275 0.005017 -0.009208
-0.001362 0.006678 0.028638
0.000128 0.004410 0.011248
-0.015210 -0.018792 -0.025820
-0.010098 0.006120 0.021627
-0.022241 0.023666 0.012269
0.028370 0.001607 0.005489
-0.008813 0.017060 -0.003283
-0.006592 -0.015711 -0.011904
-0.014712 -0.001033 -0.005685
0.038275 0.002450 -0.004672
-0.008127 0.016987 -0.008757
-0.000186 0.015183 -0.010445
0.003558 0.003160 -0.018976
0.015099 0.011709 -0.015569
0.014387 0.009797 0.023443
-0.003818 -0.013733 0.006655
0.003615 -0.024531 0.006285
-0.005581 0.000307 -0.034580
-0.026581 0.028991 -0.037500
-0.016974 -0.009434 -0.004098
0.005630 0.018667 0.015355
0.015091 0.013204 0.001298
-0.012319 -0.005049 0.025336
-0.028448 -0.007137 0.001887
-0.010569 -0.014809 0.025142
-0.015976 -0.015087 0.005193
0.015172 -0.000026 -0.006684
0.033816 0.013966 -0.014861
0.037809 0.009252 -0.007704
-0.000521 -0.028649 -0.014702
-0.005581 -0.005412 0.009734
-0.025529 -0.017963 0.001890
-0.023162 0.003301 0.014874
-0.003499 -0.014485 0.022601
-0.003463 -0.021544 0.019379
-0.004707 0.017507 0.000342
0.017020 0.000476 -0.022549
-0.028094 -0.016375 0.007427
0.011530 0.002946 0.001518
-0.010549 0.002968 -0.026115
-0.012331 -0.016969 -0.006859
-0.000937 -0.015897 0.019006
-0.003062 0.007902 -0.004052
0.015535 -0.002830 0.017681
0.010278 0.019092 -0.013217
0.007634 0.008668 0.007284
-0.007552 0.015629 0.010404
0.013043 0.003341 0.042696
0.001767 0.023429 0.013474
-0.023212 0.014072 0.001814
0.027939 0.017354 0.001114
0.014062 -0.010027 -0.003375
0.003353 0.011710 0.019252
-0.019420 0.009206 -0.022275
0.016218 -0.002651 -0.023669
0.005464 -0.008951 0.006490
0.016788 -0.006984 0.004779
-0.024583 0.007501 0.016737
0.006779 -0.013129 -0.008560
-0.010684 0.023239 0.022816
0.005938 0.002327 0.001278
0.011370 -0.023716 -0.014884
0.018280 -0.017491 0.033047
0.010635 -0.002450 -0.006551
0.013198 -0.002073 0.012022
-0.011818 0.001061 0.004036
0.009229 0.003258 -0.010524
0.010579 0.036351 0.000145
-0.014123 -0.009922 0.014132
-0.025039 -0.015770 -0.009680
-0.004104 0.003846 0.004227
-0.014640 0.012978 0.004002
-0.008797 0.008142 0.004913
0.008030 0.003604 -0.003536
-0.019626 0.000343 0.019815
-0.012889 -0.006762 0.001249
-0.022804 -0.015843 -0.010505
-0.001443 0.005148 0.017579
0.002084 0.017398 0.003979
0.030592 0.028615 0.052034
0.007436 0.015656 0.025265
-0.009579 0.000866 0.012897
0.005937 -0.005385 0.016515
0.008062 -0.003588 0.020810
0.002700 0.017435 -0.008167
0.004347 -0.023434 -0.013434
-0.002368 0.024409 -0.022553
-0.001374 -0.014713 0.021749
0.009827 0.004901 0.012700
-0.000402 -0.003916 0.009119
0.014578 0.010352 -0.037219
-0.009992 -0.017478 -0.012809
0.031918 -0.000259 -0.008762
-0.033357 0.007758 -0.010229
-0.007814 -0.026951 -0.013186
0.018825 0.002345 -0.002942
0.003928 -0.004531 -0.002589
-0.008930 -0.005236 -0.008437
-0.011488 -0.004546 0.011268
-0.006484 0.028152 0.011179
-0.001211 0.001918 0.012492
0.028305 -0.005181 0.013694
0.014932 -0.001940 -0.007365
0.013893 -0.001859 0.002020
-0.020485 0.007804 0.019629
0.011341 0.008972 -0.016394
0.020661 -0.021174 -0.006611
0.028272 -0.012348 0.027844
-0.012734 0.011153 0.002086
-0.000982 -0.028728 -0.010764
0.001178 -0.014210 0.002505
-0.017384 0.004950 0.003645
-0.005766 -0.006280 0.008721
0.003785 -0.008318 0.017610
0.013772 -0.016519 0.015148
0.000827 0.012916 -0.004042
-0.003837 -0.030445 0.010674
0.021105 -0.013731 0.002624
-0.002678 -0.007495 -0.006169
0.009064 -0.006817 0.020460
0.010724 0.000456 0.005962
-0.033398 -0.005246 0.003017
-0.014741 -0.032084 0.004159
0.021956 0.009786 -0.001249
0.006413 -0.004023 0.022215
0.010778 0.006004 0.015304
-0.022244 -0.017083 -0.007366
-0.006300 -0.006057 0.002201
-0.023647 0.006780 0.004129
0.006831 -0.016048 -0.024472
-0.012870 -0.036957 0.005226
-0.019513 0.008446 -0.021199
-0.020903 -0.002316 -0.004958
-0.023416 -0.026678 -0.008475
-0.005012 0.002108 0.018734
-0.000731 -0.006074 -0.000422
0.022728 0.028857 -0.006468
-0.006453 -0.008069 -0.015430
0.029035 0.019939 0.005278
0.012546 0.006983 -0.019213
-0.001129 0.014692 -0.031775
-0.007069 0.004545 -0.009526
0.023162 0.018705 0.004928
-0.007169 -0.011391 0.012110
0.009878 0.039582 -0.004051
0.009099 -0.007696 0.009721
0.009053 -0.001352 -0.002692
0.004263 -0.011895 0.010608
-0.005670 0.019603 0.022418
-0.001900 -0.006985 0.023713
0.006866 0.032515 0.009255
-0.003541 0.014236 -0.011749
-0.005364 0.004319 -0.015809
0.015386 -0.004168 0.006349
-0.016915 -0.003036 0.002407
0.001758 -0.009156 -0.011055
-0.029238 0.017482 -0.006874
-0.001746 -0.002534 -0.002229
-0.012136 -0.017308 0.023667
-0.002041 -0.007257 -0.001033
0.008272 0.010581 -0.007975
0.001001 0.000405 0.003061
0.016714 -0.006023 0.012841
0.017132 0.014293 0.023158
-0.000946 0.003639 -0.024766
0.002382 0.005205 0.005983
-0.023871 -0.011018 -0.004850
0.021614 -0.016044 0.000013
-0.028456 0.005662 0.018525
0.000339 0.019233 0.016306
-0.010473 0.006009 -0.024117
-0.037752 -0.004704 -0.000689
-0.026665 0.021951 -0.014001
-0.009610 -0.015219 -0.011014
-0.012217 -0.016201 -0.014928
-0.005299 0.008392 -0.003347
0.017484 -0.027984 -0.008935
-0.026188 0.022974 0.016727
-0.011436 0.004565 -0.010440
-0.004304 0.006683 0.007122
0.007642 -0.009575 -0.001580
0.027064 -0.006194 -0.008667
0.001322 -0.011536 -0.012414
0.000546 0.000372 0.009087
-0.012400 -0.025773 -0.019748
-0.027725 -0.004069 -0.001842
-0.008297 0.009722 -0.004092
0.002534 -0.005738 -0.013066
-0.011508 -0.000574 0.017892
0.002478 0.011843 0.021148
0.009253 -0.036725 0.010312
-0.000477 0.008339 0.019582
0.012141 0.006728 0.013834
0.009331 0.016714 0.015679
0.028415 0.011403 0.010800
0.000484 -0.000828 -0.008003
-0.016961 0.030050 -0.004467
-0.006812 -0.024019 0.006359
-0.005955 -0.005340 0.026398
0.013980 -0.021480 -0.024479
-0.004827 0.028735 0.035325
0.018686 0.020313 0.008585
-0.008619 -0.018235 -0.000393
0.013791 0.007378 -0.002426
0.012615 0.005358 0.000544
0.001601 -0.015861 -0.012488
0.010181 -0.014534 -0.012174
-0.005586 -0.014248 0.008618
0.002257 -0.008762 0.015349
-0.024746 0.010993 -0.003562
-0.025110 0.002412 0.021760
-0.011478 -0.020753 0.002943
0.016198 0.002677 0.006801
0.003727 -0.001262 -0.004748
0.016072 -0.004067 0.006171
-0.014021 -0.015907 -0.008651
0.042495 0.002300 0.007473
-0.001180 0.004369 0.001850
0.012272 0.001703 -0.000817
-0.021482 0.022321 -0.015781
-0.011209 -0.015765 0.015987
-0.012759 0.010403 0.009370
0.015220 0.036087 0.036697
0.004036 0.021220 -0.003053
-0.019450 0.002094 -0.005323
0.009940 0.011313 -0.010676
-0.016180 0.000442 0.010456
0.024261 0.003634 -0.019128
0.004416 0.014233 0.008471
0.001070 -0.020990 -0.028713
-0.010752 0.000043 -0.001440
-0.013502 -0.001440 -0.015466
-0.005152 -0.002429 -0.021161
0.007652 0.011480 0.025262
0.003144 0.008938 -0.024545
0.002114 -0.002007 0.035610
-0.016415 -0.002950 -0.017747
0.005093 0.031228 0.009983
-0.015852 0.007141 -0.017556
0.006438 0.016007 0.001342
0.001573 -0.000251 -0.001832
0.019022 0.002276 -0.014081
-0.007755 0.007379 -0.015726
-0.004109 0.002086 -0.007079
-0.019887 -0.025854 0.009274
-0.014105 -0.018054 0.001605
-0.014107 -0.001049 0.019070
-0.011405 0.035494 -0.004656
-0.021100 -0.022896 0.012613
-0.020560 -0.029025 0.035542
0.010013 -0.000686 0.002793
-0.001386 0.004664 -0.016067
0.001907 -0.007352 -0.003273
0.007290 -0.007514 -0.032300
0.007454 0.009851 -0.028506
-0.019164 -0.003264 -0.020108
-0.003657 -0.010753 0.029947
0.014678 0.003938 0.027103
0.004232 -0.015923 0.020549
0.005725 0.025333 0.009523
0.000566 -0.003087 -0.011409
-0.000146 -0.018860 0.015540
-0.006634 0.018270 0.000403
0.019895 -0.000089 0.009383
0.026343 -0.012272 0.002183
0.004413 -0.006461 0.008136
0.009088 0.037655 -0.017743
0.016319 0.011634 -0.000341
-0.015628 -0.022687 -0.013307
0.002048 0.008073 0.002968
-0.014953 0.000982 -0.002559
0.010590 0.031354 0.025309
0.003665 -0.012069 0.014713
0.009090 -0.011585 0.018765
-0.015798 0.016176 -0.036550
-0.004212 -0.020068 -0.003726
0.022121 -0.002972 0.007409
0.006196 -0.007840 0.038349
0.007067 0.001246 -0.001507
-0.038275 -0.021029 -0.000725
0.010211 -0.016233 0.011844
0.028549 0.006090 -0.003607
0.007436 0.017448 0.033154
-0.018486 0.004330 0.018284
-0.010264 -0.019476 -0.022760
0.012985 0.006846 0.007229
0.015091 0.000206 0.007192
-0.008175 0.003782 0.002751
-0.002506 -0.006050 -0.016311
-0.030977 -0.007403 -0.004656
-0.000634 -0.018655 -0.018034
-0.008632 0.008272 0.000310
0.012531 0.007933 -0.019380
-0.007130 0.021094 -0.003052
0.008669 0.034547 -0.010971
0.012267 0.006212 -0.012869
0.038544 0.010891 -0.010267
-0.012852 0.019089 -0.015398
0.009357 -0.017291 0.014702
0.018300 0.015638 0.016420
0.001184 -0.004394 0.006195
-0.002057 -0.003974 0.013515
0.004198 -0.022429 -0.007607
0.018096 0.008657 0.002955
0.000711 -0.019057 -0.003929
-0.025155 -0.009247 -0.020073
0.000432 0.012980 -0.005407
-0.001993 -0.011530 0.001854
-0.024396 0.043384 0.019791
-0.009063 -0.019180 0.007477
-0.000932 0.022453 0.004748
0.037306 0.005973 -0.016291
-0.007974 0.012692 0.002125
0.000872 0.001591 -0.007191
-0.013658 0.003796 0.021843
0.000355 0.005736 0.016101
-0.015716 -0.016148 -0.006128
-0.007619 -0.014741 0.036815
0.006610 -0.003294 -0.008385
0.001790 -0.008967 0.023683
-0.016226 0.020045 0.005095
-0.018345 -0.007483 -0.005779
-0.037594 0.029909 0.009416
0.002882 0.030004 0.003740
0.039018 0.011501 0.024520
-0.012230 0.032328 -0.012885
-0.006113 -0.017130 -0.029144
-0.044877 0.009112 0.009421
0.001799 -0.000380 -0.000446
-0.010562 -0.004708 -0.008055
-0.010405 0.009255 0.002079
-0.014767 0.006918 0.006901
0.006156 -0.002645 -0.000203
-0.016120 0.013675 -0.017154
0.023413 -0.010838 -0.017100
0.003335 0.001725 -0.004659
-0.015629 0.013989 -0.007741
-0.009775 0.006529 -0.013318
0.004883 0.007066 0.017719
-0.003499 -0.004504 0.006085
-0.009625 -0.012533 0.015580
-0.036032 -0.020871 0.005886
0.014256 -0.010970 0.022550
0.024907 -0.023347 0.001527
0.015478 -0.010015 -0.013570
-0.005619 0.005401 0.035672
-0.018366 0.031483 -0.011140
0.004106 0.019317 0.010165
0.020299 0.025211 -0.001877
-0.007497 -0.008508 -0.001178
0.011053 -0.019361 -0.003267
0.001586 0.016945 0.003005
0.015804 0.002429 -0.011697
-0.007509 0.005374 0.003719
-0.008632 -0.004301 -0.024680
0.015518 -0.002342 -0.020334
0.026533 0.012075 -0.014528
-0.002521 -0.003743 0.011211
-0.016178 -0.014247 0.032209
-0.013666 -0.027375 -0.024932
-0.038102 -0.003847 -0.002112
0.024219 -0.003783 -0.012566
0.021755 0.035974 -0.003373
-0.002028 -0.000272 0.007602
-0.008289 0.022206 0.000217
0.011179 0.018341 -0.017214
0.017142 0.004271 -0.023394
0.001429 0.005422 -0.007234
0.014844 -0.012553 0.013884
0.007226 -0.004776 -0.000900
-0.038295 0.029512 -0.033641
-0.025034 -0.019875 -0.010403
0.002436 -0.006519 -0.003508
0.020267 -0.007202 -0.025324
-0.033764 -0.028300 0.015668
0.000216 0.002677 -0.000425
0.013266 0.000244 -0.004609
-0.002261 0.002448 -0.012584
0.023850 -0.004510 0.007233
-0.012168 0.008523 -0.012467
-0.004381 -0.036162 0.020007
0.000706 -0.018680 -0.013876
-0.012217 -0.018326 -0.020843
-0.018884 -0.009490 -0.016045
-0.016086 0.010672 -0.000710
0.024696 0.003942 0.003896
0.027568 -0.017029 -0.006436
0.009071 0.016586 -0.005326
-0.014628 -0.012152 -0.007850
-0.007806 -0.029814 0.012612
0.005324 -0.012138 -0.004279
0.006351 0.013482 -0.006486
-0.027470 -0.002736 0.019128
0.008264 -0.021936 0.001629
0.026202 -0.005853 -0.006821
0.005278 -0.037002 0.011874
-0.000940 -0.033172 0.004481
-0.020510 -0.002053 0.004880
0.009443 0.000845 -0.009491
-0.024872 0.009848 -0.001223
-0.011636 0.016093 -0.013370
-0.008967 0.015925 -0.001819
0.021374 0.002232 0.004958
0.007942 0.008463 -0.030208
0.022828 0.023620 -0.000689
-0.015549 0.010963 0.052523
0.013942 0.019523 -0.027754
-0.024887 -0.005499 -0.004403
0.013386 -0.002357 -0.011304
0.025673 0.019197 -0.022122
0.014103 0.001761 0.027154
0.021388 -0.006489 -0.002015
-0.021194 0.001859 0.014055
0.010112 -0.009944 0.010430
-0.005891 0.005731 0.015592
-0.032023 -0.029336 0.014192
-0.014529 -0.010504 -0.032717
0.047304 -0.001519 -0.007706
0.013258 -0.000857 0.016634
-0.018823 0.011946 0.006503
-0.014878 0.019567 0.000684
0.041015 -0.007024 -0.010512
0.012135 0.050337 -0.007324
0.017593 0.006598 0.008731
-0.012472 0.018883 0.009001
0.021947 0.000509 -0.022731
-0.014013 0.028154 -0.014746
0.007796 -0.008842 -0.023165
0.008843 0.001101 0.000408
-0.045202 -0.020374 -0.004936
-0.030426 0.006899 -0.010230
-0.007737 0.022770 0.035022
-0.026374 0.011311 -0.004867
-0.027105 -0.024727 0.002716
-0.013402 0.020933 -0.023996
-0.026215 -0.015034 0.022846
0.011257 -0.019884 0.014668
0.003382 0.003202 0.016061
-0.024418 0.019897 0.005756
0.031638 0.011883 0.002187
-0.003293 0.000675 0.004542
-0.016033 0.011947 0.005834
-0.004642 0.009122 -0.032675
0.010322 -0.005667 -0.002823
-0.005132 -0.010869 -0.000276
-0.010097 -0.044750 -0.015596
0.022197 -0.000468 -0.007460
-0.015779 0.008462 0.018181
-0.019942 0.010429 0.005485
0.015095 0.006671 0.032972
-0.006948 -0.011541 -0.002965
-0.010385 -0.000235 0.006383
0.036081 -0.012627 0.003855
-0.015904 -0.009707 -0.015548
0.004685 -0.014408 0.004939
0.007382 0.015651 0.003944
-0.010084 -0.003671 -0.025991
0.024755 -0.013892 0.001379
0.013431 -0.007128 -0.017935
-0.011148 -0.024311 -0.001607
-0.019309 0.003972 0.001715
0.010110 0.017056 0.016417
-0.004674 0.003415 0.008308
-0.007861 -0.010331 -0.006382
-0.007616 -0.008496 -0.014871
-0.019345 0.014422 0.007400
-0.000092 0.029810 -0.008151
-0.016824 0.012474 -0.007476
-0.014297 -0.002960 0.019345
0.011166 0.004831 0.013037
-0.007330 -0.016200 0.030953
-0.019322 0.009908 0.002549
0.013034 0.009960 0.026124
0.006084 0.015166 0.002195
-0.013628 0.001830 -0.026419
-0.019681 0.011896 0.012456
-0.000545 0.003187 0.002284
0.018280 0.007317 0.010217
-0.005772 0.005228 -0.008561
0.005869 0.014439 0.010445
0.026231 -0.002474 0.003300
0.012791 -0.005665 0.008054
-0.010938 -0.003557 0.003968
0.013563 0.011861 -0.014335
0.008326 -0.017779 0.014170
0.000715 -0.012561 -0.000850
-0.025446 0.005875 0.010173
0.000233 -0.022201 -0.009264
-0.020369 0.001228 -0.026229
-0.027532 0.004286 0.007646
-0.002182 -0.017381 -0.009653
-0.006581 -0.016610 0.000520
0.017611 -0.010460 0.015377
-0.015150 -0.002761 -0.022707
0.020245 -0.008834 0.011061
0.011591 0.002456 0.006441
0.027834 0.014499 0.010279
0.009102 -0.033842 -0.000292
0.019141 0.012795 0.000241
0.017048 -0.001770 0.004240
0.007362 -0.010417 0.000409
-0.000105 0.000029 -0.019299
-0.000217 -0.027640 0.008684
0.032351 0.016454 -0.000896
0.010257 -0.005343 -0.027806
0.004359 -0.004186 0.011762
0.005087 -0.023662 0.013533
0.002330 -0.009468 0.021203
-0.001329 0.012785 0.009483
0.019681 0.009527 0.024112
0.008989 0.030126 0.011353
-0.015836 0.009002 0.008542
-0.008024 -0.014362 0.000245
-0.002847 -0.015141 0.014037
-0.038421 -0.018916 0.003141
-0.008160 -0.013115 -0.013953
-0.017517 0.009624 0.012472
-0.006456 -0.006101 0.004691
0.031783 0.021048 -0.018360
-0.002154 0.000152 -0.015048
-0.011063 -0.003305 0.000127
-0.016251 0.014808 -0.008319
-0.012548 -0.016873 -0.005278
0.021692 0.018570 0.007801
0.045449 -0.013496 -0.003206
-0.016569 -0.006139 0.000563
0.017946 0.034823 -0.004761
0.007605 -0.003138 -0.008492
-0.022572 0.001762 -0.008820
-0.009134 0.017412 -0.003181
0.004829 0.004119 -0.018246
-0.016701 -0.016929 -0.007516
0.006644 0.005177 0.000739
0.009316 -0.006974 -0.006502
0.008706 0.045147 0.005130
-0.028747 -0.008688 0.017483
0.014076 0.008504 -0.009168
0.015974 -0.014067 -0.009737
0.005631 0.030010 -0.013566
-0.013853 -0.015009 0.011313
-0.031194 -0.011758 0.005130
-0.001548 -0.006921 0.032291
0.010110 0.025525 0.011237
0.004746 0.005831 -0.008136
-0.005080 -0.020023 -0.001429
0.010605 -0.011334 -0.020544
0.015291 0.014239 0.014699
-0.005989 -0.016200 0.002423
0.005380 -0.000133 -0.003776
0.021964 0.006609 -0.016767
-0.027324 -0.014780 -0.006878
0.018558 0.007287 -0.023851
-0.000544 0.028387 -0.007078
0.016802 -0.012208 -0.004962
0.013309 -0.020885 -0.023550
-0.015438 -0.002101 0.007498
0.018737 -0.003363 0.016900
-0.016268 0.023316 0.010141
-0.000176 -0.002865 0.006764
-0.021461 -0.015126 -0.003461
0.003720 -0.001031 0.008256
0.006259 0.006988 0.030936
-0.007016 0.010377 0.010720
-0.030608 -0.013303 -0.011912
0.007433 0.009069 -0.020995
0.046874 0.015067 -0.022472
0.021875 -0.003106 0.026458
-0.001715 0.003949 -0.012024
-0.010613 -0.018547 -0.000438
0.006708 0.004300 0.002250
0.011318 0.004864 0.002978
-0.009161 -0.004416 -0.004889
-0.012060 0.007529 -0.003002
-0.009136 0.024450 -0.006460
0.003065 0.016310 0.041811
0.006032 -0.007890 -0.037458
-0.008461 0.003879 0.025249
-0.003513 0.017157 -0.014165
-0.007586 -0.006495 0.012831
-0.004019 -0.034839 0.034121
0.007486 0.020424 0.017572
0.009034 -0.027595 -0.022295
0.016035 -0.039532 -0.014367
-0.009097 -0.014709 -0.019695
-0.017254 0.022857 0.011992
-0.016916 0.002696 0.008611
0.017725 -0.023979 -0.017859
-0.004838 0.000125 -0.005739
-0.014989 -0.000097 -0.007528
-0.008062 0.014191 0.011917
-0.010645 -0.028064 0.034507
-0.018998 -0.006968 -0.000685
-0.017815 -0.003242 -0.007467
0.007867 0.013409 0.018674
0.022101 0.004047 0.023296
0.002566 -0.011115 -0.000367
0.006717 0.024622 -0.000423
-0.005893 -0.000449 0.009400
-0.003513 0.016441 -0.030170
-0.016029 -0.013854 -0.005070
-0.013991 0.011913 0.013512
-0.017680 0.009970 0.008893
0.028749 -0.001510 0.006807
-0.015064 0.040664 -0.006042
-0.009327 -0.016999 -0.013032
-0.004198 0.003957 0.006907
0.005452 0.017488 0.018600
0.001469 -0.003769 -0.027527
0.006186 -0.019200 -0.002291
0.010739 -0.002382 0.027320
-0.016751 -0.008760 -0.014709
0.024115 -0.018798 0.018462
-0.002823 0.016450 -0.002113
0.006764 -0.020125 -0.025536
-0.013428 -0.004302 -0.039401
-0.034669 -0.004624 -0.009013
0.020224 0.005664 -0.013587
-0.008241 -0.008534 -0.004525
0.004532 0.008704 0.013851
0.002162 0.002598 0.029510
0.002653 0.002356 0.003200
-0.005760 0.006594 0.015789
-0.005425 0.014340 -0.008835
0.021251 -0.010289 0.004676
0.005309 0.004333 0.004687
0.007695 0.011949 0.015353
0.023009 0.004707 -0.001159
0.011497 -0.004326 0.000134
0.012406 -0.009080 0.000059
0.004014 0.035836 0.001813
-0.003759 -0.020144 0.000503
-0.023782 0.017415 -0.009365
0.004204 -0.028046 0.001411
-0.001094 -0.022408 0.015936
0.007906 0.010224 0.008351
-0.000517 -0.009036 0.020379
0.012833 -0.022071 0.017616
0.002884 0.015339 -0.017630
-0.000929 0.008244 -0.019891
-0.011633 -0.012398 0.004219
0.011087 -0.009361 0.012315
0.024121 -0.004337 0.009593
0.017479 -0.002711 -0.013864
-0.006305 -0.010884 -0.003221
-0.002044 0.011517 -0.023415
-0.004639 0.014372 0.000646
0.008228 -0.013088 0.000106
-0.003698 0.013543 0.002090
0.011561 0.002946 0.014781
0.008320 0.001536 0.008265
-0.013905 -0.009713 -0.016663
0.006195 -0.002076 -0.007266
0.009561 0.006718 0.011196
-0.003733 -0.000440 -0.001371
0.009626 -0.021602 0.010478
-0.002484 -0.012576 0.024776
-0.007595 -0.004694 0.012382
-0.016250 0.023774 -0.004340
-0.014099 -0.028934 0.007216
0.016809 0.001840 -0.029203
0.001082 0.023489 -0.017470
-0.021274 0.009914 0.032607
-0.001708 0.000525 0.007137
0.009734 -0.000181 0.022891
-0.026193 0.006964 0.012385
-0.005713 0.018624 -0.006567
0.003581 0.002143 0.026799
-0.000792 -0.000010 -0.007998
-0.001694 -0.016185 0.014042
-0.031669 -0.005571 -0.010551
0.006179 0.005941 0.026554
0.002041 -0.006874 -0.015003
-0.003386 -0.036600 0.005299
-0.022977 -0.002895 -0.019620
-0.010357 0.005225 0.021031
-0.002353 0.005183 -0.026773
0.021194 0.006723 0.017884
-0.010895 -0.013118 -0.006619
0.008143 0.013471 -0.004631
-0.010488 0.021565 0.013172
0.002837 -0.004655 -0.006416
0.002018 0.005150 0.043291
0.006990 0.004529 0.004668
-0.007219 0.007220 0.003563
-0.000026 -0.005223 -0.012400
0.002760 0.002179 -0.005876
-0.015946 -0.023896 -0.000074
0.015399 -0.013117 -0.005912
0.003865 0.000858 0.027497
0.026741 -0.001505 0.017046
-0.007387 -0.033002 0.032535
-0.001916 -0.012314 -0.011564
0.008627 0.000774 0.008156
0.006390 0.008465 -0.026118
0.005090 0.013354 0.019745
-0.001409 0.031605 0.008737
0.003971 -0.027144 -0.022427
-0.002816 0.005724 0.016611
0.019856 -0.010371 -0.003190
-0.027827 0.000656 0.014409
-0.003985 -0.011710 -0.009782
0.011942 -0.000020 0.020857
-0.008897 -0.008784 -0.013427
-0.009686 -0.005649 -0.001944
0.000174 -0.013640 0.002778
0.000996 0.010689 -0.014428
0.004613 0.012352 0.004180
-0.015255 -0.002825 0.000696
0.001042 0.047500 0.021294
0.016593 0.004823 -0.015606
-0.014674 0.024897 -0.003980
-0.000577 0.001231 0.009910
-0.001980 0.019209 0.025765
0.001566 -0.001950 0.014815
-0.021797 -0.012389 0.003944
-0.007764 0.009113 -0.006571
-0.013088 -0.001613 0.015057
0.002186 0.002602 -0.018838
0.004801 -0.008427 0.014302
0.015641 -0.007936 0.017879
0.026322 0.000556 -0.009645
-0.016600 0.012101 -0.018026
0.005396 -0.017958 -0.022354
0.006271 -0.001045 -0.007121
0.012800 -0.024672 0.017796
0.004021 -0.006543 -0.008712
0.006960 0.001405 -0.007630
0.022611 -0.007318 -0.000506
0.012472 0.012208 -0.000574
0.005068 0.015333 -0.012549
-0.000247 0.021493 -0.014918
0.005849 -0.013270 0.011311
0.004684 0.003685 -0.022975
0.004487 -0.019961 -0.013377
0.017280 0.004034 0.011578
-0.017327 0.004780 0.028558
-0.014819 0.008960 -0.019297
-0.010654 -0.014024 0.019315
0.010474 -0.006007 -0.014252
0.001249 0.013899 -0.028213
0.006160 -0.022814 -0.003429
0.001952 0.009739 -0.017793
-0.003821 0.021976 0.010142
0.004718 -0.017678 -0.005345
0.008261 -0.019314 0.000428
0.007741 0.011108 0.021626
0.020375 0.010603 0.010794
0.011629 0.027404 -0.029944
0.004495 -0.007512 0.028925
-0.017691 -0.002473 0.015017
-0.002005 -0.009209 -0.005519
0.014769 -0.001385 0.029152
0.025897 -0.014577 -0.012680
-0.017219 -0.001409 -0.004126
-0.001822 -0.003910 0.012522
-0.000893 -0.009408 0.028286
0.004437 -0.001402 0.009511
-0.018994 0.008410 0.022807
0.000534 0.012374 0.043756
-0.006251 0.003121 0.002974
0.004838 0.004150 0.006321
-0.011300 0.000213 0.016166
-0.010426 0.012571 -0.004196
-0.002629 -0.001570 0.005675
0.010254 0.000457 -0.000905
-0.008382 0.042079 -0.000019
-0.003366 -0.004753 0.021774
0.014335 -0.012024 -0.028958
-0.007662 -0.016291 0.000308
-0.010739 -0.003941 -0.021487
0.006522 -0.007867 -0.033591
0.024515 0.003949 0.017230
-0.003250 -0.015608 -0.014597
0.034375 0.003944 0.002451
-0.003294 -0.015232 0.005905
0.007356 0.000417 -0.001329
-0.011784 -0.018708 0.019085
-0.005142 0.006081 0.019175
0.009493 -0.002049 0.023548
-0.000101 -0.021771 0.004915
-0.008939 0.011195 0.019881
-0.022570 0.021305 0.009318
-0.005377 -0.002923 -0.006523
0.003516 0.008904 -0.005830
-0.016137 0.026864 -0.010231
-0.007935 -0.012798 -0.009373
-0.001474 0.010330 0.022640
0.006567 0.005655 -0.003341
-0.004730 0.016581 0.007506
0.010415 -0.003703 0.015724
-0.011500 0.008233 0.003775
0.043026 0.001085 -0.000097
0.013139 -0.021281 0.009267
-0.002056 0.007778 -0.005523
-0.010453 -0.002109 0.000316
0.007581 -0.029429 0.026825
0.007447 -0.009550 0.007554
-0.003426 -0.019669 -0.002266
-0.012000 -0.005402 -0.008359
0.000341 0.002490 0.006308
0.009564 0.010070 -0.000228
-0.007943 -0.006230 0.026889
-0.018430 0.018607 0.010314
-0.002338 -0.011196 0.003119
-0.007902 0.005198 -0.010820
0.011158 -0.012042 -0.034440
0.017734 -0.013283 0.006382
-0.005275 -0.013892 -0.012800
-0.013214 -0.012134 -0.007624
0.014950 -0.003091 0.006769
0.001474 0.004451 0.019350
-0.017521 0.000322 0.005860
0.013539 -0.037362 0.025126
0.013701 0.001352 -0.012165
0.013060 -0.019594 0.005348
-0.025878 -0.004005 0.047292
0.009191 -0.013321 0.009165
-0.040919 0.001521 -0.022456
0.012128 -0.008930 -0.026470
-0.014330 0.029246 0.002419
-0.007632 0.005300 0.024599
0.005934 -0.014383 0.007989
-0.042513 -0.000448 -0.032422
0.006812 -0.002783 -0.044883
0.007464 -0.004418 -0.006745
0.001602 -0.006063 0.006226
0.009146 0.009027 0.012377
0.015624 0.000499 -0.009223
0.007450 0.002419 0.010184
-0.007747 -0.005585 0.024861
-0.021041 -0.002235 -0.022738
-0.013874 0.015939 0.009897
-0.000673 0.003467 -0.000317
0.008424 -0.004155 0.010166
-0.006677 0.029567 0.015181
-0.009581 0.003422 -0.007099
0.022837 -0.015669 -0.000283
0.004067 0.023092 0.010126
-0.007146 0.003658 -0.001340
0.003399 -0.033940 0.009668
0.000622 0.013182 -0.010792
-0.014506 0.015906 0.021304
-0.022081 -0.006087 -0.007245
0.023488 -0.012777 0.025675
-0.014702 -0.029630 -0.001054
-0.023072 -0.006684 0.000259
-0.012314 0.027744 0.025360
0.011063 -0.009227 0.023001
0.021523 0.012693 0.003926
0.016660 -0.017850 -0.023575
-0.000253 0.020771 -0.012311
0.011675 -0.006803 -0.022516
-0.006711 0.005934 -0.032796
-0.015525 -0.006614 -0.001655
0.013289 -0.020904 -0.004674
-0.000942 -0.010005 -0.017458
-0.002257 0.021948 -0.000141
0.017603 -0.008170 0.029735
0.001655 -0.006565 0.020520
0.006790 0.012357 -0.028580
0.010831 0.019417 -0.017978
-0.011635 -0.009883 -0.006477
0.010550 -0.005778 0.019236
-0.003126 -0.015421 0.010033
0.008206 -0.003812 -0.005262
0.023240 0.009410 0.004206
-0.027865 0.028921 0.014178
0.009903 -0.002576 -0.008428
-0.021290 -0.014329 0.002045
0.000794 -0.009317 0.005131
-0.006397 0.002355 0.002668
0.002308 0.018512 -0.033191
-0.029314 0.038801 -0.015824
-0.008301 0.005415 -0.006934
-0.019144 -0.005018 -0.012315
0.008978 0.007213 0.009105
0.004587 0.010780 -0.003609
-0.003542 -0.023360 0.012977
0.015954 0.006351 -0.000776
-0.008214 -0.021958 -0.005312
-0.001067 0.020298 0.003280
0.015826 0.001395 -0.015039
0.014404 0.007888 0.010668
-0.009763 -0.016051 -0.010892
-0.000222 0.017617 0.000609
0.021072 -0.007421 -0.003313
-0.015481 0.013541 -0.003491
0.016001 -0.019913 0.005893
0.010614 0.001843 -0.026061
-0.014626 0.005697 -0.043520
0.018318 0.015275 -0.016469
-0.002067 -0.010918 0.018566
-0.011272 -0.012702 -0.011357
-0.000563 -0.022037 0.010896
0.015403 -0.002993 0.003557
0.007022 -0.009308 0.020733
0.003526 0.015353 -0.006608
-0.004488 -0.014775 0.016633
-0.018431 -0.015101 0.012630
0.035408 0.026890 -0.012863
0.031336 0.007830 0.009956
0.005813 0.021426 0.005885
-0.008370 0.008161 0.014660
0.031960 -0.000010 -0.001556
-0.008253 -0.019158 -0.011709
0.000789 -0.031142 0.005128
0.007580 -0.003911 -0.014884
-0.003562 -0.003010 -0.000889
0.003033 0.001675 0.005371
0.034618 -0.007305 0.024478
-0.006803 0.016131 0.000214
0.003883 0.037949 0.004046
0.002266 -0.006645 0.007375
0.005328 -0.002449 0.022142
0.004413 -0.020933 -0.026231
0.023652 0.005012 0.030497
0.016475 -0.013691 -0.018664
0.006028 -0.001742 -0.004943
-0.033920 -0.014197 -0.021044
-0.005056 0.002740 -0.025243
0.013057 -0.012010 -0.031150
0.009352 0.001950 -0.012524
-0.013736 -0.002433 -0.006127
0.007279 -0.023151 -0.026277
-0.003733 0.013368 -0.005540
-0.013446 0.003891 0.006547
0.007576 -0.015168 -0.011841
0.016554 0.015075 0.008529
-0.009843 0.010135 -0.014774
-0.016665 -0.015181 -0.006674
-0.016545 -0.006599 0.023820
-0.017751 0.020394 -0.005320
-0.018982 -0.003113 -0.011164
-0.025513 -0.001120 0.010213
0.004474 0.009522 -0.010611
-0.014016 -0.012666 -0.021850
-0.024375 -0.010626 -0.018632
0.006707 0.019204 -0.001695
0.016001 0.007762 0.003639
0.016621 -0.010203 -0.013137
-0.001728 -0.003916 -0.002645
-0.007277 -0.001053 0.015135
0.007745 -0.001173 0.013300
0.020210 -0.026803 -0.011078
0.005296 -0.019260 -0.015127
0.005482 -0.008644 -0.000254
0.008866 -0.001771 -0.002350
-0.029615 -0.013130 0.000960
0.011272 0.003425 -0.015908
-0.018337 0.003604 -0.008412
-0.017052 0.012492 0.016596
-0.001379 0.008145 0.000330
-0.020092 0.015203 0.009874
-0.004557 0.006703 0.003872
0.009378 0.024948 0.028030
-0.032016 -0.009695 -0.019725
-0.009192 0.030893 0.009642
0.022263 0.009705 -0.009607
0.010094 0.003153 0.030708
-0.000836 0.027776 -0.000059
0.017847 -0.012715 -0.002655
-0.026056 -0.018055 0.005704
-0.020176 -0.006332 -0.005335
-0.016600 0.003975 -0.008899
0.026217 -0.010937 0.005885
-0.003795 0.012145 0.005067
-0.003320 -0.003419 0.026337
0.009422 -0.020068 0.007488
0.002049 -0.008119 -0.021161
0.016027 0.000172 0.002969
-0.016732 0.012324 0.008736
-0.003017 -0.006454 0.027030
-0.005307 -0.004584 -0.041134
-0.012606 -0.006008 -0.016976
0.008290 0.012634 -0.009602
0.016991 0.008850 -0.006583
0.016502 -0.009597 0.019105
-0.003925 0.004324 0.016147
-0.034394 0.010568 0.004273
0.009124 -0.005094 0.001186
-0.024913 -0.004951 0.017656
-0.001600 0.023023 -0.011803
-0.011301 -0.016665 0.022190
0.008093 0.005347 -0.009042
0.005359 -0.034806 -0.014591
-0.008200 -0.018635 -0.006417
-0.004560 0.022690 -0.016024
-0.008208 -0.023518 0.006551
0.005740 -0.022545 -0.008627
0.000007 0.009382 0.011814
-0.011095 -0.011406 0.014846
-0.015637 -0.012229 -0.012202
-0.002358 0.011408 -0.014242
-0.008029 -0.009681 -0.011968
-0.008195 0.002052 0.004502
-0.007453 0.007279 -0.013551
0.002940 -0.018423 -0.001525
0.000198 -0.015177 0.017287
0.001151 -0.008248 -0.010916
0.009148 -0.025969 0.025727
-0.025675 0.017052 0.030888
-0.000835 -0.007115 0.014677
0.021285 0.005795 -0.006096
0.001708 0.024097 0.008233
0.011764 -0.018416 -0.002717
-0.001638 0.009645 -0.000202
0.009011 0.002485 0.008293
0.017334 -0.044438 -0.007599
-0.002047 0.004533 0.004549
0.011306 -0.040854 -0.001456
-0.000327 0.001862 -0.015160
0.022649 0.017064 0.004047
0.001184 0.003188 0.032682
0.003984 -0.010137 -0.000463
-0.007544 0.014823 -0.003273
0.021522 0.011119 0.009715
-0.030081 0.006529 -0.023570
-0.010656 -0.011071 0.000004
-0.012652 -0.041662 -0.009502
-0.014152 -0.009535 -0.008715
0.017591 0.000382 0.005786
0.013463 -0.000835 -0.009607
0.004796 0.018137 0.015637
-0.001311 -0.018454 -0.004291
0.013779 0.017669 0.015589
0.020545 -0.013458 0.008688
-0.016793 -0.013735 -0.016705
0.006304 -0.016731 -0.018377
0.007195 -0.009250 0.019495
0.021202 -0.014056 -0.000333
-0.008969 0.012697 0.017034
0.016210 0.000025 -0.036946
-0.019236 0.013733 -0.004968
0.017968 0.001245 0.010656
-0.008635 -0.017935 0.021923
0.001346 0.016027 0.024798
0.001336 0.000541 0.009508
0.005709 0.008337 0.025979
-0.007654 -0.001899 0.028298
0.052234 0.016046 -0.006699
0.002152 -0.000926 0.025639
-0.009444 0.015750 0.010931
-0.008772 0.025710 0.008060
-0.013181 -0.009978 -0.025404
-0.039315 0.005941 -0.004740
-0.014790 0.011771 0.001563
0.015285 -0.001509 -0.002158
0.007113 -0.001959 0.012021
-0.000089 0.019050 0.015304
-0.000625 0.004448 -0.016324
0.005969 -0.007265 -0.017259
-0.025946 -0.036737 -0.005572
-0.030437 0.000335 -0.018048
-0.001876 0.029606 0.002302
-0.027098 -0.019497 0.007042
-0.000768 -0.025879 -0.017924
0.015341 0.016930 -0.021216
-0.014930 -0.016495 -0.012566
0.007134 0.024484 -0.007919
0.003679 -0.010972 -0.016742
0.024293 0.034625 -0.025666
-0.009918 0.003943 0.002965
-0.018871 0.004995 0.014345
0.009640 -0.004083 -0.017826
-0.013614 0.013278 0.013755
0.003376 -0.001795 0.016023
0.016830 -0.000476 0.013929
-0.032828 0.000445 -0.010471
0.014215 -0.013981 0.017958
-0.016275 0.004928 -0.007158
0.020675 -0.000411 0.019500
0.000558 0.010177 0.003657
-0.007760 -0.012937 -0.001052
-0.019653 -0.000204 -0.006445
0.017879 0.019424 0.007503
0.004135 0.000867 0.001937
0.005299 0.008647 -0.010940
0.017720 0.001712 0.015935
0.003131 0.025279 0.012088
0.017117 -0.018708 -0.001819
-0.007712 0.010230 0.017550
-0.008320 0.028412 0.000538
-0.003621 0.002066 -0.005996
-0.014405 0.017578 0.011378
-0.020051 -0.043682 0.021991
-0.007433 -0.007088 0.011055
0.024296 0.023542 0.002445
-0.034807 -0.000281 -0.016998
0.001288 -0.007296 0.009916
0.013930 -0.012303 -0.009461
0.010037 0.023560 0.047376
-0.004454 -0.005432 -0.004012
-0.015321 0.005240 0.008904
0.003937 0.007879 0.001076
0.000403 0.000200 -0.014398
-0.021662 0.025372 0.008361
-0.026825 0.010281 0.015629
-0.021854 0.001847 -0.000716
0.006021 -0.002728 0.006728
0.003120 -0.010946 -0.007640
-0.018941 0.022749 0.016542
-0.001321 -0.006135 0.019862
-0.014020 -0.022841 0.019653
