# 参数名称：backbone.features.15.conv.4.weight
# 参数形状：(960,)
# 参数数据类型：float32
# 参数值（保留6位小数）：
0.943830
0.951850
0.910733
0.908334
0.928809
0.935816
0.902339
0.931466
0.926952
0.933087
0.908310
0.885133
0.925119
0.926302
0.927132
0.922926
0.929233
0.923484
0.908015
0.922424
0.912165
0.899520
0.899981
0.939042
0.911503
0.954756
0.923692
0.917393
0.930504
0.940751
0.917747
0.912690
0.939944
0.914817
0.903464
0.916916
0.888366
0.958649
0.943798
0.922117
0.923281
0.942323
0.923738
0.927591
0.920358
0.931568
0.918321
0.889693
0.921372
0.924529
0.930026
0.923656
0.920996
0.941413
0.939515
0.911696
0.949429
0.897886
0.933554
0.951133
0.916341
0.960521
0.955435
0.937977
0.920077
0.930250
0.953550
0.929065
0.945602
0.893946
0.933037
0.929044
0.951091
0.943656
0.942682
0.953930
0.899421
0.923665
0.931882
0.915190
0.890551
0.923354
0.937746
0.948371
0.953300
0.936343
0.936523
0.919144
0.910029
0.933646
0.902707
0.898476
0.929355
0.937542
0.936975
0.963248
0.934364
0.898371
0.947979
0.925308
0.935273
0.893408
0.907271
0.927527
0.940729
0.908469
0.924254
0.915887
0.892704
0.961262
0.915154
0.903208
0.909350
0.900623
0.926978
0.935237
0.923239
0.931295
0.953577
0.932593
0.959774
0.910822
0.926223
0.920372
0.941865
0.917385
0.960055
0.945704
0.921738
0.924974
0.947932
0.900043
0.920711
0.934315
0.943640
0.923673
0.897697
0.903271
0.898895
0.905412
0.911486
0.924019
0.931124
0.954011
0.883338
0.948300
0.913342
0.943237
0.942368
0.958513
0.914603
0.949288
0.938360
0.923079
0.898740
0.933991
0.937399
0.915153
0.924033
0.916071
0.939402
0.913923
0.907072
0.904192
0.925992
0.926869
0.912778
0.901730
0.924472
0.905454
0.936449
0.900920
0.921811
0.937574
0.949159
0.927846
0.945195
0.904486
0.952459
0.931996
0.934026
0.929778
0.953134
0.955632
0.898615
0.929397
0.913955
0.937612
0.926374
0.915049
0.927038
0.917623
0.939240
0.931326
0.916777
0.945910
0.912612
0.908212
0.960703
0.947939
0.944105
0.934520
0.920617
0.910804
0.903702
0.921666
0.951195
0.930108
0.945589
0.940334
0.933261
0.938583
0.911247
0.945784
0.936197
0.936269
0.929416
0.899168
0.935281
0.942730
0.962459
0.922852
0.931525
0.935238
0.907871
0.931683
0.924386
0.921205
0.917649
0.935109
0.943879
0.936586
0.904447
0.910351
0.961777
0.915758
0.945769
0.932129
0.905579
0.900708
0.929976
0.934712
0.954998
0.942152
0.946676
0.907632
0.907384
0.915361
0.899301
0.901312
0.937983
0.920910
0.925719
0.928652
0.902955
0.937784
0.915364
0.896639
0.896302
0.909238
0.945178
0.917482
0.922390
0.914463
0.912979
0.919188
0.910680
0.922594
0.916439
0.908104
0.889655
0.918319
0.914481
0.939628
0.923681
0.928475
0.932267
0.959721
0.945806
0.915827
0.911152
0.897582
0.932087
0.938172
0.922231
0.911285
0.937509
0.945340
0.907000
0.915092
0.912409
0.936533
0.916726
0.941718
0.949056
0.925620
0.911867
0.932270
0.914194
0.914764
0.948312
0.913259
0.926471
0.934523
0.938946
0.934466
0.910870
0.925135
0.921310
0.941986
0.946224
0.916990
0.922418
0.949174
0.959640
0.899435
0.925358
0.940309
0.948677
0.899066
0.926115
0.935858
0.921054
0.941425
0.936461
0.892533
0.916551
0.905302
0.906418
0.956461
0.938348
0.926187
0.944687
0.930576
0.900014
0.935098
0.963078
0.917718
0.921503
0.895326
0.925274
0.944278
0.911820
0.929113
0.927199
0.909157
0.932991
0.926662
0.914442
0.952961
0.916491
0.943724
0.894482
0.918759
0.918719
0.899219
0.937085
0.900446
0.955152
0.900243
0.899252
0.915654
0.914295
0.882483
0.886972
0.947922
0.941549
0.933622
0.929441
0.940104
0.926040
0.952182
0.914895
0.930262
0.923827
0.926904
0.939806
0.927147
0.907424
0.945815
0.927595
0.944046
0.933792
0.896742
0.884673
0.926275
0.931645
0.937152
0.923669
0.942910
0.920557
0.939355
0.941064
0.892218
0.911886
0.956019
0.924337
0.919896
0.923653
0.922756
0.943835
0.934828
0.941713
0.947206
0.946248
0.949262
0.917898
0.924690
0.913008
0.967561
0.921735
0.934650
0.942542
0.936650
0.919855
0.914107
0.899966
0.899177
0.927161
0.942841
0.942507
0.935673
0.906266
0.898377
0.938683
0.919298
0.947365
0.893172
0.908264
0.928904
0.930885
0.928174
0.914698
0.922595
0.931548
0.929379
0.935408
0.937826
0.918922
0.913924
0.926986
0.932376
0.923025
0.943567
0.940948
0.928698
0.922818
0.917796
0.912058
0.958766
0.918376
0.936717
0.912318
0.948123
0.940201
0.943417
0.949639
0.908483
0.928222
0.922381
0.944239
0.938916
0.930600
0.936357
0.906141
0.907598
0.934388
0.925923
0.926249
0.881890
0.936826
0.900389
0.931928
0.900654
0.923829
0.897746
0.922965
0.951631
0.915460
0.926216
0.947517
0.907439
0.890744
0.891948
0.934443
0.944147
0.928401
0.881632
0.928384
0.896234
0.914265
0.936750
0.904391
0.902228
0.917258
0.930722
0.908574
0.890689
0.933275
0.941561
0.926107
0.878216
0.938809
0.946517
0.926030
0.937235
0.909255
0.913759
0.956267
0.904899
0.930626
0.900809
0.908852
0.934076
0.904253
0.920087
0.914545
0.926281
0.908838
0.926021
0.931766
0.910109
0.905346
0.921902
0.947623
0.925922
0.929967
0.931126
0.911093
0.931435
0.889037
0.918136
0.896713
0.936701
0.947953
0.940917
0.899273
0.952912
0.919117
0.920851
0.935047
0.964713
0.920945
0.955406
0.908441
0.939635
0.931773
0.900057
0.937249
0.935215
0.921244
0.944509
0.934755
0.919419
0.923060
0.938517
0.933262
0.911327
0.902022
0.915052
0.928989
0.942960
0.922779
0.926587
0.919998
0.919459
0.910488
0.940395
0.929778
0.914928
0.888480
0.928943
0.931844
0.936582
0.886280
0.930642
0.925340
0.900003
0.907634
0.925419
0.930419
0.937126
0.904876
0.942232
0.942395
0.909763
0.950029
0.897319
0.934381
0.960646
0.883094
0.949562
0.918947
0.909297
0.950002
0.932700
0.920742
0.930202
0.918057
0.938902
0.899309
0.944245
0.900721
0.938090
0.919322
0.910148
0.925816
0.947345
0.929789
0.943930
0.892649
0.935510
0.924037
0.917073
0.937027
0.889880
0.935848
0.912434
0.954040
0.941261
0.921936
0.946746
0.918339
0.911272
0.918340
0.925951
0.948032
0.944889
0.917091
0.916363
0.930885
0.902787
0.925213
0.936124
0.910153
0.884941
0.914276
0.940549
0.932080
0.958869
0.922608
0.929053
0.946086
0.914137
0.898185
0.915375
0.959527
0.904974
0.959074
0.899093
0.934344
0.911265
0.923264
0.926092
0.899063
0.929372
0.939876
0.920856
0.915300
0.939606
0.929134
0.905700
0.904879
0.935480
0.932431
0.904871
0.961440
0.916099
0.921276
0.903023
0.956337
0.937604
0.946734
0.893626
0.910892
0.911411
0.883510
0.909743
0.962734
0.918201
0.937213
0.934338
0.948610
0.925281
0.944269
0.892914
0.919822
0.942591
0.897918
0.889497
0.932809
0.927981
0.924084
0.918892
0.898935
0.940443
0.933352
0.927620
0.915477
0.909944
0.926022
0.890881
0.917030
0.912960
0.910534
0.940753
0.918544
0.934035
0.950342
0.933728
0.912502
0.936821
0.927830
0.928350
0.931768
0.911176
0.914927
0.910537
0.919084
0.902587
0.918139
0.917306
0.920143
0.910113
0.907736
0.912139
0.918837
0.931037
0.941754
0.936971
0.928654
0.924110
0.941222
0.931810
0.915924
0.886582
0.929815
0.918726
0.958740
0.916758
0.890181
0.932547
0.948005
0.917630
0.928975
0.910140
0.942570
0.927411
0.926323
0.938210
0.918683
0.956114
0.926375
0.933651
0.888770
0.907799
0.908315
0.951277
0.918305
0.899247
0.931551
0.933340
0.947076
0.915376
0.917681
0.911753
0.933226
0.930825
0.909681
0.919399
0.942701
0.922398
0.920850
0.924935
0.937844
0.923419
0.946197
0.917556
0.908565
0.954509
0.936313
0.938139
0.940239
0.928955
0.917055
0.936146
0.887241
0.911298
0.921738
0.911620
0.951565
0.930184
0.915930
0.930470
0.931583
0.930046
0.922604
0.903044
0.940149
0.936823
0.948754
0.950224
0.923311
0.935771
0.945632
0.917653
0.917394
0.934398
0.959767
0.910160
0.947808
0.908954
0.916605
0.926931
0.958322
0.916576
0.897541
0.925569
0.953220
0.944956
0.902858
0.951236
0.942282
0.942976
0.915714
0.910387
0.919772
0.920264
0.943163
0.956109
0.906703
0.927852
0.925290
0.913119
0.922325
0.955831
0.910085
0.928857
0.909047
0.923846
0.920154
0.939049
0.962158
0.917731
0.936392
0.924438
0.938705
0.948441
0.902858
0.918781
0.932692
0.939662
0.931744
0.919123
0.939942
0.930239
0.926647
0.919804
0.911572
0.929891
0.902562
0.914961
0.950837
0.925859
0.923646
0.923288
0.934640
0.934335
0.951040
0.902168
0.930925
0.929345
0.942416
0.922844
0.937303
0.946577
0.908402
0.909525
0.946851
0.923417
0.947941
0.921826
0.905308
0.905977
0.910538
0.934425
0.939448
0.934323
0.909354
0.913415
0.931833
0.910717
0.929927
0.932371
0.902213
0.941738
0.957597
0.930728
0.895731
0.904916
0.901428
0.925291
0.915462
0.908568
0.909861
0.934892
0.916222
0.908581
0.906952
0.947156
0.920111
0.940033
0.908990
0.934835
0.922026
0.911539
0.924794
0.935143
0.924586
0.911076
0.894646
0.908953
0.917324
0.912415
0.908747
0.953218
0.951876
0.915929
0.903567
0.942544
0.937672
0.904958
0.932562
0.959852
0.915662
0.931362
0.912306
0.953276
0.946286
0.925973
0.904224
0.942337
0.913868
0.909040
0.900679
0.933033
0.931203
0.925832
0.902435
0.935822
0.940906
0.956870
0.933388
0.906812
0.921512
0.954939
0.928258
0.932013
0.895565
0.928485
