# 参数名称：backbone.features.3.conv.1.running_mean
# 参数形状：(144,)
# 参数数据类型：float32
# 参数值（保留6位小数）：
-0.000119
-0.000124
-0.000766
-0.000890
0.000295
-0.000123
-0.000022
-0.000168
-0.000441
0.000075
0.000362
0.000204
-0.000445
0.000428
0.000359
-0.000291
0.000560
-0.000327
-0.000376
-0.000551
-0.000009
-0.000082
-0.000574
0.000158
-0.000366
-0.000365
-0.000004
-0.000507
0.000094
-0.000291
0.000117
0.000149
-0.000248
0.000149
0.000033
-0.000193
-0.001038
0.000429
-0.000346
-0.000288
-0.000036
-0.000176
0.000513
-0.000373
-0.000056
0.000109
0.000522
-0.000109
0.000336
-0.000115
0.000479
-0.000160
0.000147
0.000059
0.000065
0.000085
0.000009
-0.000228
0.000243
-0.000052
-0.000216
0.000389
-0.000033
-0.000243
-0.000093
-0.000444
0.000090
0.000364
0.000226
-0.000254
0.000027
-0.000134
-0.000411
-0.000321
-0.000536
-0.000058
0.000341
-0.000070
0.000048
0.000186
0.000162
-0.000420
-0.000186
0.000217
-0.000303
0.000030
0.000126
-0.000390
-0.000866
-0.000320
-0.000250
-0.000458
0.000529
0.000151
0.000001
-0.000725
0.000465
-0.000128
-0.000203
0.000381
0.000442
-0.000116
-0.000252
-0.000678
-0.000187
-0.000552
-0.000320
0.000184
-0.000577
-0.000205
0.000348
-0.000014
0.000512
-0.000580
-0.000325
-0.000128
0.000062
0.000342
-0.000044
-0.000282
0.000087
0.000709
0.000569
0.000314
0.000130
-0.000158
-0.000328
-0.000741
0.000163
-0.000049
-0.000261
0.000513
0.000430
-0.000301
-0.000218
-0.000369
0.000360
-0.000042
-0.000028
0.000008
0.000074
0.000143
0.000005
0.000412
