# 参数名称：backbone.features.1.conv.0.weight
# 参数形状：(32, 1, 3, 3)
# 参数数据类型：float32
# 参数值（保留6位小数）：
0.040724 0.129016 0.014467
-0.118150 -0.102867 0.127490
0.063924 -0.061040 0.042377
-0.019215 -0.034996 0.099611
-0.008961 -0.017919 0.066086
0.045986 -0.049297 -0.167150
-0.009997 -0.114930 -0.172241
-0.061580 -0.024140 -0.081962
0.026528 -0.073056 0.082208
0.011809 -0.022992 -0.078280
0.074100 0.138506 0.181962
0.042700 0.018096 -0.010522
0.073555 0.046075 0.015952
0.119021 0.050831 -0.071263
0.060944 -0.111325 0.047899
0.071486 0.043363 0.022533
-0.102155 -0.003773 0.129556
-0.039839 0.114304 0.097376
0.071978 -0.081050 -0.039019
-0.063633 0.014150 -0.057127
-0.029280 0.046645 -0.136049
0.015839 0.008490 0.042875
-0.025841 -0.018535 -0.062245
0.036779 0.161080 0.171625
0.013028 0.050266 -0.147106
0.135499 -0.006354 0.019623
-0.029707 0.018741 -0.139835
0.009936 -0.048689 -0.003336
0.071490 -0.036501 -0.135651
-0.063406 0.009980 -0.074885
-0.080446 0.066258 0.017181
-0.010149 -0.195783 -0.146041
0.110373 0.023869 0.098085
0.030592 0.133501 0.010288
0.056941 0.069590 0.075442
-0.023104 0.088409 -0.055374
-0.171446 -0.046522 -0.095346
-0.069002 -0.000738 -0.043067
-0.097307 0.022027 0.056589
-0.076484 0.041039 0.051043
0.032859 0.045745 0.166673
0.122667 0.012738 0.059839
0.089952 0.057472 0.017163
0.104587 0.195942 -0.060736
0.000336 0.050686 -0.008749
0.010427 0.109346 0.010025
0.019487 0.023295 0.005063
0.062113 0.079297 0.008080
0.071111 0.084041 -0.032235
0.097731 0.090886 -0.082822
-0.026314 -0.037942 0.110836
0.008225 -0.019558 -0.095359
0.011981 0.046645 -0.091984
-0.031043 0.028808 -0.021685
-0.059227 -0.063502 -0.034337
-0.059927 0.031769 0.015927
-0.043593 0.046373 -0.124305
0.007057 -0.056887 -0.003117
0.019690 -0.002944 0.011884
-0.023690 0.051949 -0.100945
0.173074 -0.068604 0.043796
0.125642 -0.001181 -0.011703
0.026801 0.086427 -0.012829
0.010508 -0.010842 -0.051112
-0.059956 -0.006561 0.059553
0.192573 -0.054145 -0.037268
0.027317 0.060544 -0.025499
0.021068 -0.013707 0.005284
0.063381 0.168899 0.010991
0.010012 0.045553 0.071849
-0.137952 0.112169 0.022866
-0.085524 0.003218 0.074483
0.021710 0.036669 0.120536
0.120760 -0.012340 0.036017
0.050227 -0.032670 0.143061
0.010704 0.028693 -0.077978
-0.230619 0.097918 -0.021353
0.130014 -0.113397 -0.001119
-0.003441 -0.027015 0.129503
-0.139565 0.002678 -0.125893
0.035916 -0.119459 -0.086871
0.055272 0.114564 -0.014927
-0.001661 -0.035006 0.112078
0.290119 0.091201 -0.037630
-0.064629 -0.054830 0.108302
-0.047964 -0.020960 0.067916
0.156482 0.020181 0.228743
-0.046421 -0.165588 -0.088354
0.009456 -0.106538 0.014056
0.028488 -0.049970 -0.055687
-0.062915 0.018483 0.005045
-0.075726 -0.014327 0.037577
0.197127 -0.024982 -0.029801
-0.001027 0.028905 -0.052418
0.034506 0.095493 -0.016939
0.220220 0.010256 0.002517
