# 参数名称：backbone.features.9.conv.3.weight
# 参数形状：(384, 1, 3, 3)
# 参数数据类型：float32
# 参数值（保留6位小数）：
0.010509 -0.011235 -0.015800
0.021839 -0.008569 -0.028543
-0.026702 0.013121 -0.027674
-0.036818 -0.010294 0.011145
0.018456 -0.020233 0.023830
0.068710 -0.003217 -0.011804
-0.057462 -0.021491 -0.012482
-0.044454 0.013352 -0.008251
0.014352 0.010232 -0.080884
-0.015095 -0.008836 0.034263
0.016359 -0.035365 -0.006254
-0.028688 0.010809 0.015078
0.036331 -0.023912 -0.008084
0.029523 -0.014929 -0.008247
0.014970 0.043591 -0.038776
0.045693 -0.018874 0.018136
-0.012905 0.016257 0.016985
0.005893 -0.027119 -0.015169
0.006228 0.022767 -0.007296
0.045778 -0.008297 -0.048240
-0.002821 -0.028518 0.004362
0.031713 0.025360 0.032787
-0.015429 0.025556 0.006148
0.026568 -0.020086 -0.040059
-0.013653 0.004653 0.003681
0.034089 -0.021713 -0.003663
0.032123 -0.003152 0.031216
0.014956 0.031630 0.028235
-0.009894 0.022529 -0.028214
0.007695 -0.037589 -0.035548
-0.011974 0.014408 -0.011413
-0.056607 -0.012248 -0.009437
0.019523 0.002349 0.020304
0.004231 0.023176 0.005095
0.010454 0.015952 -0.003738
0.031655 0.014805 0.033085
0.015323 0.070902 0.013823
-0.000134 -0.006837 -0.010624
0.026289 0.008053 0.005004
0.017360 0.069278 0.004321
0.020728 -0.002761 0.003189
0.062356 0.014825 -0.052883
0.017600 -0.005844 -0.025378
0.007013 0.008385 -0.010266
-0.047174 -0.002437 -0.013071
-0.026226 -0.048985 0.002148
-0.021240 0.011900 0.015919
0.018818 -0.048762 -0.006643
0.011990 0.039520 -0.017477
0.017476 0.000108 -0.001614
0.016039 -0.020901 0.015947
0.014070 0.017345 -0.043446
-0.009891 0.015210 0.007863
0.029189 0.005363 -0.030464
-0.033881 0.017826 -0.026709
-0.004455 0.043270 -0.044784
-0.032020 0.000492 0.009202
0.022178 -0.063540 0.035171
-0.022324 -0.014993 -0.003971
-0.027685 -0.027021 -0.030874
0.011714 -0.013820 -0.014826
-0.031081 0.026709 0.026823
0.050115 -0.011275 0.005367
-0.026224 -0.025640 0.015511
-0.016629 -0.005718 -0.004555
0.013120 -0.021918 -0.049788
-0.020750 0.019958 -0.013928
0.007558 -0.003270 -0.001325
-0.037308 -0.029507 -0.005817
-0.001995 0.032301 -0.035308
0.061490 -0.019127 -0.026306
0.023471 -0.042067 0.010926
-0.017537 0.028165 -0.001468
-0.015968 0.021284 0.014938
0.039290 0.012476 0.012802
0.000730 0.022991 0.017673
0.077240 0.006212 -0.014588
0.007513 0.006665 -0.014971
-0.021548 0.010155 0.015500
0.046922 -0.014615 -0.004833
0.017737 -0.005005 0.027691
0.037262 -0.008080 -0.029553
-0.064118 0.010485 0.036512
-0.014700 -0.056017 -0.037569
0.002667 -0.015818 0.034798
0.039268 -0.002639 -0.056353
0.023538 -0.021668 0.032345
0.036433 0.006101 -0.008758
-0.009033 0.007897 0.004491
0.008880 -0.019582 -0.073818
-0.004760 0.028303 -0.012086
-0.004338 0.021523 0.010349
0.003094 -0.005467 0.014194
0.043193 -0.040170 -0.021922
-0.000748 -0.000934 -0.017242
-0.000330 -0.006885 0.014341
0.002006 -0.017950 0.030763
-0.038260 -0.020860 -0.001567
0.026651 -0.018635 -0.033021
0.012132 0.015240 -0.034687
0.040910 -0.010325 0.002352
-0.006478 -0.022332 0.028838
-0.005837 -0.019286 -0.009513
-0.000564 -0.012379 -0.016391
0.026137 -0.027063 0.008072
-0.000581 0.055074 0.018547
-0.035421 -0.014470 0.008729
-0.031347 -0.008642 -0.010085
0.012467 -0.025214 -0.039843
-0.004830 -0.017457 -0.024605
-0.012725 0.006592 0.011253
-0.024385 0.011621 0.018744
0.053900 -0.009333 0.001999
-0.012405 -0.024614 -0.054287
-0.001579 -0.003257 -0.005454
-0.055949 -0.027168 0.011944
-0.005382 -0.020281 0.039925
0.043452 -0.008991 -0.054482
-0.019057 -0.031934 -0.015014
-0.017800 0.045762 0.031614
0.001036 0.005263 -0.015169
-0.044338 -0.038847 0.001253
-0.010493 -0.017265 -0.054091
-0.052806 0.032906 -0.016601
-0.005555 -0.022589 -0.001068
-0.009571 0.014292 0.007055
-0.023508 0.019941 0.048562
-0.022133 0.023705 -0.013363
0.029412 0.039557 0.006007
-0.003393 0.002717 0.020572
0.047409 -0.005681 -0.057875
-0.005611 0.020542 0.008485
0.027207 0.012163 -0.018233
0.021709 0.029841 0.021083
-0.004392 -0.004270 -0.041402
0.009595 -0.016691 0.007904
0.002358 0.018377 -0.002229
0.024779 -0.024244 -0.017904
0.055297 0.002484 -0.036073
-0.014422 0.037796 0.035307
-0.021306 0.012028 0.014306
-0.011285 -0.015891 0.003349
-0.000883 0.030820 -0.007135
-0.001242 0.022687 0.009613
0.025601 0.049273 0.010051
0.039489 -0.000917 -0.012491
-0.051881 0.003204 0.021293
-0.027842 -0.027318 -0.007590
0.006271 -0.008764 0.003657
-0.001034 0.025732 -0.002839
-0.018761 0.019666 0.019836
-0.003542 -0.017813 -0.014113
0.018901 0.024946 -0.001062
-0.027861 -0.001742 0.008586
-0.016171 0.005730 -0.010632
-0.035407 0.011090 0.049718
0.041223 -0.045823 -0.025529
0.030320 0.005761 0.008726
-0.051833 -0.001090 -0.003203
-0.016430 -0.039304 0.012913
-0.018306 0.046983 0.011084
-0.011900 -0.021761 0.006017
-0.029694 0.012514 0.048836
0.032744 0.026626 -0.005951
0.068490 -0.040665 0.038784
0.031935 0.031968 0.009677
-0.016827 0.041160 0.013223
0.030074 -0.025262 -0.041894
0.017382 0.049142 0.009626
0.040659 -0.037869 -0.014356
-0.001385 0.028082 0.020619
0.006972 -0.001232 -0.001752
-0.007779 0.012165 -0.012221
-0.031023 -0.009801 -0.001257
0.024325 0.008794 0.012475
-0.009359 -0.008062 0.003831
0.034528 -0.018571 -0.035180
-0.039351 0.005665 -0.018127
0.002486 0.005808 0.049821
0.043970 0.035130 -0.024459
-0.007060 0.008064 -0.004606
0.001275 -0.011213 0.031954
-0.006562 -0.011082 -0.013951
-0.038475 0.010126 0.003149
-0.014921 -0.024017 -0.016485
-0.027086 0.000991 0.050851
-0.018072 -0.017934 -0.037563
0.023212 0.004646 -0.020670
0.031495 0.027422 0.009314
-0.009736 -0.032167 -0.008739
0.009908 0.014168 -0.021411
-0.033459 0.025544 -0.009008
-0.026026 0.059350 -0.030006
0.006862 0.002967 0.003539
-0.001222 0.018252 0.014919
0.002601 -0.007971 0.002813
0.000362 0.004253 0.035858
0.007649 -0.004788 -0.012816
0.009957 0.030764 -0.025222
0.055556 -0.009635 0.024114
-0.011347 -0.011118 0.025537
-0.042161 -0.010304 -0.009511
-0.027408 -0.001987 -0.022038
0.042263 0.006587 0.022406
-0.017618 -0.043088 0.024351
-0.009950 0.014142 0.003480
0.000694 -0.025640 -0.037365
0.054861 0.018300 0.029490
0.001081 0.006606 0.038085
0.031216 -0.019310 0.013008
-0.005889 0.020597 0.035608
-0.005388 -0.018880 -0.007021
0.006359 -0.056158 0.022322
-0.039777 0.040840 -0.014262
-0.021083 0.008137 -0.006702
-0.005280 -0.000401 0.026082
-0.000914 -0.017114 -0.001226
-0.031944 0.027709 0.020274
-0.028596 -0.007215 0.010433
0.015002 0.022997 0.004861
-0.042712 0.021949 -0.046753
-0.030634 0.003073 0.049757
0.000995 -0.053906 -0.014075
0.004237 -0.002918 -0.012510
0.007503 -0.027238 0.009864
-0.002446 0.002115 0.001670
-0.010710 0.034882 -0.030131
-0.007566 -0.006965 0.014590
-0.032450 -0.000459 -0.010940
0.023149 -0.010375 -0.036159
0.015240 -0.016345 0.018213
0.004949 0.020235 0.035705
0.009264 -0.023784 -0.012807
0.016353 0.027346 0.000994
-0.006325 0.018319 -0.017671
-0.048596 0.041137 0.032263
-0.042869 0.002943 -0.016998
0.005607 0.027171 -0.004694
-0.034957 -0.005735 -0.001074
-0.007908 0.005937 0.010621
-0.004546 0.049258 -0.004787
-0.025866 0.050703 -0.009457
-0.006245 0.020277 -0.004401
-0.004659 0.049398 0.020562
-0.009927 0.027798 -0.004170
-0.014028 0.001403 -0.004464
0.009992 -0.018446 0.007349
-0.049508 -0.014738 -0.032355
-0.004613 -0.014870 -0.047609
-0.006052 0.028149 0.007231
0.005235 -0.005605 0.020198
-0.016607 0.018933 0.015401
0.017205 0.022612 0.009131
0.009279 -0.028271 -0.031033
0.007695 -0.051832 -0.037239
0.023647 0.006712 -0.010029
0.014866 0.001411 -0.027971
-0.041035 0.061808 -0.003897
-0.013935 -0.035555 0.036518
-0.007482 0.015661 0.017065
0.000219 -0.032134 0.006691
0.005426 -0.033560 0.006456
-0.016954 0.003693 -0.021301
0.000487 -0.056224 0.002805
0.000772 -0.007487 0.012199
-0.013659 0.012576 0.037850
-0.050975 0.002384 -0.002656
0.023585 -0.019913 -0.016769
0.061394 -0.030772 0.038437
-0.027665 0.009055 -0.025226
0.008114 0.007060 -0.003234
-0.012133 0.040125 0.026756
-0.001297 -0.015381 -0.003020
0.001467 -0.012200 0.003165
-0.022919 0.048564 0.024015
-0.023729 -0.045102 -0.005723
-0.010910 0.017015 -0.009736
-0.010240 0.051299 -0.003883
0.006339 -0.015000 0.028419
-0.032141 -0.036186 -0.033165
-0.009729 0.002084 0.025510
-0.021715 0.022522 -0.043361
-0.006821 0.005482 -0.032670
0.046179 -0.005430 0.016193
0.007282 -0.016957 -0.027931
-0.028789 -0.000049 0.016914
0.002849 0.002498 -0.002838
-0.029751 -0.014925 -0.047275
0.004555 -0.011847 -0.027832
0.003527 -0.004333 -0.024759
-0.024181 -0.002680 0.025738
-0.024494 -0.020805 0.008317
-0.000025 0.082575 -0.004233
0.005277 -0.003041 -0.016534
0.012354 -0.010013 0.001804
-0.001189 0.014486 0.034679
0.020993 0.038047 -0.032495
-0.020596 0.002167 0.020958
-0.025262 0.002063 0.005431
-0.007507 0.047286 0.054748
0.011021 0.012390 0.013891
-0.012690 0.009595 0.017371
-0.012396 -0.001278 0.029828
0.003253 0.012182 -0.007603
-0.013542 0.009270 0.008749
0.019802 0.055361 0.022835
-0.023850 0.010975 -0.036676
-0.013943 -0.032818 0.044546
-0.013340 0.019040 0.013120
0.005546 -0.004561 -0.002334
-0.030612 0.009121 0.012257
-0.000796 0.027909 0.013446
0.011440 0.016816 0.005207
0.037362 0.011229 0.032276
0.024025 -0.011770 -0.003298
-0.004272 -0.010205 -0.004217
-0.001445 -0.039784 0.006164
0.001237 0.011919 0.012443
0.027394 0.018521 -0.025991
0.037353 -0.015283 -0.006419
0.011929 -0.005162 -0.004747
0.022450 -0.011001 0.023663
0.042971 -0.021206 -0.020307
0.016287 0.007197 0.007443
-0.053278 -0.066277 -0.000581
-0.007448 -0.018252 -0.016174
0.003739 0.006634 -0.015314
0.027777 0.031302 0.030970
0.034320 -0.018674 -0.007633
-0.022870 0.003231 -0.024015
-0.013863 0.002996 -0.016297
-0.022075 0.015227 -0.014856
0.014413 -0.005830 -0.033762
0.010104 0.011970 -0.028001
0.000292 -0.045850 0.059447
0.057502 -0.029504 0.026594
0.003899 0.046875 -0.043248
-0.053220 0.010650 -0.012349
0.010897 -0.046315 0.008248
-0.004283 0.003283 -0.010336
-0.035179 0.032096 0.001401
0.022698 0.000521 -0.031359
0.006290 -0.012658 0.019404
0.034173 0.026749 -0.011347
-0.007891 0.008371 -0.006672
-0.032773 -0.032784 -0.014559
0.004714 0.012799 -0.030421
-0.017781 -0.012408 0.025004
-0.012995 0.012411 0.004069
0.060727 0.009674 0.000902
0.038049 -0.003315 -0.046657
0.011803 -0.011480 0.001350
0.039171 0.019274 -0.009364
-0.009914 0.001632 -0.013455
-0.013540 -0.039006 -0.017636
-0.023765 0.038591 -0.019033
-0.039051 0.010323 -0.023598
-0.006922 0.008570 -0.013977
0.053764 0.058879 -0.005004
0.005579 0.016662 -0.017308
0.012971 0.004985 -0.012933
-0.032060 -0.009974 -0.022653
0.007536 0.020747 -0.005596
-0.021861 0.044196 0.007972
-0.014386 -0.009761 -0.018690
0.016479 -0.018495 0.019694
-0.018547 0.007910 -0.040285
-0.027227 0.001357 0.023965
-0.022667 0.026653 0.039879
-0.001889 0.004307 -0.056229
-0.024824 -0.006547 0.051929
-0.034704 -0.045773 -0.004058
-0.032178 0.027569 -0.012598
-0.037390 0.038755 0.001690
-0.017763 0.006027 0.019214
0.032709 0.067736 0.005057
0.004031 -0.024884 -0.023603
-0.001686 0.007477 0.027525
-0.000193 -0.027455 -0.000833
0.002304 -0.002119 0.070754
0.032341 0.029202 -0.017014
0.017509 0.016217 -0.021643
0.017241 0.030890 0.012450
-0.007831 -0.033018 0.018405
0.030970 0.002419 -0.038413
0.011224 0.044020 0.038531
-0.031156 0.041826 -0.026538
0.015086 -0.024793 -0.040085
-0.018879 -0.007620 -0.002772
-0.028594 0.012563 0.020099
-0.039384 -0.019315 -0.035936
0.001515 -0.027631 -0.023188
0.008748 0.008964 0.021426
-0.028285 -0.005144 0.005369
0.026698 -0.016195 0.002914
0.012403 -0.013442 -0.002203
0.019893 0.033066 0.009598
-0.015718 0.003091 -0.022777
-0.032433 -0.027002 0.007570
0.014907 0.021688 0.005002
0.001208 -0.004011 -0.008956
0.016134 0.032411 0.004259
-0.005824 0.010568 0.021922
0.052708 0.005256 0.029905
0.019632 -0.017672 0.011438
0.025061 -0.016165 0.010365
0.025387 -0.049334 0.018856
-0.000860 0.028359 -0.009251
0.000298 -0.004506 -0.027717
0.010380 0.016961 -0.021808
0.002430 -0.013159 -0.044912
0.002826 -0.008660 0.024128
0.026923 -0.010517 0.007398
0.040295 0.049043 -0.024907
-0.024262 -0.034540 -0.016501
0.004121 0.074249 0.034854
0.011214 -0.052343 -0.031113
-0.028532 0.030019 -0.047908
-0.017079 0.036530 -0.003051
0.028648 0.017500 -0.016259
-0.023128 0.014574 0.007101
-0.015434 -0.006987 -0.023356
0.010412 0.044376 0.012268
-0.020390 0.037277 0.027345
0.011316 0.007128 -0.020914
0.005058 -0.011938 0.014538
-0.019215 0.022514 0.034465
-0.002204 -0.005715 0.013275
-0.023848 0.033765 -0.001735
-0.004186 -0.044238 -0.000382
-0.030151 0.001919 -0.001909
-0.016589 -0.004215 -0.012332
-0.025211 0.006793 -0.013911
-0.056068 -0.001903 0.012009
0.034796 0.028312 -0.036568
0.004500 -0.020406 0.030690
-0.001552 0.013297 -0.029383
0.000016 -0.004339 0.003137
0.026175 -0.047068 -0.056646
0.019669 0.003998 0.054824
0.026463 0.017744 -0.009867
0.048669 -0.000004 -0.007854
0.023361 0.004139 0.012062
0.002868 0.007547 0.021929
0.010412 -0.013597 -0.022476
0.016428 -0.037149 0.009698
0.024036 0.026039 -0.021077
0.006887 0.035275 0.002037
-0.047435 -0.009497 -0.000017
0.053410 0.025897 -0.009056
0.016384 0.037990 0.020920
0.048198 -0.021281 0.034188
0.004552 -0.035119 0.027397
0.028251 0.019620 -0.020167
0.004481 -0.010436 -0.017915
-0.024137 -0.013901 -0.007899
0.000220 -0.065220 0.006221
0.007280 -0.023751 -0.041370
0.000454 -0.004302 -0.019791
-0.003982 -0.031661 0.019236
0.022875 0.018945 -0.033195
-0.015304 0.047210 0.048414
0.014355 -0.029874 0.008201
0.011420 -0.005994 -0.020645
0.020787 0.018291 -0.013925
-0.016947 0.029381 0.064368
-0.004907 0.031164 -0.012709
0.022743 0.001026 -0.068868
0.002427 -0.042493 0.034690
-0.004197 0.034262 -0.003359
-0.004335 0.011103 0.016626
-0.015180 0.026816 0.019696
0.010813 0.037867 0.037529
0.004765 -0.006237 -0.004441
-0.010721 -0.021284 -0.034449
-0.023802 -0.002273 0.034456
0.010758 0.070645 -0.027898
-0.040196 -0.011081 0.027027
-0.018274 0.018302 -0.040901
-0.001939 -0.006932 -0.026066
0.002506 0.031787 -0.011103
-0.010532 -0.004745 0.008666
0.026044 0.012870 -0.002701
0.018314 -0.005829 -0.018249
-0.000605 0.011889 0.038766
-0.000754 0.019929 0.004551
0.012727 -0.012782 0.033652
0.023058 -0.016058 -0.013326
-0.011516 -0.015023 0.044903
0.006585 -0.016160 0.000738
-0.019437 -0.039335 -0.009816
0.021490 0.015464 0.004708
0.001673 -0.004475 -0.029756
-0.013641 0.008011 0.042850
-0.006418 0.021469 0.017647
0.006384 -0.018426 -0.011482
-0.012133 0.004848 0.015331
-0.011860 -0.005591 -0.026951
0.004264 0.005424 0.000322
-0.015829 0.013372 -0.011186
0.000158 0.024204 0.045340
-0.049908 0.008883 -0.005841
-0.020774 -0.005431 -0.013475
-0.013614 -0.006592 0.014499
-0.042636 0.039654 0.024786
0.033116 -0.020109 -0.031195
-0.053214 0.001265 -0.019365
0.013373 -0.005881 -0.007667
0.019380 0.011121 0.034527
-0.060506 0.012015 0.009507
0.017976 -0.008740 0.023528
-0.048989 -0.011891 0.002900
0.000216 -0.008369 0.003875
-0.002823 0.010221 -0.017694
0.003960 -0.003760 -0.011908
0.007329 0.006738 0.020548
0.016465 -0.018047 -0.013938
-0.029529 -0.022261 0.004163
-0.024272 -0.015411 -0.001173
0.037717 0.012717 0.021837
-0.005870 -0.003092 -0.009845
0.028875 0.014860 0.008055
-0.018278 0.016519 -0.041491
0.008613 0.005386 0.007679
-0.012306 0.009035 -0.022380
-0.011330 -0.015284 0.004265
0.023028 0.037501 -0.030899
0.028156 -0.040023 -0.033130
-0.023932 -0.000840 -0.002894
-0.026125 -0.021361 -0.004636
-0.022146 0.043831 -0.024151
0.015821 0.011458 0.017476
0.000443 0.007699 0.002734
-0.015093 -0.051190 -0.005888
0.051943 -0.003365 0.029522
-0.022066 0.005658 -0.005938
0.067476 0.045147 -0.024986
-0.015198 0.026211 0.012663
-0.003666 -0.011550 0.026084
-0.023984 0.067807 -0.023798
0.063978 -0.053817 0.036295
0.030921 0.009185 0.027111
0.043554 -0.016140 0.036773
-0.001142 0.041934 -0.033378
-0.018693 -0.018842 0.008656
-0.003352 -0.008467 -0.017651
0.028391 0.049667 -0.019386
-0.021424 0.009311 -0.010437
-0.012338 0.011652 -0.031299
0.001174 -0.016517 0.000405
0.000280 0.001377 0.004132
-0.012146 0.042610 0.020767
-0.018448 0.000528 -0.010126
0.024684 -0.002213 0.038045
0.018360 0.043096 -0.008651
0.005361 -0.006218 0.016915
-0.008950 -0.003254 -0.003961
-0.023811 0.023943 0.036279
0.012202 0.020209 -0.011100
-0.016200 0.003792 -0.016465
0.020871 0.025520 -0.004853
-0.052819 -0.001228 0.010510
-0.015552 0.027230 0.003290
-0.011990 -0.027567 0.012296
-0.043975 0.024621 0.000625
0.038401 -0.005406 0.036358
-0.039929 0.015518 -0.017924
-0.000551 -0.013888 0.021572
-0.015078 -0.011651 0.011185
0.035820 0.016031 0.006166
0.038929 -0.006328 0.052859
0.016929 -0.049919 -0.013026
-0.038556 -0.021698 -0.039561
0.023711 -0.012706 -0.065870
0.018816 0.025098 -0.017610
0.009438 -0.032534 -0.005734
-0.036270 -0.032718 -0.010057
-0.017628 0.041021 -0.035031
-0.020063 -0.049032 0.007671
-0.015167 0.014949 -0.000512
0.020864 -0.010127 0.025597
0.034691 0.032642 0.000737
-0.001558 0.006962 -0.000222
-0.023245 -0.013943 0.026724
-0.055460 0.032451 0.029508
-0.029512 0.002226 -0.010286
-0.016163 -0.022952 -0.024962
-0.028144 0.003494 0.037718
-0.008045 -0.005975 -0.008769
-0.009897 -0.019858 -0.035142
0.008478 -0.027329 0.019111
-0.016042 0.024969 -0.008717
0.030148 0.031923 -0.006818
0.035598 0.015709 -0.015711
-0.021769 0.007888 -0.023240
-0.036078 0.024917 -0.026684
0.003973 -0.038773 0.026707
-0.014619 0.019143 -0.025079
0.001214 -0.035882 -0.021980
0.009240 0.037458 -0.019800
0.019366 0.016110 0.012985
-0.052605 0.000377 -0.034122
0.033700 -0.015517 0.002911
-0.022708 -0.008231 0.000264
0.008565 0.028259 -0.021588
0.009105 -0.005629 0.019444
-0.006713 -0.017121 0.009492
0.036096 -0.006081 0.009421
-0.014618 0.006061 -0.006151
-0.014521 0.012045 0.003789
0.022280 0.033197 -0.001586
0.010316 -0.006200 0.033454
0.009883 0.073369 0.027548
-0.026328 -0.014845 -0.010651
-0.035566 0.018157 0.008898
0.029187 -0.036517 0.022053
-0.008634 0.010127 0.013015
-0.048907 -0.027092 0.012270
0.007669 -0.032292 0.022729
0.012040 -0.018238 -0.033562
0.013803 -0.003853 0.035392
0.017211 0.028960 0.006416
0.005241 0.005464 0.018524
-0.007552 -0.032447 -0.006555
-0.039540 -0.005550 -0.023842
-0.035065 -0.025461 0.037578
-0.028249 0.001727 0.062381
-0.028744 -0.003228 0.009653
0.010064 0.014469 0.013496
-0.048499 -0.011209 0.002056
-0.005216 -0.006114 0.001522
-0.045502 -0.006750 -0.002195
-0.009912 0.011904 0.036141
0.008671 -0.020819 -0.053333
0.002213 0.019079 0.035410
0.011437 -0.012060 0.038338
0.033294 -0.007721 -0.039307
0.045534 0.001863 0.034769
-0.056802 0.017444 -0.020025
-0.025564 -0.026882 -0.005300
-0.033577 -0.003020 -0.005672
-0.018154 -0.028408 -0.034484
-0.001259 0.047798 0.020579
0.003389 -0.017536 0.022620
0.030569 0.011743 -0.053286
0.018396 -0.002957 -0.012265
0.037690 0.022008 -0.001593
-0.020240 -0.031481 0.005826
0.040199 -0.005324 0.019598
-0.012369 0.030569 -0.029126
-0.051818 0.014609 -0.037773
-0.043831 -0.016607 -0.010004
-0.005402 -0.015378 0.004302
0.007810 -0.011729 -0.015681
0.017979 0.036205 -0.049690
0.011059 -0.054166 0.029989
0.027963 0.020184 0.002652
0.021513 0.004846 0.029982
-0.056132 0.000552 -0.036132
0.020565 -0.026125 -0.037451
-0.005849 -0.004508 0.001707
-0.005818 0.004948 -0.064172
-0.042720 0.013142 0.006278
0.008592 0.007373 0.028451
-0.047897 -0.023473 -0.008699
0.021234 0.004282 0.025095
0.000721 -0.016994 0.012714
-0.024146 0.005257 -0.010408
0.035533 -0.043846 -0.021413
-0.004738 -0.018265 -0.026572
0.016646 0.018026 -0.021282
0.029505 -0.031051 0.072807
0.005794 0.051122 -0.040225
-0.034495 -0.022057 -0.013442
0.029705 -0.000888 -0.028289
0.014502 0.035136 0.025437
-0.000073 -0.017873 0.031257
0.046645 -0.012095 -0.002062
0.046676 -0.002117 0.016331
-0.051513 0.030973 0.002098
0.005752 -0.026213 -0.008191
-0.047735 -0.016831 0.026079
0.016285 -0.019530 -0.008047
0.032598 0.025744 -0.041338
0.043558 0.016759 -0.006764
0.003825 -0.011220 0.057394
-0.056139 0.005061 -0.020601
-0.001981 -0.003593 -0.002485
0.003869 -0.027631 0.025162
-0.014676 -0.010573 -0.056450
0.049991 0.003027 0.006757
-0.012034 -0.021955 -0.020996
0.010945 0.015836 0.037106
-0.007641 -0.000650 -0.011602
0.035190 -0.039314 -0.001040
0.037483 0.019913 0.028817
-0.014142 0.032505 -0.022785
0.034464 -0.040062 -0.057833
0.002995 0.006977 -0.013041
-0.024046 0.029758 -0.000781
-0.031417 -0.005678 0.003841
-0.002576 -0.014691 0.011799
0.023186 0.043852 0.006513
0.014836 0.013124 0.047529
0.001142 0.027555 -0.003432
-0.017660 -0.020017 0.014504
0.010011 -0.003858 -0.032120
0.000650 0.024279 0.016238
0.023088 -0.005712 -0.031940
-0.012996 -0.005015 0.008905
0.019965 0.008443 0.075091
0.012712 0.011009 -0.007607
-0.012732 0.008341 0.006489
-0.004547 -0.017508 -0.051902
-0.016233 0.013492 0.011541
-0.032157 -0.044396 0.028173
-0.001560 0.017595 -0.020544
0.057528 0.030381 0.025964
-0.022595 -0.024722 -0.040676
0.034003 0.038020 0.007428
-0.025809 0.013364 -0.014975
-0.007959 -0.021306 0.010836
0.045507 -0.038467 0.035361
-0.013583 0.014307 -0.052916
-0.001399 -0.016127 0.002350
0.007782 -0.021529 0.017451
-0.005944 0.003787 0.005935
0.003587 0.003276 -0.001571
-0.045152 -0.011983 -0.055925
0.003265 0.010206 0.011379
-0.004742 -0.012031 -0.017398
0.009505 -0.002779 0.016893
0.010323 -0.026869 0.058621
0.006035 0.024076 -0.024112
-0.023143 0.014554 0.015726
0.043743 -0.010961 -0.005739
-0.016607 -0.017991 0.018410
-0.052631 0.003159 -0.006890
-0.003649 0.013577 0.007668
0.050208 0.030395 0.014018
-0.014692 -0.022819 -0.009192
-0.023532 -0.039615 0.006490
-0.002068 -0.001536 0.018983
-0.008054 -0.027904 0.008486
-0.036979 0.043901 -0.027146
-0.025278 -0.020055 0.028156
-0.006655 -0.011414 -0.011097
-0.012807 -0.042026 0.046379
0.005500 -0.028392 -0.001200
-0.005856 -0.046786 0.030963
0.056724 0.002845 0.011168
0.023001 0.001457 -0.006955
0.021149 -0.010576 -0.023219
-0.027730 -0.017107 -0.010388
-0.014284 -0.065010 -0.042581
-0.007053 0.014365 -0.028417
0.005564 0.020915 0.054232
0.006179 0.011393 -0.008168
-0.021452 -0.024816 -0.009340
0.039829 0.021734 -0.037905
0.024158 0.008695 -0.007331
-0.001436 0.003176 0.000749
0.054091 0.057201 -0.018454
0.014292 -0.006793 0.001441
0.026448 -0.021817 -0.006412
-0.008699 0.063863 -0.023919
0.023713 0.009003 0.022226
0.022094 -0.004642 0.026350
-0.064836 0.009234 -0.028529
-0.008927 -0.010843 0.014073
0.005656 0.017700 -0.003022
0.022341 -0.048259 -0.055275
0.008590 -0.021260 -0.022348
0.021501 -0.048322 0.035731
-0.005242 0.000997 -0.004458
-0.009862 -0.003754 0.014792
-0.028651 0.019935 0.006925
0.014754 -0.008573 -0.021085
0.034402 -0.026015 -0.030342
-0.001886 -0.044931 -0.004281
-0.014910 0.009927 -0.024744
0.006491 -0.019125 -0.007052
0.008081 -0.011020 -0.012065
0.040106 -0.030833 -0.011312
-0.016590 0.006122 -0.022959
0.014891 0.005379 -0.030817
0.053642 0.037614 0.018731
0.005738 -0.018990 0.009916
0.014011 -0.008838 -0.019382
0.005527 0.006489 0.004990
-0.019116 -0.002694 0.005343
0.011405 -0.021935 0.011045
0.012853 -0.013829 0.035629
0.012116 0.022617 -0.002242
-0.027430 -0.041956 0.034428
0.002442 -0.017063 -0.001119
-0.010594 -0.015014 0.006882
0.022095 0.012046 -0.021648
-0.006557 0.000485 0.004388
0.002882 0.045492 0.036782
0.028427 0.002751 -0.038749
0.038157 0.007149 0.008666
0.022731 0.011240 -0.013679
-0.009738 -0.012849 -0.029624
-0.013098 -0.049371 0.003405
-0.022178 -0.028050 -0.012959
-0.003985 -0.042369 -0.020900
0.035037 -0.002388 0.035592
0.023202 -0.016840 0.009085
-0.018625 -0.013378 0.034086
0.012045 0.005256 0.037979
0.009469 -0.013404 -0.018285
0.003489 0.015631 -0.019336
-0.013471 0.052559 -0.013520
-0.044126 0.002637 0.036980
-0.006093 0.026445 0.019196
0.005119 0.026609 -0.020487
-0.002462 0.009811 0.023540
0.021666 -0.026362 -0.007191
-0.002158 0.021997 -0.009202
0.004720 -0.020967 -0.032215
-0.031214 -0.068749 -0.011654
-0.025595 -0.004244 0.007484
-0.063997 -0.025168 -0.001114
-0.021196 0.038906 0.030846
0.010249 -0.002176 0.021634
0.045804 0.027075 -0.004222
0.013689 -0.031406 -0.040703
-0.001171 0.066930 0.007261
-0.036608 -0.064701 -0.020716
0.003533 -0.037786 0.023661
0.017729 0.012915 0.022612
-0.018710 0.034019 -0.008133
-0.024981 -0.005312 -0.017992
-0.018473 -0.013839 -0.003957
0.026293 -0.014853 -0.012898
0.007171 0.024881 -0.000618
0.046013 -0.051003 -0.032104
0.022522 0.044493 -0.023109
0.023785 -0.026868 0.009719
-0.026554 -0.001578 0.023007
0.028612 -0.023986 0.008608
-0.013304 0.019446 0.017143
-0.033029 0.020163 0.031489
0.023477 -0.003928 0.020183
0.020991 0.005758 0.019406
-0.018036 0.013288 -0.029552
-0.028331 0.009924 0.014154
-0.033576 -0.001768 -0.014110
-0.030791 -0.017558 0.005400
-0.030267 0.005682 -0.002018
0.000862 0.004809 -0.029770
-0.039733 0.011367 -0.018974
0.012469 -0.009126 -0.017314
0.024130 -0.000421 0.027188
-0.009741 0.018310 0.022148
-0.005936 -0.008716 0.021606
0.014034 0.008030 0.019764
-0.025577 0.011981 0.005212
-0.023728 -0.017298 0.025396
-0.008264 -0.014031 0.009133
0.061987 -0.024621 0.002217
0.001043 0.005314 0.007257
-0.025726 -0.009732 -0.020183
-0.006924 0.024756 0.019713
-0.022606 -0.001476 -0.018356
0.017500 -0.009272 0.028380
0.018688 -0.009321 0.009991
-0.020340 -0.033785 -0.008082
-0.002072 -0.019599 0.066557
-0.006743 0.025715 -0.033210
-0.020927 0.002634 -0.028182
-0.019189 0.023564 -0.012298
0.017883 -0.006641 0.011593
0.049842 -0.010124 0.011360
0.037478 -0.021120 0.069421
-0.011609 -0.005722 -0.022436
0.017411 0.061605 0.020702
0.016611 0.025848 -0.027560
-0.023030 0.019118 -0.017233
-0.016747 -0.021176 0.005554
0.021095 -0.041869 -0.024072
0.010171 -0.009862 0.002692
-0.003861 0.012596 0.039598
-0.005580 0.015578 -0.002290
0.019414 0.000452 -0.049215
0.014234 -0.012475 -0.022617
0.004052 -0.016026 -0.012253
-0.026029 -0.015745 -0.013801
0.024331 -0.014089 -0.000775
0.039890 0.023298 -0.011440
0.016523 0.002802 0.018414
0.004088 0.010378 0.017246
0.012347 0.016798 0.012865
-0.001675 -0.006583 0.005944
-0.025951 -0.047676 -0.001874
-0.021022 0.031088 -0.038022
0.030688 0.011711 0.008645
0.050510 0.036185 -0.005797
0.040399 0.002225 -0.036175
0.041636 -0.020352 0.069419
-0.013092 -0.021575 0.034599
0.000298 -0.019895 -0.014367
-0.015868 -0.004328 0.011033
0.025374 -0.004806 0.050408
0.041954 0.028486 0.020716
0.067131 0.021242 0.009401
-0.043374 0.000768 -0.041650
-0.007866 -0.011426 0.014784
0.005460 0.001857 -0.022821
-0.036400 -0.027849 0.007668
-0.040146 0.005662 0.005166
0.028254 0.000378 0.006610
0.016089 -0.000159 0.009041
0.029840 0.006452 -0.008528
-0.016251 0.026073 0.006361
0.006287 0.037388 0.000377
0.007468 -0.014210 0.032853
-0.012911 -0.009004 0.001477
0.016419 -0.018343 -0.026160
0.002627 0.021260 0.046258
0.017751 0.007994 0.007825
-0.022587 0.017386 0.027827
0.022927 -0.005955 0.023919
-0.007584 -0.001035 0.005249
-0.017414 -0.002449 -0.004086
-0.020299 -0.029866 0.010210
-0.048107 -0.003307 0.011821
0.013652 0.003919 -0.022326
-0.016374 0.007692 0.047894
0.026647 0.025498 0.038235
-0.038337 -0.024877 -0.004695
0.007924 0.018490 -0.025497
-0.034924 -0.042607 0.000987
0.000566 0.044369 0.045658
-0.013085 0.006039 0.018945
-0.003007 -0.009244 -0.007156
-0.030754 0.010051 0.035276
0.008055 -0.004733 0.031807
0.026077 0.029328 0.019825
0.011041 -0.021913 0.049460
0.017521 -0.023203 -0.003744
-0.012274 -0.026064 0.015064
0.006043 -0.001732 -0.013013
-0.006647 -0.010551 0.013486
0.041089 0.027173 0.023859
0.023170 0.001717 0.027069
0.019935 0.019294 -0.005133
0.010917 -0.014245 -0.039418
-0.013837 -0.006267 -0.016681
0.008572 0.011856 0.001627
0.000689 -0.022980 -0.002992
-0.036899 -0.018037 -0.036060
0.012647 0.025156 -0.016239
0.030608 -0.012587 -0.038427
-0.033755 0.014296 0.006640
-0.007058 -0.043519 -0.011234
-0.029443 0.040448 0.018086
0.021453 0.005005 -0.030168
0.000506 0.023239 -0.089858
0.030694 0.005244 -0.030351
0.003323 0.002536 0.006828
0.055645 -0.003340 0.046862
-0.021917 -0.012077 -0.026541
0.044858 -0.009392 0.007164
-0.026072 -0.023984 -0.008599
-0.013682 -0.012416 -0.023928
-0.074435 0.030629 0.016035
0.008739 0.002447 0.014837
-0.001075 -0.016144 -0.041465
0.003210 -0.009030 -0.039858
0.007724 -0.015684 0.026588
-0.013406 -0.023981 -0.021344
0.016652 -0.015088 0.019045
0.057580 0.002221 -0.011834
0.011326 -0.005172 0.005700
0.031895 0.028355 0.001995
-0.003342 0.027596 0.004340
0.019615 0.025301 0.031442
-0.010216 -0.010102 0.002700
-0.003433 -0.007674 -0.032158
0.013645 0.001282 0.014127
0.036783 0.023923 0.035615
-0.017858 -0.038115 0.015778
0.067216 0.013032 0.004320
-0.024416 -0.026975 0.008245
0.039810 -0.001310 0.002175
-0.015493 0.025827 0.032543
0.000102 0.018704 -0.030428
0.025089 0.006014 0.023297
0.034209 -0.010973 -0.010751
0.015738 -0.017793 0.007623
-0.009869 -0.019756 0.011901
0.036499 -0.008398 0.022601
0.006983 0.011839 0.002960
-0.029085 0.027147 0.009255
-0.022310 -0.003955 -0.005184
-0.006923 -0.033806 -0.018768
0.012218 -0.031633 -0.038770
0.030467 0.004307 0.030235
-0.001625 0.013875 -0.039750
-0.049431 0.009907 0.027940
-0.018845 -0.076065 -0.001404
0.032411 0.014123 0.002143
-0.004279 0.004030 0.012542
0.013239 0.011692 -0.002270
-0.027675 -0.022035 0.000736
-0.009883 0.040443 0.005562
0.006070 0.004749 -0.025219
-0.002326 -0.036087 -0.002994
0.034313 -0.043016 -0.005893
0.013787 -0.007323 -0.034274
0.041746 -0.052992 -0.018392
0.017290 -0.016019 -0.019944
0.023903 -0.027067 -0.030620
-0.034197 0.017635 0.004262
-0.008467 0.004725 -0.016294
-0.027035 -0.013087 0.037355
0.002699 -0.009853 -0.039635
0.014538 -0.021562 0.010210
0.029381 0.031872 0.023712
0.025448 -0.032116 0.008290
-0.021105 -0.000931 -0.045248
0.023758 -0.007688 -0.048902
-0.003146 -0.000764 0.010276
-0.029054 0.012721 -0.010036
0.005887 -0.040088 0.048376
0.004924 -0.052879 -0.001753
0.017499 -0.005883 0.020705
0.015530 0.038860 -0.021019
-0.025318 -0.017148 0.006518
-0.003190 0.008752 0.018879
-0.013373 -0.019899 0.020062
-0.027151 -0.014860 -0.007294
0.009063 0.003314 -0.009030
-0.028771 -0.008770 -0.009837
0.030823 -0.013663 -0.002189
-0.007119 0.036347 0.037674
0.000658 -0.052684 -0.014162
0.040118 0.012860 -0.003762
0.003440 -0.019658 0.002721
-0.005524 -0.016393 0.016483
0.000207 0.004948 0.014022
-0.055104 -0.007742 0.002356
-0.024544 0.004357 -0.006175
-0.028906 -0.004391 0.024732
-0.020489 -0.021792 -0.001085
0.045725 -0.005061 0.025408
-0.033812 -0.012235 -0.008826
-0.017830 0.007688 0.003294
-0.047167 0.004631 0.009046
0.025022 0.006494 -0.014945
0.001876 -0.000454 0.010674
0.014811 -0.032341 -0.034656
0.026776 -0.030164 0.003898
-0.030594 0.013428 -0.003937
-0.039540 -0.021242 -0.015755
0.033842 0.034158 -0.015600
-0.035859 -0.014071 -0.009315
0.028145 -0.021771 0.006201
0.000711 0.014008 0.034772
-0.017410 -0.033079 -0.003834
-0.031939 -0.046604 -0.008048
-0.021973 0.017228 -0.019777
0.016215 0.001678 -0.011416
-0.008997 0.015149 0.017262
-0.036046 0.004626 0.027757
-0.015486 -0.011431 0.008602
-0.043386 0.004633 0.002340
0.022058 -0.017514 -0.031828
-0.021499 -0.049556 0.046780
-0.023306 -0.002219 0.032927
-0.044168 -0.005055 -0.007411
-0.010771 0.013377 -0.003198
-0.023434 -0.010665 -0.006772
-0.000109 0.024578 -0.012950
-0.013064 -0.002893 0.012037
-0.011950 0.035333 -0.021455
0.039435 -0.007766 -0.046093
0.003317 0.049901 0.024898
0.044592 0.003342 0.009586
0.020341 0.015085 -0.013356
0.012425 0.000254 -0.010928
0.038805 -0.012496 -0.005399
0.030968 0.021947 0.022320
-0.031555 -0.002873 -0.033537
-0.037049 0.001556 0.017893
0.030007 -0.009171 0.018736
-0.009000 0.012075 0.028040
-0.030393 -0.007730 0.023396
0.009372 -0.001209 0.022648
-0.005595 -0.027048 -0.039918
0.016207 0.022278 -0.019159
0.009201 -0.028839 -0.007645
-0.019452 -0.009269 -0.017722
0.022265 -0.004890 0.017874
0.017873 -0.021890 -0.015966
0.015073 -0.038544 -0.007633
-0.004767 0.024538 0.004180
-0.008622 0.033744 -0.040990
0.012250 -0.004069 -0.010706
0.027362 -0.001766 -0.000371
-0.033819 0.041817 -0.002278
-0.026675 -0.025463 0.006356
0.027402 -0.000070 0.012243
0.019862 -0.033884 -0.023300
0.015531 0.012389 0.002298
0.011995 -0.006590 -0.000207
-0.037438 0.009800 -0.018518
0.001832 0.048817 0.007236
0.011576 -0.013451 -0.041660
-0.022410 -0.004756 0.002994
-0.038779 0.010293 0.007617
0.016921 0.038408 -0.035986
0.006223 0.054775 -0.000800
0.003159 -0.039058 -0.023776
0.024371 0.056871 0.084406
-0.018415 0.013170 -0.006876
-0.011668 0.036216 0.012414
0.007271 0.008523 0.031618
-0.016147 -0.022179 -0.015153
-0.017026 0.022940 0.013103
-0.007088 0.064912 0.017009
-0.013634 -0.039100 -0.010866
0.020627 -0.000442 -0.058931
-0.012876 -0.003357 -0.003767
-0.027978 0.045182 -0.010016
-0.008951 0.013893 0.018123
-0.030067 0.017956 -0.006166
-0.030546 -0.020441 -0.021344
0.027854 0.023018 -0.010340
-0.013585 0.032199 0.025744
0.011450 -0.011535 0.022061
0.023643 0.009980 -0.002907
-0.010932 0.007477 -0.004233
0.006304 0.030411 0.003767
-0.027091 0.007222 -0.014242
-0.010149 -0.012936 -0.034086
-0.023353 -0.021126 0.010374
0.019759 0.006670 -0.029214
-0.014493 -0.012607 -0.006391
-0.018522 -0.007853 0.019044
-0.003846 -0.012813 -0.022911
-0.022272 -0.036954 -0.026354
-0.012778 -0.005096 -0.047485
-0.021758 0.001255 0.004727
0.056422 -0.002311 0.012411
0.010094 -0.015182 0.008309
-0.068177 0.007862 0.001939
-0.003482 0.049151 0.022406
0.026044 0.043157 -0.030759
0.044636 -0.037678 -0.005943
