# 参数名称：backbone.features.16.conv.4.running_mean
# 参数形状：(960,)
# 参数数据类型：float32
# 参数值（保留6位小数）：
-0.008144
0.007072
0.010693
-0.013360
0.017463
0.017855
0.004950
-0.029970
0.008837
0.005338
0.002911
0.013925
-0.014725
-0.006251
0.010264
0.002193
0.017015
-0.021483
0.002265
0.020768
-0.031159
0.011243
-0.000125
0.010719
0.019551
0.012771
-0.006154
0.013138
-0.010710
-0.009790
-0.002174
0.002055
-0.035572
0.001173
-0.006569
-0.008107
-0.026077
-0.012488
-0.022187
-0.009271
-0.000800
0.003298
-0.000688
0.002793
0.017337
-0.016898
-0.015637
-0.004647
-0.007808
-0.003211
0.005438
-0.026593
0.005974
0.003666
0.017903
-0.003341
-0.007075
0.010421
-0.002550
0.004363
0.007862
-0.006996
0.003152
-0.021047
-0.010090
-0.029105
0.005230
0.020584
-0.010993
-0.031217
0.010638
-0.006355
-0.000926
0.007563
-0.011860
0.020655
0.002853
0.003806
-0.014960
0.018202
-0.006155
-0.010315
-0.009982
-0.018178
-0.017605
0.002590
-0.011846
0.016720
0.001672
0.013700
0.004758
-0.001830
0.001869
0.012224
0.007176
0.016601
-0.000337
-0.012048
0.013403
0.000735
0.003058
-0.008468
-0.009240
-0.015907
-0.022457
-0.007340
-0.011745
-0.017544
-0.003472
-0.022677
0.014987
-0.001825
-0.017738
-0.011578
-0.023338
0.011045
0.002190
0.008453
0.006303
-0.004732
0.002229
-0.005140
-0.010192
0.013770
0.015494
-0.013494
0.018354
-0.013457
0.028879
0.006425
0.009535
0.014901
0.019949
-0.002937
0.021780
0.018390
-0.012088
0.017858
0.019149
0.009314
-0.010264
-0.010175
0.025535
-0.000932
-0.008269
-0.012730
-0.010163
-0.001318
-0.006509
-0.000574
-0.006581
-0.005703
-0.003992
0.015286
0.006804
-0.014015
0.020905
-0.000691
-0.003484
-0.003051
-0.012906
-0.008604
0.015339
-0.017489
0.018202
-0.002271
0.011596
-0.007358
-0.001827
0.005727
0.021020
0.011563
0.001855
0.023197
-0.024329
0.013925
-0.003085
0.003244
-0.007559
-0.003345
0.018427
0.012273
-0.017630
-0.014667
-0.018196
-0.000340
0.004608
-0.005401
-0.004317
0.005473
0.032466
-0.026249
0.006020
-0.015205
0.003395
-0.017959
0.007747
0.012858
-0.006609
-0.003653
0.023178
0.009341
0.002601
-0.002010
0.004641
-0.007633
0.005881
0.000308
0.000096
-0.003007
0.005308
0.000007
0.010474
0.005078
-0.004249
0.019287
0.003453
0.013493
-0.000107
-0.001390
0.006400
0.006266
0.010004
-0.008661
0.015899
0.003096
0.008374
-0.013605
-0.005622
-0.001356
-0.000320
0.016463
-0.001392
-0.021719
-0.013651
-0.005570
-0.007645
0.005349
0.026943
-0.010514
-0.021373
0.003640
0.001044
0.022687
0.011670
0.011077
-0.003458
0.006477
0.008144
0.006995
-0.030269
0.012442
0.030861
-0.017356
-0.002780
-0.026310
-0.011225
0.019851
0.006085
0.006318
0.007671
-0.016205
0.003076
0.031696
-0.011769
-0.009672
-0.028256
-0.008940
0.010101
0.006438
-0.013752
-0.004816
-0.005797
0.015079
0.015320
0.027711
-0.011375
-0.013910
0.004753
0.002315
0.025736
-0.005793
0.000875
0.000157
-0.017887
-0.015636
-0.007285
0.002895
-0.003963
-0.018026
0.001129
0.009710
-0.003645
0.004322
-0.017750
0.008448
-0.007524
0.006670
0.006457
-0.003136
-0.015033
-0.015467
-0.002632
-0.006744
0.001594
-0.009699
0.028392
0.023777
-0.023040
-0.013189
0.008186
0.005587
-0.001624
-0.004122
-0.008914
-0.004914
0.009732
-0.004881
0.003720
-0.000755
-0.005879
0.000561
0.013366
0.006101
0.012692
0.009503
0.024810
0.014103
0.019250
-0.005867
0.011113
-0.002381
0.017777
0.019184
0.037812
0.017271
0.022525
0.008666
-0.012144
0.008034
-0.005956
0.020986
0.000926
0.004789
0.002816
0.018805
-0.020908
0.011155
-0.013283
0.001893
0.004767
0.007780
0.001005
-0.011125
-0.012376
0.003553
0.001920
-0.005694
0.015904
0.016234
0.004925
0.008238
0.006808
0.000120
0.009375
0.007214
0.013332
0.001874
-0.017780
0.004479
0.019191
0.001073
0.007642
-0.004429
0.016223
-0.014924
0.008892
0.013050
0.022588
-0.014649
0.000843
0.005863
-0.025112
-0.010469
-0.019224
-0.000856
0.010577
0.000917
-0.025825
-0.008539
0.003421
0.032218
0.011669
0.008957
0.018561
0.006386
0.013508
0.013267
-0.009725
-0.021215
0.001653
-0.011211
0.003022
0.004721
-0.011648
0.008335
-0.014759
0.004040
0.001787
-0.007900
-0.013714
-0.007223
0.011681
0.006885
-0.009928
-0.001246
0.015062
0.004211
-0.007148
0.003275
-0.001244
-0.006344
0.038563
0.011784
-0.014043
0.017524
0.025273
-0.007530
0.007656
-0.005052
0.001927
0.009467
0.009981
0.020065
0.000246
-0.000337
0.009087
0.002171
0.004227
0.016478
-0.002029
0.017440
0.032019
0.022486
0.009616
0.009814
-0.002684
0.011838
0.014402
0.009735
-0.009373
0.004849
-0.002185
0.001709
-0.016297
-0.013058
0.006216
0.039744
-0.003832
-0.011987
0.004628
0.001014
-0.007580
-0.001840
-0.002007
0.003149
0.004170
0.015052
-0.002985
-0.015185
0.029610
-0.014851
-0.014450
0.019706
0.021574
0.010894
-0.001964
0.018062
0.002898
-0.004775
0.009821
-0.000752
0.002051
0.020985
-0.010296
-0.016122
0.002707
-0.016250
-0.003266
0.007123
0.015025
-0.015037
-0.017502
-0.016418
0.014116
0.012147
-0.017525
-0.023322
0.000075
-0.010633
-0.015446
-0.007445
0.002783
0.015825
-0.006480
0.002875
0.006056
0.018429
-0.007745
-0.006749
0.002548
0.008805
-0.009250
-0.008665
-0.003640
-0.006732
-0.023836
0.000899
-0.004181
0.014720
0.008859
-0.021093
0.016247
-0.004733
0.010137
0.001833
-0.015999
0.018550
-0.007710
-0.021819
0.003409
0.009810
0.000733
-0.006219
-0.007417
-0.001618
0.007576
-0.014920
-0.011046
-0.005408
-0.007742
-0.013641
0.017615
0.014801
-0.015963
0.001903
-0.003566
0.014762
0.004068
0.000788
0.001582
-0.009131
-0.008030
-0.008108
-0.012735
0.000424
0.013031
-0.002075
-0.000174
0.013426
-0.011946
0.013285
-0.018909
0.014930
-0.002378
-0.002069
-0.037928
-0.006564
0.012038
-0.016305
0.013197
0.003251
0.009498
-0.024119
-0.006767
-0.002045
0.008519
-0.026399
0.003244
-0.020577
0.006675
0.015114
0.003013
0.019557
0.001618
0.005221
-0.005112
-0.003700
-0.004181
-0.011080
-0.017604
-0.011603
-0.008217
-0.011164
-0.006783
-0.010237
-0.004478
-0.017967
0.009583
0.007729
-0.020817
-0.011406
0.026189
-0.016109
0.015482
0.000422
-0.012809
0.025725
-0.001963
-0.004712
0.022306
0.008219
0.018436
-0.011973
0.011029
0.003284
-0.004572
-0.001478
0.017607
0.009914
-0.016894
-0.009107
0.019214
0.026543
-0.003709
0.002287
0.017623
-0.003303
-0.003042
-0.000093
-0.003565
0.009648
-0.008025
0.017209
-0.007517
0.008420
0.006815
-0.012521
-0.002659
0.003206
0.018849
-0.009830
-0.008174
0.006927
-0.019315
0.011215
0.014606
0.004804
-0.009216
-0.012377
0.012308
-0.018730
-0.011627
0.020700
0.021728
-0.000911
0.002343
0.018702
-0.018679
0.009358
-0.013033
0.008447
-0.001219
-0.011465
-0.012049
0.022678
-0.002860
-0.008476
0.010127
-0.008110
0.009767
0.007865
-0.010964
-0.004027
0.011427
0.003769
0.001219
-0.017316
0.032101
0.008108
0.011222
0.009255
0.027584
-0.037268
0.014359
0.017522
0.008500
-0.011855
-0.016708
-0.007203
0.015467
0.006435
0.013341
0.003352
-0.009843
-0.012118
-0.009606
-0.014832
0.005131
-0.007502
0.000387
-0.001756
0.013509
-0.002571
0.020429
0.001997
0.005681
0.024519
-0.012316
0.017023
-0.004885
-0.005361
0.006310
0.014080
-0.007962
0.018166
0.014028
-0.005895
0.033163
0.015737
-0.001835
0.010609
0.007228
0.015469
-0.000813
-0.002277
0.006604
-0.006146
-0.000547
-0.038099
-0.016411
-0.001987
-0.005653
-0.019332
-0.018946
-0.002163
-0.002157
-0.006791
-0.017825
0.014529
0.033809
0.004709
0.007678
-0.004937
-0.023419
0.000095
-0.003389
0.013757
-0.007149
-0.004527
-0.021233
-0.002777
-0.006092
0.011461
0.011465
0.008257
-0.000610
0.026104
-0.009070
-0.006031
0.007060
0.023065
-0.000021
0.020470
0.015144
-0.023792
-0.013375
0.004440
-0.002605
0.001042
-0.016388
0.024616
0.018070
-0.002066
-0.010410
-0.020356
-0.006822
-0.010062
0.007801
-0.010848
-0.013884
0.016800
-0.022101
-0.009884
-0.007539
-0.019994
0.026397
-0.016955
0.025625
-0.013905
0.001639
-0.003461
0.002288
-0.005217
0.000055
-0.005415
-0.009014
0.004448
-0.023057
-0.021107
0.008991
0.011349
0.009119
0.021719
0.021021
0.010404
0.003887
0.013944
0.009078
-0.005634
-0.030073
-0.022432
-0.000828
-0.000524
0.020820
-0.006971
-0.011498
0.010986
0.003570
-0.020388
0.024202
0.006105
-0.021403
0.006599
0.023597
0.004835
-0.018017
-0.008237
-0.012270
0.006079
-0.020250
-0.000957
0.003879
0.008694
-0.011789
0.009156
0.006448
-0.018440
-0.014196
0.001911
0.017951
0.001987
-0.021918
-0.011165
0.004815
-0.011044
-0.005985
0.005532
-0.005324
-0.010786
-0.000678
-0.013026
-0.005496
-0.002262
-0.019689
0.002791
-0.020400
0.015634
0.005261
0.004068
0.028225
0.004930
0.002690
-0.005685
-0.001776
0.011087
-0.003398
0.018376
0.014397
-0.014317
-0.011922
-0.006044
-0.009131
-0.002018
0.018232
0.002190
0.000224
-0.000902
-0.007008
0.012761
0.012226
-0.002685
0.003805
0.001556
0.019262
-0.000800
0.000747
-0.016713
-0.003100
-0.001846
-0.018891
-0.015785
0.006033
0.016516
-0.009976
-0.006648
-0.003288
-0.001292
-0.000614
0.010231
-0.012762
0.003357
0.009282
-0.009696
-0.026264
0.002337
0.003343
0.007404
0.011875
0.025776
0.012822
0.004887
0.006329
0.007544
-0.006513
-0.007263
0.010271
0.010575
-0.008921
-0.012682
-0.014571
-0.003487
0.001932
0.009871
0.000178
0.016586
-0.001743
-0.018536
-0.004270
0.008034
-0.022829
-0.002089
0.011106
0.002304
0.013033
-0.003583
-0.009737
0.007336
-0.004990
-0.000901
0.001213
-0.016780
-0.007765
-0.000175
-0.009695
-0.008452
-0.003786
-0.003701
0.012292
0.006807
0.001744
0.024766
0.007947
0.018122
0.019956
-0.025359
0.016198
0.001713
-0.006317
0.027390
