# 参数名称：backbone.features.15.conv.1.weight
# 参数形状：(960,)
# 参数数据类型：float32
# 参数值（保留6位小数）：
0.884635
0.902673
0.857454
0.857254
0.859161
0.863120
0.857242
0.857420
0.863348
0.858578
0.862437
0.857663
0.879202
0.858471
0.857386
0.858637
0.857255
0.858593
0.857262
0.859721
0.857676
0.857125
0.860360
0.857585
0.857173
0.877203
0.862835
0.857379
0.913118
0.919172
0.857906
0.857608
0.869948
0.857134
0.860147
0.857379
0.860426
0.868609
0.857281
0.857305
0.857475
0.862304
0.857298
0.857670
0.857447
0.858823
0.859082
0.858735
0.857946
0.857451
0.857904
0.858014
0.858016
0.891633
0.857431
0.857915
0.897331
0.858403
0.858146
0.919217
0.857212
0.918383
0.920121
0.857250
0.859226
0.857654
0.861001
0.858788
0.903286
0.857566
0.885857
0.859490
0.912143
0.857369
0.869763
0.931507
0.857254
0.857728
0.858797
0.876954
0.857169
0.858249
0.865430
0.863503
0.892615
0.857835
0.857462
0.857534
0.857507
0.857813
0.866911
0.857830
0.857667
0.858406
0.930036
0.898224
0.861535
0.861323
0.911641
0.859166
0.896405
0.857151
0.885666
0.924878
0.863163
0.857165
0.877632
0.866059
0.857698
0.866240
0.863151
0.857195
0.857436
0.857224
0.857199
0.898979
0.915307
0.863758
0.859591
0.857792
0.892578
0.875468
0.857351
0.883555
0.898019
0.857228
0.885003
0.872046
0.857367
0.857693
0.857182
0.857143
0.857264
0.885525
0.858420
0.857213
0.859859
0.857478
0.857801
0.861538
0.857468
0.857780
0.882543
0.941155
0.857912
0.896195
0.863585
0.858632
0.870102
0.921728
0.857239
0.902167
0.857174
0.863107
0.857343
0.857294
0.857479
0.857929
0.857210
0.857707
0.857180
0.857498
0.857205
0.858475
0.858612
0.858321
0.860446
0.860140
0.860357
0.857179
0.898547
0.857201
0.857555
0.874298
0.908976
0.857818
0.869062
0.857402
0.858356
0.898865
0.857465
0.908500
0.885524
0.911291
0.857333
0.857568
0.857802
0.861003
0.857738
0.858255
0.857641
0.857916
0.875889
0.857905
0.857408
0.865071
0.857548
0.857259
0.862441
0.862239
0.892672
0.857308
0.870665
0.857237
0.857454
0.857440
0.897076
0.857152
0.873043
0.857600
0.903161
0.896205
0.857958
0.858230
0.876537
0.912568
0.878399
0.857172
0.862824
0.879648
0.911233
0.859189
0.857242
0.857190
0.857904
0.882731
0.865519
0.859528
0.870734
0.858609
0.887494
0.857688
0.857495
0.857323
0.906671
0.857185
0.860756
0.893731
0.857783
0.863059
0.859119
0.860166
0.937296
0.920128
0.905822
0.858001
0.857204
0.857445
0.857239
0.858489
0.919682
0.867469
0.859037
0.857420
0.857331
0.857613
0.858226
0.858191
0.857285
0.858917
0.884478
0.858033
0.909459
0.857488
0.857286
0.857923
0.857199
0.914070
0.863914
0.857723
0.858295
0.859975
0.873802
0.859538
0.858663
0.862356
0.857857
0.924374
0.884662
0.857426
0.857366
0.857485
0.864291
0.881649
0.860365
0.857609
0.867308
0.927527
0.857503
0.859655
0.858492
0.867042
0.923266
0.857640
0.901646
0.859791
0.857561
0.859866
0.861738
0.857389
0.919407
0.864585
0.857248
0.860778
0.868968
0.870898
0.857984
0.857470
0.858956
0.857734
0.857635
0.857696
0.858843
0.882439
0.914746
0.869427
0.860601
0.894219
0.857958
0.857745
0.877210
0.858123
0.857136
0.905625
0.877213
0.871139
0.857862
0.857586
0.858596
0.918689
0.873441
0.879330
0.887624
0.859055
0.861570
0.865712
0.903022
0.857823
0.857401
0.857157
0.857338
0.880632
0.857397
0.933956
0.869296
0.857237
0.857480
0.857391
0.894342
0.921474
0.857314
0.857644
0.857255
0.857135
0.861595
0.857129
0.857582
0.857323
0.930480
0.858732
0.857133
0.860585
0.857231
0.857580
0.857282
0.869005
0.874467
0.874894
0.857618
0.868402
0.857247
0.882610
0.858149
0.870590
0.857331
0.857626
0.857739
0.858448
0.871502
0.858672
0.857422
0.940879
0.901042
0.858812
0.857571
0.858535
0.893004
0.896868
0.858471
0.865832
0.857207
0.857934
0.881109
0.858623
0.874673
0.890490
0.857514
0.857601
0.857470
0.872971
0.857569
0.857545
0.914096
0.870636
0.877147
0.862570
0.859874
0.857279
0.857890
0.942129
0.916828
0.857598
0.889071
0.879615
0.866915
0.857307
0.873911
0.857146
0.857436
0.861217
0.900941
0.858598
0.860916
0.857328
0.860287
0.858168
0.858110
0.865552
0.865233
0.857810
0.926525
0.869509
0.858040
0.857851
0.860347
0.915048
0.887056
0.857262
0.858182
0.857815
0.857283
0.859124
0.857249
0.894755
0.857115
0.857041
0.857779
0.857203
0.857435
0.901432
0.857383
0.862130
0.857819
0.857560
0.857540
0.885350
0.861719
0.860099
0.857710
0.880591
0.862657
0.857294
0.857677
0.862104
0.857264
0.863003
0.858901
0.857383
0.867298
0.860508
0.865486
0.857184
0.857706
0.857249
0.858191
0.857932
0.857108
0.884572
0.857347
0.857575
0.857180
0.877756
0.857227
0.857478
0.892198
0.892759
0.865452
0.857501
0.858777
0.858307
0.858650
0.857836
0.857153
0.859744
0.860344
0.857313
0.857703
0.857165
0.910077
0.859301
0.857200
0.859570
0.857661
0.877282
0.868816
0.862321
0.880399
0.858572
0.877373
0.857812
0.872469
0.857253
0.857314
0.881906
0.860669
0.857591
0.858038
0.859781
0.857405
0.860759
0.857755
0.857418
0.857870
0.859010
0.864292
0.858279
0.862593
0.916979
0.858300
0.859629
0.868047
0.858596
0.857672
0.859128
0.858712
0.905328
0.858761
0.914047
0.861587
0.857146
0.884463
0.918555
0.858443
0.932713
0.857200
0.895219
0.857482
0.857237
0.875686
0.858933
0.857346
0.859048
0.857868
0.857380
0.857339
0.878588
0.860521
0.869152
0.857168
0.874429
0.859254
0.861784
0.859013
0.858337
0.857237
0.858299
0.857174
0.877354
0.857531
0.862845
0.857564
0.857831
0.858337
0.883093
0.861270
0.862743
0.876347
0.857442
0.857386
0.857786
0.869233
0.858171
0.857149
0.939719
0.864482
0.857152
0.876677
0.857181
0.858943
0.898085
0.857127
0.881783
0.858255
0.859393
0.875224
0.857606
0.894414
0.868800
0.857252
0.857471
0.857995
0.857356
0.857230
0.909967
0.857691
0.857235
0.857709
0.871256
0.885061
0.867284
0.857258
0.912100
0.872251
0.860620
0.857650
0.859841
0.862188
0.857933
0.866929
0.881596
0.857513
0.879392
0.857540
0.857173
0.867090
0.857902
0.860037
0.918334
0.857348
0.869283
0.857846
0.862333
0.871722
0.858575
0.857578
0.857195
0.857135
0.883138
0.857504
0.885986
0.857645
0.858574
0.869065
0.868372
0.860590
0.858145
0.866240
0.857348
0.930450
0.857130
0.857243
0.857219
0.858654
0.857583
0.858323
0.857672
0.874826
0.857884
0.857326
0.862580
0.857720
0.884623
0.857160
0.871876
0.859252
0.857206
0.876761
0.857720
0.870192
0.857239
0.911717
0.857988
0.866906
0.858409
0.857153
0.857227
0.857605
0.875192
0.910127
0.857556
0.857655
0.882684
0.887680
0.865648
0.904898
0.857158
0.857212
0.863872
0.857160
0.863583
0.866811
0.891369
0.857528
0.858887
0.857582
0.862441
0.857478
0.857883
0.857329
0.864375
0.857292
0.857245
0.858162
0.860201
0.858131
0.878954
0.857214
0.870540
0.866335
0.899095
0.857813
0.865804
0.857197
0.857398
0.857619
0.857257
0.857228
0.857978
0.859246
0.859696
0.857299
0.857440
0.858437
0.861000
0.857179
0.857491
0.857317
0.872867
0.859490
0.857577
0.860990
0.857244
0.916760
0.858616
0.870050
0.857145
0.879972
0.859596
0.917337
0.900244
0.857769
0.870487
0.913281
0.857571
0.864234
0.857188
0.857275
0.862473
0.857906
0.873128
0.895430
0.916418
0.865678
0.874817
0.861687
0.858126
0.857398
0.906244
0.857667
0.857386
0.858612
0.873940
0.859967
0.857353
0.857975
0.857188
0.857989
0.865127
0.857561
0.858074
0.861246
0.860558
0.868148
0.879193
0.875896
0.867510
0.927493
0.857616
0.857272
0.895959
0.903956
0.857932
0.860725
0.857198
0.861881
0.887265
0.857116
0.857460
0.865101
0.857703
0.869462
0.867395
0.857372
0.883178
0.857495
0.935644
0.860491
0.857152
0.885505
0.883407
0.881745
0.895670
0.857796
0.865356
0.933771
0.860498
0.860087
0.911273
0.923212
0.857237
0.920873
0.857291
0.857121
0.857512
0.920590
0.857232
0.857214
0.857984
0.907474
0.877185
0.858191
0.905071
0.898524
0.910756
0.857428
0.857311
0.857873
0.863141
0.871135
0.860099
0.857809
0.859093
0.857690
0.859066
0.859098
0.892679
0.857587
0.857299
0.867392
0.858293
0.857547
0.865945
0.929273
0.858272
0.859615
0.857848
0.892802
0.857853
0.857528
0.882677
0.878649
0.881973
0.879568
0.872960
0.857780
0.889782
0.857296
0.857760
0.857325
0.857589
0.857371
0.857337
0.912159
0.857206
0.874536
0.857744
0.857153
0.860725
0.921361
0.857247
0.862193
0.857798
0.900841
0.861760
0.863191
0.922623
0.857154
0.867084
0.857900
0.869188
0.868961
0.861916
0.857443
0.862364
0.858560
0.903312
0.902650
0.858610
0.858533
0.857496
0.867197
0.858636
0.857267
0.870081
0.857676
0.865494
0.903427
0.879660
0.857184
0.857326
0.881429
0.857516
0.857309
0.863844
0.857212
0.873073
0.858420
0.858622
0.857463
0.908506
0.857187
0.867369
0.877127
0.861496
0.858086
0.857310
0.858139
0.858326
0.862184
0.857683
0.857432
0.866740
0.857449
0.857835
0.857481
0.921184
0.898276
0.860336
0.857167
0.858085
0.864719
0.857149
0.869326
0.926254
0.857338
0.857587
0.857571
0.886728
0.861883
0.859117
0.857157
0.859876
0.857182
0.857237
0.857310
0.862989
0.862503
0.858184
0.857834
0.895952
0.918096
0.883463
0.858005
0.879636
0.862948
0.897381
0.857983
0.880001
0.859295
0.857385
