# 参数名称：backbone.features.3.conv.1.bias
# 参数形状：(144,)
# 参数数据类型：float32
# 参数值（保留6位小数）：
0.013778
-0.000416
0.008930
0.000304
-0.002081
-0.003599
0.007092
-0.004748
0.005023
0.007373
-0.005449
-0.000254
-0.004829
0.000162
-0.000952
-0.007954
-0.001224
-0.005174
0.005007
-0.002058
-0.001916
-0.006586
-0.002212
0.010195
-0.001475
-0.005930
-0.009253
-0.000480
0.001279
0.018894
-0.000178
-0.000298
0.003203
-0.001122
-0.005292
-0.008246
0.006876
0.000847
0.001967
0.008030
-0.007453
-0.013451
0.012195
-0.000108
-0.006781
0.004341
0.007865
0.007185
-0.000050
-0.010089
-0.002082
0.005720
-0.009494
0.010081
-0.000055
0.001575
0.001445
-0.003103
0.003493
-0.006851
-0.010463
-0.004699
-0.002286
-0.004105
0.002622
0.003993
0.001060
-0.009104
0.006282
-0.001319
0.004490
-0.010039
-0.000581
-0.008891
-0.005437
-0.002386
0.010686
0.003598
0.001437
-0.000019
-0.002322
0.002487
-0.003915
-0.006619
0.002767
0.001630
-0.000739
-0.003356
-0.002042
0.010392
-0.011926
0.000439
0.001503
0.005165
-0.007777
-0.000020
0.001179
-0.005250
-0.001385
0.007869
-0.006252
-0.010630
0.009727
-0.002312
-0.003088
0.016592
-0.006156
-0.008004
0.000832
-0.005823
-0.012752
0.003678
-0.008581
-0.004734
0.001971
0.001822
-0.005284
-0.005829
-0.005888
-0.000553
0.002202
-0.001745
0.002980
-0.000847
-0.018859
-0.004294
-0.001233
0.001866
0.008441
-0.001145
0.018610
-0.002746
0.008840
-0.004816
0.005170
-0.001059
-0.010868
-0.005136
-0.008797
0.000910
0.005679
-0.005626
0.003714
0.002140
