# 参数名称：backbone.features.7.conv.7.weight
# 参数形状：(64,)
# 参数数据类型：float32
# 参数值（保留6位小数）：
1.002263
0.992299
0.994407
0.991505
1.000667
1.003303
0.989186
0.999899
0.999564
0.996303
1.000480
0.986658
0.995649
1.005360
0.997663
0.994196
0.994757
1.002604
0.997848
1.004050
1.005904
0.999890
0.998376
1.000871
0.996237
0.995835
1.000512
0.999477
1.000857
0.997173
0.997873
1.002818
0.994420
0.999506
0.989125
0.994138
0.998915
1.002636
1.003525
0.993585
0.988614
1.002568
0.998312
0.994915
0.985924
0.993169
0.991006
0.994759
1.002788
1.008217
0.998272
1.000762
0.991576
0.995611
0.998517
1.002240
1.004190
1.001495
0.999236
0.998202
0.990987
0.996427
1.008175
0.997665
