# 参数名称：backbone.features.13.conv.7.weight
# 参数形状：(96,)
# 参数数据类型：float32
# 参数值（保留6位小数）：
0.967476
0.972787
0.962759
0.965934
0.961958
0.972225
0.976489
0.953962
0.959051
0.969052
0.972169
0.964920
0.974835
0.956937
0.975380
0.967508
0.965161
0.973545
0.965263
0.954014
0.972666
0.962674
0.966521
0.970954
0.967096
0.967184
0.972312
0.975913
0.969726
0.966596
0.966069
0.974470
0.974526
0.951527
0.974137
0.971063
0.963835
0.967533
0.970134
0.978913
0.962192
0.962159
0.969552
0.968888
0.960965
0.960363
0.969175
0.968987
0.966409
0.972458
0.958702
0.970227
0.973547
0.963009
0.970618
0.971295
0.961692
0.967224
0.961717
0.958582
0.969397
0.977185
0.961385
0.969665
0.962050
0.972522
0.961997
0.964465
0.970376
0.967949
0.966626
0.959282
0.965980
0.958671
0.962442
0.976032
0.958646
0.962740
0.955804
0.959725
0.970489
0.967692
0.975041
0.964855
0.976166
0.971799
0.959626
0.964214
0.972220
0.960173
0.971589
0.966988
0.970531
0.969152
0.963516
0.969511
