# 参数名称：backbone.features.6.conv.4.running_mean
# 参数形状：(192,)
# 参数数据类型：float32
# 参数值（保留6位小数）：
-0.016369
0.011583
-0.003819
-0.027073
-0.021908
-0.009560
0.027336
-0.016515
0.038553
-0.001303
0.038982
0.045966
0.008657
0.024902
-0.041975
0.016559
0.055183
-0.095655
0.007106
0.015055
-0.005139
-0.023006
0.029042
0.000857
0.015879
0.005371
0.026470
0.009406
-0.013302
0.056427
-0.030195
0.028810
0.041244
-0.022090
0.002151
0.011703
-0.025643
-0.044316
-0.010294
-0.029462
-0.051978
0.043765
0.001865
-0.061571
0.026895
-0.012580
-0.013108
0.028342
-0.033849
0.037589
-0.035477
-0.061766
0.018169
-0.040562
0.071718
0.053085
0.037076
0.015431
0.040833
0.046833
0.087015
0.034179
0.035408
0.001374
0.008601
-0.041971
0.033060
0.006203
-0.031176
-0.010273
0.065098
0.033674
-0.016333
-0.070347
-0.056639
0.048831
0.027603
-0.020069
0.001381
0.014483
0.023345
0.042029
0.034124
-0.040067
0.010573
0.000992
0.002460
-0.044324
0.010782
0.025285
-0.010639
-0.006996
-0.023038
-0.008291
0.032807
-0.000447
-0.018396
0.018519
0.005744
-0.005054
0.016510
-0.024554
0.003011
-0.042079
0.019762
-0.021998
-0.034264
-0.011332
0.066304
-0.072343
0.064487
0.017842
-0.000443
0.043080
-0.032613
0.008704
0.005822
-0.028082
-0.006162
0.013714
0.056127
-0.032110
-0.044485
-0.051746
0.068348
0.023878
0.038493
-0.012797
0.038597
-0.006747
-0.021951
-0.017632
0.037830
0.007511
0.039034
-0.033998
0.027246
0.001354
-0.024794
0.071299
0.019710
-0.045753
-0.049617
0.028793
-0.000563
0.014164
0.045792
-0.018634
0.026337
0.014149
0.068933
0.025812
0.020323
0.005711
0.005043
0.052018
0.003789
-0.031142
-0.042258
-0.059438
-0.014043
-0.013516
0.027417
-0.005640
0.003960
0.002906
0.001245
0.002875
-0.020393
-0.002807
-0.023838
0.023230
0.035862
0.061612
-0.028066
-0.020550
0.042288
0.017268
-0.018799
0.040840
0.058456
0.008216
0.008108
-0.005026
-0.010803
0.026005
0.021721
-0.017969
-0.026596
0.082417
-0.023284
-0.008163
