# 参数名称：backbone.features.14.conv.3.weight
# 参数形状：(576, 1, 3, 3)
# 参数数据类型：float32
# 参数值（保留6位小数）：
-0.005513 -0.015079 0.023659
-0.019737 0.006435 -0.028870
0.004904 -0.000818 0.011225
0.002466 0.007520 0.005596
0.000564 0.027519 -0.005819
0.020403 -0.011621 -0.005325
0.001937 0.011866 -0.008820
-0.019065 -0.002847 0.019456
-0.003058 -0.008797 0.003734
-0.012458 0.004038 -0.024223
-0.019997 -0.010946 -0.000926
-0.006655 -0.025873 -0.009589
0.014433 0.033912 -0.007011
0.007082 -0.004474 -0.021854
0.005183 -0.028886 0.013458
0.007122 0.026346 0.028510
0.024103 -0.002124 -0.010616
0.025470 -0.032809 -0.031162
0.029623 0.002366 -0.025750
-0.006067 0.020781 0.007994
-0.031806 0.021248 0.011856
-0.011111 -0.008662 -0.027155
0.003496 0.019343 0.004512
0.004791 -0.005891 -0.010068
-0.001033 0.014015 -0.004884
0.027833 -0.004980 -0.004456
0.000105 -0.034672 0.025615
-0.020572 0.003789 0.008127
0.008207 0.007646 -0.010332
0.014713 0.015994 0.049729
0.032641 -0.029386 0.026071
-0.018475 -0.017472 -0.012221
0.009175 0.005806 0.028011
-0.006302 0.016970 0.000487
0.029595 0.025349 -0.012269
0.011742 -0.022570 0.026718
-0.023816 -0.049231 -0.019143
0.007794 -0.002267 -0.022158
-0.025731 0.001789 0.038287
0.034892 0.000784 -0.005963
0.008960 -0.005073 -0.030324
0.008677 0.007064 0.011268
0.008387 0.013910 0.002918
-0.002128 -0.002585 -0.000042
0.000097 -0.003462 -0.009151
0.002192 0.000276 0.015483
-0.001439 -0.000489 -0.010318
0.001774 0.024716 0.033903
0.009964 0.053562 -0.019120
0.009249 -0.015555 -0.021924
-0.034963 0.021156 -0.049676
-0.007093 -0.044304 -0.001660
0.030994 0.006432 0.024448
0.016463 -0.002933 0.038905
-0.022328 0.004659 -0.013032
0.005017 -0.004857 0.039137
-0.027824 0.021019 0.019715
-0.012521 0.014992 0.007211
-0.006579 0.002402 -0.013804
-0.028046 0.013766 0.060788
-0.025059 0.026308 -0.008979
0.017979 0.040326 0.010145
0.005675 -0.006970 0.060105
-0.001878 -0.013056 -0.033023
-0.021689 -0.021911 -0.004197
-0.007390 -0.027639 -0.000180
0.002509 0.018435 0.029068
-0.000777 0.015207 -0.004415
-0.003017 0.005578 0.008437
-0.041424 -0.006641 0.013590
-0.003742 0.005969 -0.019261
-0.005026 0.004532 0.036058
0.005640 -0.015540 0.012457
-0.004585 -0.018294 0.025917
-0.010361 -0.026781 -0.014933
0.002737 0.020728 0.013619
-0.004620 0.010407 0.006455
-0.036262 0.002046 0.000783
0.001702 0.022566 0.005140
-0.016427 0.030851 0.013450
-0.002217 -0.007221 0.025677
-0.026110 0.011959 -0.018091
0.019364 0.020451 0.018657
0.006652 0.015052 0.006831
0.007508 0.018190 -0.020693
-0.014208 -0.025321 0.009619
-0.021282 -0.009800 0.008974
0.035712 0.035985 -0.003181
0.023290 0.023278 0.003187
-0.001103 -0.007269 0.005739
0.010007 0.020853 0.002742
-0.002972 -0.006791 0.000375
-0.023603 -0.008177 -0.015217
-0.014291 -0.002199 0.011449
-0.003132 -0.051871 0.005728
-0.014934 0.005331 0.006896
0.005749 0.031651 0.010095
-0.000665 -0.014385 -0.006898
-0.007276 0.011125 -0.002319
0.014004 -0.007512 0.037589
-0.001295 -0.008841 -0.013932
-0.003610 0.025198 -0.016152
-0.013370 -0.005717 0.012267
-0.019222 0.023522 0.005151
0.020108 0.047794 0.019847
0.028536 0.003319 -0.032150
-0.002287 -0.022149 -0.000962
-0.029698 0.004995 -0.024275
-0.009039 0.047136 0.045188
-0.019323 -0.052008 -0.031232
-0.031388 -0.001333 -0.049378
-0.010906 -0.005900 -0.001934
0.017222 0.031402 -0.002721
-0.015436 0.023434 0.006915
0.041261 0.001329 0.000479
-0.000447 0.001075 -0.007898
0.027403 0.019439 0.016820
-0.014484 0.031145 -0.000198
0.013560 0.036496 0.031367
-0.010420 0.046938 -0.023033
-0.026456 0.000193 -0.015146
-0.017341 -0.034380 0.007067
-0.002620 0.015307 0.010609
-0.020835 0.003364 0.004676
-0.016643 -0.034887 -0.028050
-0.006082 -0.010991 0.005476
0.026188 -0.009586 0.005631
-0.018457 0.001152 -0.043720
0.026284 0.016180 -0.024444
0.011029 0.014435 0.035830
0.018187 0.008966 -0.005816
-0.018245 0.009381 0.001146
0.006092 -0.030718 0.006447
0.012597 0.013800 -0.003430
-0.002967 0.042065 0.018001
0.019370 0.015684 -0.023270
0.008299 0.018616 -0.026098
-0.014641 0.011455 0.004455
0.026632 -0.011191 0.011950
-0.022467 -0.010433 -0.001142
0.015768 -0.017348 -0.044138
-0.003654 -0.007582 0.010685
-0.011251 0.028050 0.021976
0.020282 -0.019458 0.006744
0.015074 -0.008487 -0.016162
0.022671 0.015868 -0.005429
-0.006984 -0.028861 -0.014297
0.030280 0.004779 0.016257
0.012309 -0.008540 -0.038113
-0.036252 -0.002429 0.016291
-0.012304 -0.006405 0.036748
0.034112 -0.026123 -0.023033
0.011171 0.013211 0.003148
0.019832 0.006565 0.028834
-0.008190 -0.010483 0.005950
-0.007870 -0.020216 0.042591
-0.009932 -0.016448 -0.026332
-0.004788 -0.009996 -0.012478
-0.000246 0.022150 -0.054192
-0.061760 0.017917 -0.022488
-0.029004 0.012520 0.026497
0.002730 0.015050 0.005205
0.003438 0.007905 -0.022396
-0.007849 -0.024390 -0.008368
0.023277 0.011916 0.042010
-0.009790 0.006515 -0.013420
0.007574 -0.004612 0.011932
-0.021231 -0.011958 -0.008872
-0.017309 0.012600 0.015319
-0.022209 -0.008557 0.008042
-0.001238 0.004167 -0.038508
-0.018558 -0.007068 -0.012916
-0.016602 -0.018673 -0.015987
0.002878 0.008760 -0.004083
-0.021051 -0.068677 0.010356
0.009928 0.004243 0.023477
-0.007913 0.001449 -0.020994
0.010191 0.005406 -0.032026
0.019624 0.038310 0.021440
0.002125 0.022266 0.013731
0.011789 0.002516 0.009691
0.000148 0.036191 -0.005449
0.004454 0.029015 0.000028
0.024298 -0.002732 0.049210
-0.016572 -0.009285 -0.031237
-0.006781 -0.007485 -0.017222
0.018565 0.024499 -0.013222
0.005936 0.041065 0.013263
-0.037139 -0.018600 -0.016286
0.013305 0.018110 -0.028576
-0.002450 -0.004636 0.025253
-0.029011 -0.033743 -0.022787
-0.002374 -0.002521 0.015212
-0.002275 -0.031161 -0.019149
0.010455 -0.036802 -0.056309
-0.010669 -0.008095 0.021815
0.018678 0.001794 -0.011229
0.002020 -0.013173 -0.000227
-0.022594 0.005212 0.003340
-0.000347 -0.002081 -0.003310
0.009853 -0.031399 0.005525
-0.039424 0.013091 0.011005
0.005060 -0.000475 0.011638
-0.021626 -0.022628 -0.000849
-0.020712 -0.007091 0.019093
0.000308 -0.040005 -0.004820
0.004329 -0.025183 0.005762
-0.069425 0.022773 -0.001816
-0.024060 -0.015977 -0.008028
0.034763 0.000433 -0.005668
0.033711 -0.010317 -0.015936
-0.002917 0.008398 -0.009480
-0.002706 0.025034 0.021486
0.008685 -0.001757 0.003959
0.003437 0.010743 0.030297
0.014573 -0.022116 0.005669
0.017143 0.009311 -0.010273
0.004322 0.000689 0.017151
-0.023080 -0.002460 -0.007286
0.020042 -0.000798 -0.030263
0.011321 0.024642 0.039780
0.044441 0.037121 -0.012703
0.031862 0.025277 -0.013837
0.005189 -0.018765 0.022818
-0.036166 -0.003709 -0.002418
-0.012586 -0.019726 0.025847
0.015879 -0.001023 -0.002115
-0.019972 0.011611 0.006971
0.006758 -0.006805 -0.021927
-0.004243 0.014548 -0.024480
-0.027961 -0.005901 -0.029994
-0.051912 0.017147 0.010498
-0.014273 0.030354 -0.027490
0.012561 0.008439 0.054879
0.021633 0.005666 -0.001534
0.012671 0.025166 0.027959
-0.016463 -0.024532 0.001767
0.017180 -0.002056 0.009234
0.000859 -0.022892 -0.031801
0.001911 0.022092 0.029009
0.002867 0.006291 0.005750
-0.049154 -0.028816 0.002720
-0.021679 0.006585 0.009469
-0.022431 -0.047593 0.004085
0.007018 0.007544 -0.004314
0.045315 -0.021488 -0.002929
-0.010286 0.006818 -0.041815
-0.002952 0.008113 -0.010903
0.008285 0.005451 -0.021759
0.019171 0.004802 0.022709
-0.013297 0.008357 0.010612
-0.000994 -0.035606 0.025835
-0.007321 -0.020869 -0.001059
-0.032484 -0.034265 0.015352
-0.002524 -0.003548 -0.016766
0.017094 0.000535 -0.017820
0.001287 0.066563 -0.018063
0.020397 0.021513 -0.031392
-0.042527 -0.024033 -0.050544
-0.000898 -0.001000 -0.023567
-0.023982 0.004790 0.003133
-0.000875 -0.004823 -0.003966
-0.006148 0.000538 0.027796
-0.024684 -0.023440 -0.004992
-0.002653 0.001106 0.016917
0.025952 0.004525 0.008286
0.004854 0.016553 0.018135
0.003342 -0.001186 0.014864
0.006017 0.020632 0.014482
-0.002409 0.000554 -0.013797
0.010267 -0.022431 -0.004671
-0.027815 -0.010757 -0.010488
-0.008811 0.003937 -0.002588
0.018434 -0.010857 -0.029570
-0.004000 -0.008407 0.001855
-0.027834 -0.016541 0.009066
-0.005957 -0.014770 0.004477
0.021205 -0.010703 -0.025991
-0.008461 0.008885 0.017631
-0.026081 0.014304 -0.004436
0.024248 0.013599 -0.027510
-0.025963 0.017651 0.021739
-0.039309 -0.008867 -0.014271
0.006867 0.007855 -0.006479
0.001853 0.011497 0.010171
-0.001698 -0.016844 -0.055864
-0.019204 0.022375 -0.017656
0.003792 0.017949 0.048873
0.024820 -0.002851 0.019260
0.000301 -0.011765 -0.001566
0.001389 0.028141 0.036885
-0.007488 0.003607 0.006576
-0.000203 -0.008316 -0.034979
-0.013391 -0.000260 0.002736
-0.005517 -0.018775 -0.006139
-0.029273 0.008442 0.047471
0.001192 -0.028943 0.015362
-0.006662 -0.024437 -0.026407
-0.009302 -0.009448 0.007265
0.004779 0.009222 -0.016971
0.006560 0.019700 0.024378
0.021800 -0.016836 0.020429
0.009950 -0.031430 -0.004646
-0.021659 0.001348 0.009766
-0.006631 -0.007519 -0.012254
0.004463 -0.029404 0.015790
0.010078 -0.004394 -0.013388
0.009990 0.023339 0.014939
0.039182 0.043723 -0.017114
-0.006391 -0.011945 0.007100
-0.001228 0.029565 -0.017616
0.032376 0.004531 0.032888
-0.009572 0.015006 -0.003718
0.000071 0.010696 0.042426
0.007575 -0.002598 0.017683
0.002653 -0.008584 0.009852
0.044800 0.028273 0.017366
0.000852 -0.005434 0.010680
-0.022546 0.016579 -0.019229
0.024304 -0.009405 0.023796
-0.001369 -0.021435 0.012195
-0.017051 0.004993 0.013693
-0.019973 0.012085 0.014449
-0.032389 -0.003667 -0.010007
0.007923 -0.001500 -0.020296
-0.008523 0.025161 -0.024208
0.002159 -0.015765 -0.006609
0.007134 -0.048181 0.001741
0.030803 -0.038264 0.004640
0.007315 -0.029519 -0.036846
-0.016901 -0.006622 0.022514
0.001655 0.004423 -0.009099
-0.037895 0.032432 0.050111
0.007952 0.015914 -0.008395
0.003606 0.037181 0.007966
0.055118 -0.010550 0.010699
0.001081 -0.020361 -0.018696
-0.011117 0.002301 0.000264
-0.009049 0.004508 0.012420
-0.018040 -0.000224 0.033206
0.034469 -0.006175 -0.018519
0.005102 -0.006991 0.003447
0.001583 0.023292 -0.009384
0.019412 -0.021803 -0.005746
-0.015110 -0.005274 0.000216
-0.006674 0.021779 0.005979
0.056254 -0.011850 -0.013720
0.011233 -0.007925 -0.002207
-0.016283 -0.007235 -0.010390
-0.001519 -0.013478 -0.027261
-0.016980 -0.011874 -0.024045
-0.013205 -0.002897 0.037163
-0.003430 -0.006178 -0.005009
0.015745 0.020420 0.038745
0.032370 -0.010095 -0.025275
0.009392 0.015798 -0.019166
-0.000686 -0.003432 -0.005328
-0.012664 -0.006374 -0.013223
-0.022384 -0.004594 -0.015179
0.003414 0.011721 0.008351
-0.001613 0.019902 -0.004227
-0.001244 0.019441 -0.025812
0.015319 -0.008308 0.037293
0.008164 0.033242 -0.003504
0.000428 -0.003392 0.009872
0.021817 0.033638 -0.011074
-0.026245 0.010919 -0.002790
-0.003000 0.000264 0.018338
-0.032195 -0.008542 -0.030491
-0.008549 0.044967 -0.017125
0.026088 -0.048090 -0.019357
-0.021773 0.021374 -0.005414
0.003611 0.017501 0.007944
0.002686 -0.021805 0.000943
0.005806 0.008309 -0.011969
0.006254 -0.024491 -0.032130
-0.017625 0.015569 -0.041313
-0.028426 -0.032574 -0.009517
0.043618 0.015214 0.014901
-0.025933 0.000092 -0.005396
0.005183 -0.004264 0.001534
0.016314 -0.007079 -0.014751
-0.028481 -0.021431 -0.001645
-0.007340 -0.002650 -0.050846
-0.041237 -0.028544 -0.025136
-0.002568 0.019306 0.018221
0.016112 -0.041653 0.002237
0.004572 0.031485 -0.041951
-0.006186 -0.016951 -0.004549
0.010278 0.024305 0.018244
0.022453 -0.004440 0.004766
0.021617 0.000423 -0.019411
-0.002113 -0.018648 0.010180
-0.006647 0.010825 0.015952
0.009258 0.063119 0.018684
-0.007059 -0.018331 -0.035982
0.020903 0.005205 -0.026403
0.020076 0.011638 0.021872
-0.008776 0.022062 -0.028679
-0.014169 -0.002902 0.024109
-0.015618 -0.028660 -0.017626
0.000607 -0.014577 0.004395
0.005090 0.000735 0.025937
0.007783 -0.013588 -0.021283
-0.009935 0.021273 0.003045
-0.000536 0.003063 0.026256
-0.000585 -0.007510 -0.000522
0.008017 0.012235 0.030776
-0.007746 -0.000193 -0.015156
-0.015304 0.013094 -0.014392
-0.007560 0.005979 -0.017553
-0.017367 -0.007063 0.020872
-0.011585 -0.016829 -0.027343
0.012755 0.007199 -0.002678
-0.019840 -0.009185 -0.011179
-0.004660 0.002973 0.027599
-0.019507 -0.013386 0.049295
-0.024506 -0.003631 -0.004391
0.003573 0.024924 -0.026216
0.033117 -0.004049 0.001404
0.034448 -0.024285 -0.008636
0.009976 -0.010974 0.012225
0.014925 -0.000055 -0.048050
-0.004469 0.024750 0.047018
-0.013896 -0.013275 -0.014655
-0.018438 -0.007575 0.009308
0.038337 -0.038587 0.004391
0.013718 -0.025893 0.013330
-0.026780 0.009705 -0.038577
0.027672 0.039748 0.006749
-0.010815 -0.002859 0.003184
-0.019615 -0.026593 -0.012417
-0.007605 -0.003205 0.012846
-0.021704 0.006675 -0.017938
0.003520 -0.018029 0.030182
0.005855 -0.037342 -0.000200
0.013760 0.017331 0.005707
0.019216 0.023056 0.028068
0.007481 -0.011261 0.022264
0.005993 0.015608 0.017441
0.009596 -0.005144 0.005495
-0.031206 0.029179 0.012103
-0.020734 -0.030772 -0.037895
-0.033042 -0.035023 0.007770
-0.002984 -0.010549 -0.006126
0.026591 0.040702 0.021255
0.029943 0.003512 0.024128
-0.027174 -0.000243 -0.041966
-0.029713 -0.034070 0.015485
0.012464 0.035030 -0.046130
-0.001066 -0.007243 -0.027638
0.014075 0.030415 0.019459
0.014381 -0.004470 0.014808
-0.004745 -0.039221 -0.000300
-0.026105 -0.013670 -0.012960
-0.025146 0.030316 -0.030711
-0.008882 0.027442 -0.004537
-0.004217 -0.001209 0.009473
0.008616 0.012714 0.014191
0.032140 0.041078 0.015866
-0.002356 -0.007506 0.004365
0.001410 -0.010479 -0.009224
-0.012299 -0.000145 0.000606
0.009859 -0.006410 0.003455
-0.029696 0.022990 -0.029263
-0.002034 -0.035120 -0.020579
-0.028355 -0.007849 -0.001530
-0.011971 -0.033023 -0.005665
-0.018123 -0.001462 -0.014379
-0.024854 -0.032347 0.035639
0.016813 -0.042462 -0.028218
0.005064 -0.020334 -0.032365
-0.008577 -0.012066 -0.006513
-0.003951 -0.014532 0.002698
0.033829 -0.006712 0.016323
0.037028 -0.014959 0.011954
-0.005230 0.004893 0.039217
0.004496 -0.005487 0.033296
0.006340 0.018865 0.014990
-0.029948 0.003485 -0.038670
-0.003585 -0.025588 0.001203
-0.000946 -0.001749 -0.002235
0.007057 0.045883 0.035858
-0.035701 -0.019769 -0.016428
-0.007137 0.022542 -0.001352
0.027236 -0.012421 0.012669
-0.006126 0.008198 -0.022393
0.009062 0.003055 0.042702
0.003430 0.002910 0.009291
-0.009486 -0.009923 0.017689
-0.020497 0.002544 -0.026964
0.025639 0.017141 0.004115
0.000435 0.038219 0.017131
0.001273 -0.015864 0.036774
0.016921 -0.007288 -0.002648
0.009153 -0.011509 -0.002231
0.038290 0.010720 0.027479
0.000080 -0.001093 0.000375
-0.008833 0.009531 0.018003
0.005269 0.009700 -0.015020
0.013186 -0.005943 0.005135
-0.012149 -0.016748 0.000275
0.012342 -0.039539 -0.023031
0.002035 -0.003643 -0.004047
-0.008849 0.002258 0.011189
-0.012795 0.018002 -0.001711
-0.035061 -0.011281 -0.010451
0.000671 0.013276 0.019162
0.012623 -0.002086 0.037387
-0.009479 0.007909 0.011087
-0.024497 0.018556 0.036381
-0.016648 -0.003362 -0.000529
0.016854 -0.033668 0.015812
0.019336 0.009063 -0.012188
-0.040461 0.000933 -0.018759
-0.032342 -0.010818 0.010516
-0.001667 0.009933 -0.028434
-0.003322 0.021103 -0.003122
-0.010553 -0.017187 0.003601
0.033882 -0.008161 0.022896
0.017848 0.002001 -0.021790
-0.003437 -0.004479 -0.017919
0.009172 -0.014233 0.012832
0.009869 -0.002431 -0.012759
-0.031493 -0.011838 -0.001424
-0.015843 -0.001658 -0.014660
-0.004671 -0.017985 0.027207
0.024571 0.027346 0.004741
-0.011125 -0.014783 -0.010546
0.014121 0.001447 0.021999
-0.008705 0.011179 0.023273
0.028093 -0.009388 -0.020345
0.007207 0.009984 0.001665
0.029395 0.005443 0.027065
-0.023075 0.002473 0.009652
-0.006037 -0.049934 0.027790
0.022194 -0.016621 -0.006855
-0.000440 -0.010400 0.011595
0.001812 0.006265 0.013553
-0.009838 0.012218 0.014830
0.031158 0.004261 0.018833
0.024001 -0.000561 -0.010011
-0.014964 -0.002174 0.013125
0.006271 -0.024412 -0.001155
0.012874 0.049683 -0.012977
-0.004523 0.000623 -0.030062
0.001190 -0.020324 -0.000021
0.008801 -0.003466 -0.004418
-0.006901 -0.015382 -0.028789
-0.009410 0.004976 0.013124
0.011699 -0.000798 0.034012
-0.021561 0.000240 -0.020640
0.003101 -0.002340 -0.026078
0.005778 -0.006300 0.007102
0.014404 -0.014469 -0.003369
-0.003688 0.007144 0.001244
0.000857 -0.000372 0.020772
0.033942 0.027143 -0.009712
-0.011297 0.009535 -0.029663
-0.016681 -0.002354 -0.015784
-0.019630 0.011472 -0.008214
0.012327 -0.047931 0.009480
0.004683 -0.000469 -0.009227
-0.002459 0.022491 -0.016788
-0.006202 0.017295 0.013853
0.006243 -0.027649 0.005648
0.015578 -0.011581 -0.009270
0.021979 -0.016890 -0.011284
0.021181 -0.017045 -0.030816
0.012638 0.001909 0.010340
0.003872 0.004748 0.004543
0.023041 0.019147 0.043557
0.014734 0.003508 0.007208
0.010649 0.014863 0.001438
0.011547 0.014999 0.020259
-0.014529 -0.028257 -0.007076
0.009319 -0.011132 -0.026921
-0.011307 0.004066 0.011268
0.008386 0.035013 0.001216
-0.013313 -0.001939 0.011150
-0.043603 -0.012892 -0.025140
-0.026891 -0.018568 -0.026883
0.033350 0.018388 -0.000724
0.050500 0.006996 -0.029125
0.001962 -0.017155 0.001009
0.007073 -0.017094 0.030603
-0.010966 0.004622 0.006922
0.034142 0.005395 0.025897
-0.004018 0.004902 -0.012928
0.018881 -0.012072 0.008026
0.015486 0.035251 0.004996
-0.022164 -0.029706 0.013681
-0.025898 -0.012538 -0.019457
0.034603 -0.005345 -0.017261
-0.018190 -0.031451 -0.001785
0.013771 -0.016751 -0.020354
0.005762 -0.037760 0.003376
0.019653 -0.005632 0.014475
-0.001142 -0.014049 0.000899
0.029795 0.007104 0.004145
-0.004696 0.002424 0.036823
0.004837 0.024354 -0.004038
0.006322 -0.008057 -0.013726
-0.006522 -0.036180 -0.003617
-0.004077 0.033606 0.005223
0.022415 0.009630 -0.014274
0.021161 0.022881 -0.006475
0.008326 0.002006 0.040451
0.010749 -0.024324 -0.021525
-0.035565 -0.015133 0.028869
-0.010128 -0.001798 0.001843
0.030641 -0.019528 -0.015000
0.008314 0.018445 0.019367
0.025247 -0.003910 -0.002633
-0.004005 0.000960 0.012387
0.011989 0.025907 0.012399
0.013416 0.003862 0.020694
0.028991 0.005171 -0.008331
-0.005409 0.047891 -0.022362
0.037778 0.029321 0.003287
-0.004079 -0.006359 -0.024488
0.005059 -0.008252 -0.010956
-0.002308 -0.039197 0.011595
-0.016428 0.055309 0.001879
-0.010102 -0.004078 -0.004850
-0.030956 -0.006947 0.009345
-0.024938 0.007774 -0.000526
0.002239 -0.020395 -0.007509
0.001192 -0.002010 -0.016733
-0.012947 -0.006542 -0.028700
0.008521 0.003714 0.016715
-0.031603 -0.010372 -0.020670
0.021252 0.034522 0.009920
-0.010965 -0.059730 -0.033205
-0.001418 -0.017315 -0.031782
-0.040055 -0.036515 -0.012230
0.032758 0.010208 0.017503
-0.017138 -0.037194 -0.015865
-0.022467 -0.000035 -0.021294
-0.004043 0.002188 0.009999
-0.001365 -0.008808 0.002422
0.000545 0.013627 0.027319
-0.000676 0.034194 0.015756
0.013788 -0.005499 -0.007591
-0.046699 -0.017225 -0.038196
0.001042 0.003289 -0.038516
0.002086 -0.015447 0.027659
-0.035715 -0.023979 0.011577
0.011600 -0.027593 0.017517
-0.020825 -0.004323 -0.005675
0.001130 -0.007361 -0.002999
-0.021148 -0.053921 0.010705
0.023283 0.005934 -0.011771
0.009156 -0.010320 0.034058
-0.027490 -0.024444 0.030584
0.001307 -0.015998 0.018753
0.005434 -0.006177 0.000245
-0.045012 -0.009580 -0.019278
0.040058 -0.031796 0.022723
-0.004621 0.013759 -0.005368
0.007999 0.032973 0.002013
0.012947 -0.002926 -0.014868
-0.010276 0.009725 0.009149
-0.011603 -0.026052 -0.034958
0.002945 -0.002794 0.021568
-0.017535 -0.003924 -0.009377
0.024858 0.005256 0.011807
-0.003323 0.037645 -0.001859
0.020606 0.014723 -0.003937
-0.019458 0.014631 -0.007505
0.037016 0.039095 -0.008778
0.027014 0.016638 -0.014408
0.005402 0.016737 -0.021820
0.020459 0.010063 -0.008174
0.010455 -0.001642 0.013916
-0.017914 -0.026911 0.001666
-0.020625 -0.012874 -0.027415
-0.014656 -0.012669 -0.027843
-0.020397 0.002142 -0.001848
0.040986 0.028587 -0.015574
-0.016029 -0.002190 -0.024334
-0.002055 0.003253 -0.010232
-0.008264 0.020148 -0.030975
0.041855 0.009933 0.011853
0.039704 0.001707 -0.011989
-0.002962 0.002244 -0.021617
0.003384 -0.035654 0.005368
0.010890 -0.009964 0.002790
-0.004171 0.022473 0.043946
0.009145 -0.034170 0.011449
0.022043 0.018195 0.033050
0.016617 -0.003887 -0.023211
0.024212 0.009705 0.003879
-0.014513 0.006549 0.008249
0.037808 0.011573 0.010416
0.021021 -0.003843 -0.006905
0.005071 -0.033476 -0.022146
-0.030377 -0.035981 -0.009449
0.018146 0.002947 0.012297
0.028909 0.006600 0.013600
-0.039488 -0.002002 0.016301
0.016375 -0.021383 -0.021230
-0.012650 0.001060 -0.010048
-0.027774 0.028748 0.024338
0.019735 0.027387 -0.014538
-0.017962 -0.016451 -0.007157
-0.005930 0.004390 -0.001660
0.017551 0.030469 0.015608
0.030642 0.009430 -0.002168
-0.025037 0.020232 0.012346
-0.001589 0.037196 0.031837
-0.033828 -0.017137 -0.002422
0.031009 0.005929 0.018990
0.005869 -0.013423 0.001378
0.013924 0.028614 0.034125
0.010251 0.015881 0.016823
0.022876 0.002678 0.018244
-0.030523 0.012332 0.015310
-0.007945 0.001104 0.009535
0.000409 0.003013 0.001163
0.009983 -0.015394 -0.018358
-0.001589 0.010990 -0.044645
-0.030239 -0.006615 0.011214
0.026895 0.005704 0.025001
-0.025329 0.014768 -0.002039
-0.006083 0.031761 -0.018542
0.012212 -0.006649 -0.025253
-0.034100 0.001865 0.006878
-0.002824 0.001250 -0.025291
-0.029439 -0.002701 -0.017286
-0.008852 -0.013951 -0.019361
-0.023587 -0.017995 -0.004204
-0.003610 0.021164 0.001597
0.010565 0.018452 -0.004859
-0.032351 -0.012767 0.006409
0.000099 0.012488 0.020441
-0.005926 -0.001361 0.009216
0.013276 0.005275 0.010692
0.020524 0.012258 -0.006046
-0.005763 0.013532 0.006845
0.005132 -0.002403 0.035064
0.013628 0.018223 -0.004002
0.015425 0.022707 0.021099
0.025347 0.037992 0.029396
-0.001287 0.009663 -0.013937
-0.061064 0.038220 0.000673
0.004349 0.032544 0.023457
-0.012843 0.029714 -0.021601
0.017486 -0.028541 0.025785
-0.025995 0.009073 -0.030887
0.012336 -0.012055 0.002683
0.039344 0.001568 0.008396
-0.012942 -0.006845 -0.014722
0.000941 -0.017060 -0.026929
0.036359 -0.038966 -0.027652
0.009663 0.012603 -0.007065
0.024685 0.015964 -0.013227
-0.013645 0.003795 0.007301
-0.019234 -0.003564 -0.008033
0.012595 0.039355 -0.013072
-0.001980 0.017970 0.021713
0.021061 -0.029522 0.013081
-0.014852 -0.033226 0.012095
0.020620 0.007855 0.009161
0.012878 0.016488 -0.016019
0.034582 -0.021899 0.011403
-0.021495 0.033495 0.008017
-0.002306 0.048554 -0.006144
-0.006606 -0.004568 0.003297
-0.018203 0.002396 0.005149
-0.024718 -0.001331 0.037044
0.002880 0.009838 0.011828
0.003464 0.000065 0.015738
0.003625 -0.013434 0.006023
0.026094 -0.001355 0.056042
0.016102 0.000844 -0.034372
-0.050214 -0.000642 0.024323
-0.016778 -0.014187 0.008605
0.005555 0.007883 0.016361
-0.005813 0.010731 0.005067
0.012268 -0.002664 -0.011455
0.010020 0.003344 0.038446
-0.015462 0.030411 -0.014065
-0.010423 0.009123 0.019439
-0.013184 0.013289 0.024968
-0.018581 0.015823 0.030857
-0.003059 -0.009706 0.039458
-0.010304 -0.008857 -0.020901
0.017965 0.019327 0.003222
-0.011082 -0.006918 -0.038268
0.003680 -0.057148 -0.009379
-0.001874 0.010384 -0.001430
0.004221 -0.017236 -0.021081
0.014605 0.002866 -0.011736
-0.012894 0.034264 0.035148
-0.003968 -0.022985 -0.036764
-0.022549 0.009578 -0.022524
-0.018300 0.058555 -0.003295
0.005239 -0.019745 -0.006200
0.044660 -0.009685 0.031382
0.011466 0.019288 0.020702
0.026305 0.000253 0.024335
0.027393 -0.001095 -0.013389
-0.000652 0.045156 -0.013871
-0.008438 -0.025581 0.005822
0.002726 -0.021220 0.005543
0.004235 -0.012725 -0.002489
0.056622 -0.007702 0.016963
0.003290 -0.009756 -0.013164
0.028736 -0.008633 0.031374
0.029316 -0.014582 -0.019428
-0.028088 -0.058978 0.000064
-0.037877 0.003477 -0.018909
-0.021506 0.013069 -0.031032
-0.006982 0.032834 0.016448
-0.022854 -0.023689 -0.034084
0.022497 -0.008798 -0.021279
-0.018604 0.007386 -0.003104
-0.023581 -0.001485 -0.007859
-0.007009 -0.015214 -0.013682
0.004574 -0.002920 -0.010906
0.003486 0.009755 0.021187
0.020754 0.015697 0.038609
0.008065 0.002010 -0.005084
0.001549 0.008062 0.015931
-0.023911 -0.023306 -0.006449
-0.022374 -0.023880 0.002592
-0.009677 0.002500 0.021281
0.014467 -0.003452 0.001020
-0.001585 0.006836 0.000269
-0.036627 0.003905 0.018475
0.021706 -0.009637 0.015945
-0.010780 0.018321 0.022047
0.029749 -0.014165 -0.021141
-0.004718 -0.025693 0.008821
-0.017933 -0.023128 0.010592
-0.003538 0.006000 0.016203
-0.018617 0.007778 -0.000504
0.021570 0.010815 0.000781
-0.014289 -0.014776 -0.024976
-0.000672 -0.010124 -0.015104
0.012466 -0.020309 -0.006851
0.034968 0.020866 0.005886
0.019682 0.011937 0.002893
0.015421 0.040000 0.003057
-0.011529 0.000048 0.006526
-0.011253 -0.009257 0.039263
0.006018 0.018642 0.011978
-0.020461 0.034125 0.020182
-0.017890 0.016048 0.019949
-0.003251 0.012666 0.014246
0.006778 0.009731 -0.033617
-0.002967 0.004084 -0.030356
0.012701 -0.002101 -0.013892
0.003186 -0.045067 0.003036
0.031825 0.005331 0.026464
-0.014151 0.037420 -0.024238
-0.027227 0.001536 0.035356
0.017858 -0.014932 0.008535
0.008915 -0.040478 0.023881
-0.012276 -0.049301 0.008494
-0.007585 0.033331 -0.000206
0.018947 0.001448 -0.000921
-0.015856 -0.025553 0.028005
-0.003399 0.021667 0.004525
-0.025388 0.011869 -0.010637
0.012700 0.006695 -0.016272
0.044684 -0.022451 -0.018601
-0.036824 0.000766 -0.007490
-0.000372 -0.022707 -0.021033
-0.004128 0.040850 -0.018407
-0.012038 -0.014437 0.025102
-0.012275 0.004097 0.014764
0.011250 -0.014262 -0.024325
-0.007721 -0.010257 -0.025648
-0.019416 0.012073 -0.015549
0.014567 -0.001040 -0.004041
-0.044160 0.030306 0.000676
0.008332 -0.015079 0.008668
-0.031430 0.028378 -0.012701
-0.024412 -0.001586 0.027414
0.014965 -0.037407 -0.011525
0.020497 0.020278 0.021290
0.015143 -0.001957 -0.027558
-0.000705 -0.007007 0.004373
0.004680 -0.008103 0.045000
-0.011983 -0.020450 0.044549
-0.019053 0.008173 0.007253
0.031361 0.008361 -0.011577
0.033451 0.006457 0.006283
-0.001130 -0.001683 -0.020971
-0.023787 0.024708 0.000476
-0.011953 -0.020936 -0.008488
-0.003271 -0.009790 0.004729
-0.007548 -0.014726 -0.028686
-0.008590 -0.017378 0.021834
0.006621 -0.021775 0.018813
-0.013256 0.006379 0.004338
0.000223 -0.015136 -0.012857
0.041472 0.011668 0.012013
0.003530 0.016771 0.016711
0.002581 -0.002839 -0.018141
-0.033922 0.010723 -0.007962
-0.012211 0.018740 -0.018437
0.008872 -0.024065 -0.011226
0.011073 -0.007811 -0.020794
-0.003726 -0.042853 -0.022045
-0.025322 0.014841 -0.010754
0.000636 0.020009 -0.023969
0.025700 0.005993 -0.025540
-0.007115 -0.023444 0.031532
-0.000038 -0.010992 0.008120
0.016719 0.019620 -0.003829
0.009656 -0.000382 0.015694
-0.011541 0.006757 -0.000042
-0.010036 0.029038 -0.006744
-0.011275 0.015695 -0.002493
-0.027180 0.025639 0.049142
0.022194 -0.019133 -0.029981
-0.004250 0.006955 0.022251
0.034656 0.042727 -0.026010
0.008262 -0.007296 0.025335
-0.040206 0.006957 0.027156
0.001952 -0.024015 0.017344
-0.018733 -0.013766 -0.009350
0.016891 0.015117 0.026208
0.049885 -0.008544 -0.017474
-0.016383 0.018698 0.003899
-0.025182 0.040483 0.009789
-0.004762 0.014298 0.019144
0.004732 -0.026560 -0.031001
0.012894 -0.023616 -0.013108
-0.002860 0.011195 -0.018133
0.014955 0.011778 -0.015860
0.015092 -0.020981 -0.023099
-0.031902 0.008554 -0.032785
-0.009507 0.002506 0.012069
0.016307 0.025986 0.011272
-0.011647 0.027349 0.001591
-0.044692 0.012205 0.007614
-0.029054 0.003966 0.025538
-0.027493 0.015227 -0.014411
-0.000241 0.005559 0.004265
0.024512 0.024154 -0.012083
0.008076 -0.005994 0.007712
0.003530 0.000949 -0.007739
-0.002537 -0.002675 0.023174
0.001379 0.001601 0.027591
0.010058 -0.009372 0.005588
0.038405 0.018018 -0.005715
0.005891 -0.016225 -0.039504
-0.015348 -0.005216 -0.022506
0.002598 0.018913 -0.000415
0.005958 -0.007432 0.008252
0.014782 -0.011192 0.011001
0.004970 0.041378 0.016033
-0.004451 -0.006971 0.008231
0.030330 -0.001826 0.012115
0.000629 0.004455 -0.005328
0.030294 -0.003823 0.001142
-0.028167 0.022904 -0.013803
0.008956 -0.037385 -0.034128
-0.036708 0.004652 0.011776
-0.002005 0.004606 -0.009110
-0.020333 0.016347 -0.020938
0.015563 -0.021748 -0.008005
-0.006438 -0.001200 0.003645
0.010278 0.009976 0.016085
-0.010473 0.003528 -0.004092
-0.015142 0.013733 -0.014995
0.016841 0.003550 0.020958
-0.060251 -0.013087 -0.005918
0.001457 0.002056 -0.007113
-0.001474 -0.054912 0.011788
0.039636 -0.002394 0.018322
-0.016079 -0.013425 0.005604
0.038590 -0.008005 -0.020489
0.015603 0.021281 0.028417
-0.009847 0.030227 0.032551
0.016966 0.010321 -0.000489
0.022873 0.048322 0.020957
0.004693 -0.015283 0.012889
0.022352 0.016804 0.019258
0.018658 0.010754 -0.034530
0.006499 0.011459 -0.001928
-0.001356 -0.006042 0.039104
0.002298 0.023786 -0.014267
0.004485 -0.010878 0.022787
-0.005831 -0.003955 0.036776
-0.018832 -0.004509 0.001381
0.004074 -0.048224 0.012765
0.008961 0.008659 -0.017305
-0.057265 0.025778 0.009611
0.001123 0.001178 0.015182
-0.013624 -0.001711 -0.012334
0.043889 -0.007506 -0.029808
0.008172 -0.000118 -0.013324
-0.034280 -0.015916 0.015598
-0.002815 -0.007793 0.000236
-0.019177 0.019795 0.021605
0.013284 0.022687 0.068815
0.002157 0.007993 0.000926
0.010961 -0.007822 0.010273
-0.037721 -0.015104 -0.010111
-0.006157 -0.011855 0.016585
-0.011869 -0.035710 -0.019480
-0.021383 -0.007336 -0.005136
-0.025756 0.015193 -0.027152
0.028111 -0.028168 -0.034595
-0.027994 0.003728 0.005432
-0.012440 0.013197 0.017931
0.007800 -0.014882 -0.000224
0.003063 0.023114 0.020315
-0.004049 0.024961 0.016688
0.010967 0.012399 0.026135
0.008562 0.004776 0.003451
0.001469 -0.004174 0.002826
-0.005257 0.014642 0.029249
-0.016054 -0.008600 0.043565
0.010910 0.004093 -0.011566
0.037164 -0.018485 -0.026515
0.011485 0.014354 0.017911
-0.006421 -0.014983 -0.001128
0.008336 -0.015970 -0.009140
0.029064 -0.006037 -0.007197
0.010189 0.005064 -0.000947
0.020745 -0.020788 0.010893
0.011311 0.034236 -0.031592
-0.051532 -0.015510 -0.008899
0.035013 -0.004409 -0.002691
-0.058963 0.002796 0.053300
0.018580 -0.004887 0.014385
-0.018549 0.004914 0.020962
0.005475 0.012391 0.000271
-0.028514 0.006679 -0.011864
0.023365 0.005351 0.010472
-0.022998 0.034995 0.010220
0.012868 0.022794 -0.013340
-0.019807 -0.034271 0.016066
-0.002640 -0.026315 -0.012513
-0.018972 0.006299 -0.004258
0.025584 -0.002483 -0.013590
-0.028181 -0.040777 0.004362
-0.000274 -0.008176 0.004880
-0.019393 -0.014087 0.024497
0.008944 0.021485 0.011646
0.005244 -0.025860 0.032055
-0.005657 0.012840 -0.027110
-0.022393 0.036867 0.015764
-0.019117 -0.016524 0.011422
0.002449 -0.041562 -0.013489
0.000952 0.015283 -0.024091
-0.004013 0.007531 -0.024697
0.032459 0.026143 -0.005078
0.004290 -0.058530 -0.018010
0.007087 0.000800 -0.021297
-0.006715 -0.021413 -0.005029
-0.002992 0.008237 -0.049606
-0.015275 0.012508 -0.006844
0.020798 0.017597 0.012690
0.031531 -0.031952 0.002498
-0.010054 -0.032074 -0.020853
0.038565 0.024976 0.003902
0.016025 0.033585 -0.012008
0.014601 0.038880 -0.005261
-0.001448 -0.002252 -0.015790
0.015552 -0.006569 0.000649
-0.006126 -0.039609 0.005353
0.004628 0.020691 -0.036549
0.047495 0.006773 -0.002551
-0.000384 0.003559 -0.018171
-0.015847 0.007800 0.002090
0.019688 0.022822 0.013094
0.005424 -0.022326 -0.010662
-0.009625 -0.002934 -0.029361
0.052734 -0.004664 -0.000895
0.009473 -0.027490 -0.015907
-0.010469 0.014206 0.008798
-0.028964 0.002185 -0.007845
0.011886 -0.034143 -0.005890
0.012490 0.028435 0.008944
-0.021821 -0.007764 -0.011664
-0.012015 -0.017845 0.002815
-0.002096 0.008240 -0.004786
0.008175 -0.008539 -0.007300
0.001892 -0.016552 0.007011
0.012777 0.020268 -0.040897
0.002886 0.004961 0.001872
0.005641 0.022942 0.015463
-0.004608 -0.015075 -0.011061
-0.009587 0.013544 0.002937
0.018333 0.026866 0.009510
-0.003318 -0.014188 -0.026120
0.022290 0.016205 0.015423
-0.003839 0.012306 0.014998
0.021208 0.005898 -0.006030
0.030657 -0.008401 -0.005240
0.016071 0.013878 -0.018789
0.022968 0.013724 0.001973
-0.010076 -0.019215 0.020760
0.045616 0.014095 0.018870
0.004130 0.008600 0.018831
0.002659 0.015308 0.009775
0.014721 0.013628 0.008837
0.017636 -0.013437 0.011636
-0.049346 0.030952 0.032371
0.012183 -0.029829 -0.001817
-0.002650 0.024529 -0.000741
-0.014699 -0.031959 -0.017797
0.007796 -0.001443 -0.019746
0.015821 0.020658 0.003294
-0.012262 -0.026875 -0.024763
0.018048 0.053098 0.015364
-0.029894 -0.018381 -0.018871
0.020422 -0.039985 -0.024805
0.049523 0.024355 -0.004940
-0.024252 -0.016950 0.036997
-0.003912 -0.009068 0.016281
0.015951 0.013729 -0.052268
0.000930 0.008074 -0.020282
-0.005877 0.013929 -0.060364
-0.014685 0.002890 0.003462
0.032170 -0.002352 0.026305
0.013227 0.010254 -0.007583
0.015926 0.011860 0.021048
0.022676 0.000937 0.049225
0.010073 0.014191 0.022978
0.027308 0.017387 -0.013764
0.014301 0.012963 0.003840
0.014900 -0.027615 0.000614
0.009370 -0.004091 -0.006290
0.015514 -0.007211 0.036119
0.010632 0.011238 0.011548
0.027568 0.020684 0.009746
-0.004073 -0.007885 -0.014419
0.014138 -0.000506 0.014388
0.005621 0.036861 0.022508
0.009425 0.017562 -0.003863
0.015890 -0.005058 0.000863
0.012254 0.020241 0.004758
0.008853 -0.030388 0.015617
-0.015172 0.018075 0.010356
-0.010262 0.016774 -0.030237
-0.041245 -0.026593 -0.021625
0.033318 -0.011910 0.000866
-0.000911 -0.062541 0.024666
-0.015260 -0.015538 -0.019707
0.006582 -0.024477 -0.009951
-0.016540 -0.007133 -0.008582
-0.014694 -0.031414 0.003690
-0.017258 0.015417 0.060871
-0.008922 -0.037068 -0.004234
0.016408 -0.007586 0.012571
-0.002356 -0.017571 0.018589
-0.027283 0.016783 -0.055628
-0.008340 -0.032659 -0.027402
0.011355 0.019110 0.014333
0.003905 0.010234 0.009585
0.006647 0.015429 0.019214
0.019892 -0.014603 -0.013209
0.025711 0.007158 -0.015310
0.027307 -0.008852 0.037278
-0.026366 -0.038172 0.004297
0.006942 0.023102 -0.029955
-0.003767 -0.007084 -0.000943
0.020935 0.002602 0.002350
0.033062 0.006303 -0.028256
0.016307 0.005103 0.021411
-0.032764 -0.024299 0.000049
-0.011644 0.002259 0.014143
0.000011 -0.019326 -0.008234
-0.020719 0.004728 0.003914
-0.012163 -0.005246 0.003457
0.011376 -0.007615 -0.000097
-0.018429 -0.006911 -0.024522
0.013972 0.012119 0.000089
-0.008256 -0.001839 -0.026692
0.011363 -0.029831 0.007910
-0.024618 -0.034326 -0.032067
0.029533 -0.007084 0.015479
-0.022245 -0.002588 -0.004645
-0.004610 0.035832 -0.000074
-0.014117 0.028953 0.009116
0.026584 0.005665 0.001577
-0.006651 0.021016 -0.011672
-0.011353 0.025702 0.019151
-0.025019 -0.014168 -0.011269
0.005644 0.001429 0.011400
-0.026962 0.009674 -0.014861
-0.020406 0.005238 0.020251
0.015246 0.014550 0.006546
-0.001012 0.026355 -0.004076
-0.022570 -0.008348 0.018510
-0.026019 -0.016516 0.010116
0.000691 0.026978 0.005171
-0.000256 0.008277 0.035946
-0.008825 0.000052 0.014000
0.007258 0.008801 0.021536
0.017684 0.010706 0.036543
-0.038488 -0.014085 -0.012629
0.002344 0.015503 0.019688
0.017479 -0.025376 0.036735
0.026377 0.008025 0.013007
0.000418 -0.040078 -0.041014
-0.006048 -0.018291 -0.004124
0.013218 0.024830 -0.020479
-0.029840 0.006527 -0.020373
0.001109 -0.019191 -0.006090
0.017223 -0.046311 0.026941
0.016500 0.010614 0.014155
0.007531 0.006655 0.022084
-0.045867 -0.012885 0.003050
0.005929 0.018962 -0.005106
-0.022199 -0.009497 0.027669
-0.004726 0.013632 0.043379
0.024764 -0.010603 -0.007980
-0.009110 -0.001952 0.002828
0.019712 -0.008527 -0.034978
-0.006461 0.011059 0.014072
0.015482 0.029942 -0.011418
-0.011762 0.009048 -0.016228
0.006295 -0.001704 0.003319
0.002220 0.005358 -0.043358
0.025876 -0.013515 -0.005082
0.000577 0.036445 0.028590
-0.001400 0.002940 -0.016642
-0.001344 -0.016095 -0.010898
-0.009833 0.030217 0.001393
-0.009103 0.006016 0.023205
0.010899 0.004921 -0.013974
0.015134 0.008787 0.009414
0.009820 0.009882 0.015844
0.003596 0.014873 -0.023242
0.028171 0.027805 -0.015137
-0.020131 0.010293 0.023391
0.012255 -0.010254 -0.000800
0.004866 0.006863 -0.040198
-0.014819 -0.019270 -0.023145
-0.008811 0.009599 0.026033
0.031516 0.003525 -0.004977
-0.006538 -0.005914 -0.003375
0.013288 0.009638 0.015884
-0.013665 0.013099 0.008815
0.041866 -0.007042 0.004116
-0.040582 -0.027390 -0.019233
-0.020164 0.014855 -0.042041
0.027753 -0.006806 -0.013284
0.008370 0.016720 0.006127
-0.011952 0.010476 -0.000259
-0.033689 0.009562 0.017471
0.029599 0.004692 0.007371
0.025864 0.020609 0.032873
0.005517 -0.006207 0.037945
0.044146 0.045420 0.022011
-0.000867 0.006200 -0.010028
-0.015553 -0.017550 0.002980
0.015909 -0.023207 -0.005937
0.008302 -0.020164 0.009016
0.015187 -0.040327 0.035609
0.002857 -0.022998 -0.006367
0.011911 -0.031483 -0.010366
0.016017 -0.002833 -0.022078
-0.023061 0.017803 0.040738
-0.042864 -0.023797 -0.011263
-0.003181 -0.006949 0.019062
-0.023804 -0.023981 -0.006209
0.023360 0.014781 -0.013332
-0.011304 -0.007280 0.036428
-0.005843 0.028041 -0.017434
-0.034750 -0.009010 0.017654
0.003283 0.025200 -0.010145
-0.016294 -0.006485 -0.027411
0.029522 0.005490 -0.017441
-0.037233 0.007266 -0.008932
0.025174 0.009427 -0.001732
0.014874 -0.006252 0.021809
-0.020561 -0.001353 0.008465
0.010768 0.019497 -0.031863
0.001165 0.026795 -0.046145
-0.007682 0.016473 0.030158
0.007959 0.019580 -0.047652
-0.005737 -0.023170 0.012163
0.003577 0.012038 -0.001358
0.014989 -0.018664 0.039398
-0.011290 -0.004379 0.016030
0.008254 -0.002356 -0.015703
-0.028218 -0.003538 -0.016007
-0.004777 -0.004842 0.008743
-0.005286 -0.018776 -0.021285
0.018763 0.008513 -0.057348
0.032261 0.024914 0.005850
-0.021729 -0.028478 0.008059
-0.014010 -0.014911 -0.021024
-0.026080 -0.008113 0.004437
0.005163 -0.013076 0.026199
0.006077 0.014744 -0.011611
0.000927 -0.010064 -0.008163
0.027311 -0.014441 -0.025024
-0.003619 -0.007889 0.050411
-0.005467 0.031873 -0.016275
0.018398 0.013279 0.013777
0.010793 0.006397 0.027797
0.006004 0.015134 0.022425
0.047612 -0.001834 -0.020428
-0.016256 -0.004512 0.029678
-0.017965 0.025163 0.008618
0.000586 0.004517 -0.020861
0.041141 -0.001582 -0.022815
-0.013997 -0.016949 -0.000901
-0.004641 0.003602 0.027209
-0.022151 -0.015687 -0.013194
0.011400 -0.008363 0.026144
-0.005245 0.028717 0.029318
-0.029448 0.009656 0.002829
0.023376 0.012831 0.012466
0.002933 -0.000876 -0.020125
-0.014901 -0.001989 0.014769
0.008175 -0.018290 -0.016590
0.050626 -0.029223 0.019688
-0.002691 -0.034926 0.018515
-0.011665 -0.008205 -0.002119
-0.002742 -0.005071 -0.004932
-0.001006 0.017709 0.002279
-0.016786 -0.022520 -0.012621
0.012021 -0.008714 0.035899
0.002180 0.009616 -0.009450
0.004961 0.008936 0.000778
0.002709 -0.014739 -0.027969
-0.009862 0.014244 0.015704
0.013500 -0.024196 -0.017344
0.017802 0.024367 0.025835
0.003683 -0.014599 0.017664
-0.010051 -0.033775 -0.025417
0.022845 0.004592 0.040364
-0.031119 0.003753 0.027748
0.014569 -0.002871 0.002979
-0.016763 0.021594 -0.004250
-0.005844 -0.004367 0.016596
0.019417 0.023139 -0.020637
-0.010486 -0.028767 -0.005577
0.009746 -0.012809 -0.018651
0.024710 0.007373 0.038997
0.019702 0.001478 -0.007886
0.025863 -0.012359 -0.005685
-0.024496 -0.009874 -0.005783
-0.001124 -0.001696 -0.018289
-0.003760 -0.009166 -0.022841
0.020963 0.015307 0.022829
0.002215 0.035784 0.007431
-0.001490 0.024688 -0.014967
0.002008 -0.001595 0.018703
-0.003254 -0.017881 0.013324
0.009428 0.008903 -0.023551
0.014461 0.016420 0.011550
0.009495 0.015499 0.006852
-0.001372 -0.013811 -0.010813
0.031685 0.013776 -0.001062
-0.004455 -0.008135 -0.030322
-0.007082 0.009080 0.023730
0.004840 -0.027589 0.009573
-0.001494 0.001504 0.007739
-0.004552 0.042805 0.008723
0.013120 -0.010178 -0.016825
-0.055579 -0.032142 -0.032506
-0.025632 -0.018917 0.013237
0.012060 -0.009045 0.014811
-0.000480 0.012283 0.047345
0.026449 -0.021314 0.008754
-0.015958 0.000790 0.056743
0.024947 0.006150 0.000413
0.004116 0.000505 0.002738
0.022154 -0.003290 -0.019134
-0.015649 0.023290 0.009952
0.036918 -0.042931 -0.002565
-0.037741 -0.005316 -0.004992
0.011732 -0.037152 0.015026
-0.013920 0.003051 0.017827
-0.011550 0.046386 0.012730
-0.009848 -0.034743 -0.034929
0.031290 -0.019028 -0.019411
-0.011987 0.026007 0.040424
-0.014178 -0.016998 0.001355
-0.020406 0.019449 -0.044388
-0.021411 0.051953 -0.007826
0.021222 0.016544 0.020761
0.040570 0.027278 -0.016945
0.030403 -0.006225 -0.000177
-0.005501 -0.002228 -0.025562
0.019754 0.017743 0.019158
-0.028806 0.001358 -0.001783
-0.045292 -0.012810 -0.006013
-0.008979 -0.008504 -0.004853
-0.004014 0.002308 -0.008569
0.005338 0.033441 -0.006819
0.016589 0.016981 0.011533
0.007003 -0.017932 0.029162
-0.020938 0.016249 0.027080
0.007249 -0.006491 0.001596
-0.015047 0.007497 -0.008287
-0.020358 -0.005154 -0.034121
-0.011989 0.011608 -0.032358
0.014046 -0.035422 0.010605
0.022817 -0.003876 -0.017603
-0.048617 -0.027594 0.009359
0.007791 -0.026777 -0.007048
-0.005272 0.028828 0.016256
0.009870 -0.007904 0.014403
0.013926 -0.010917 0.022813
0.003019 -0.000534 0.025593
-0.009317 -0.016119 0.000131
-0.034126 -0.006841 0.015340
-0.024540 0.011320 0.008908
-0.006644 0.001341 -0.010949
0.010208 -0.039187 0.003031
0.008721 0.015331 0.005066
0.017427 -0.018220 -0.016651
-0.022945 0.012629 0.022503
-0.037985 0.021409 0.026226
-0.010126 -0.005982 -0.023623
0.019531 0.020312 0.014687
-0.028016 0.007189 -0.003516
0.008131 0.013397 0.022813
-0.004653 0.009452 -0.021847
0.026723 -0.003082 0.004802
0.000322 -0.010804 0.047916
-0.018326 0.019734 0.012128
0.000608 0.005528 -0.008117
0.026466 0.034737 0.028305
-0.012032 -0.021291 -0.047887
-0.017975 0.020014 -0.000706
-0.008402 0.004351 0.022111
-0.006841 -0.016800 -0.007668
-0.005834 -0.026586 -0.006734
-0.016135 -0.027813 0.003413
0.017068 -0.015773 0.009609
0.022771 0.013426 -0.047805
0.007180 0.000560 0.030388
0.016365 -0.000961 -0.011011
0.004651 -0.007017 0.027097
0.008260 -0.044279 0.000039
-0.012294 0.019807 -0.031640
0.032811 -0.032365 0.002350
0.013696 0.001675 0.021278
-0.016404 0.010511 -0.022141
0.007949 0.004229 0.000020
0.002164 -0.005528 -0.014005
0.013442 0.018087 0.009195
-0.031237 -0.033523 -0.030684
0.018289 -0.005170 0.014694
-0.001326 0.013168 -0.043557
-0.034783 -0.012050 0.013050
-0.010764 0.003193 0.019801
0.013778 0.014063 0.012265
-0.035372 -0.010071 -0.003476
-0.008650 -0.037313 -0.018047
0.023419 -0.015873 0.014459
0.005144 0.012238 0.026350
-0.012031 -0.032451 -0.015871
-0.022477 -0.010784 0.005874
-0.003790 0.000629 0.001905
-0.020101 -0.020203 -0.021713
-0.001241 -0.021193 -0.022763
0.008784 -0.027688 -0.019820
0.002968 0.018271 0.031090
0.000768 -0.006118 0.037642
-0.009821 -0.008751 -0.032587
-0.051203 0.003339 -0.031911
0.015531 0.011930 -0.042790
-0.011178 0.010003 0.022327
0.010060 0.019915 0.007755
-0.000019 -0.026562 -0.039887
-0.004072 -0.037341 -0.039031
-0.028803 0.018661 0.022397
0.028527 -0.001710 0.028147
-0.018328 0.012184 0.018775
-0.004351 0.023254 0.029226
-0.004546 0.022466 -0.004695
0.000338 -0.031291 0.004152
0.039626 -0.017797 -0.030656
0.029149 -0.037079 0.003108
0.001342 0.024317 -0.008855
0.037648 0.021981 -0.016370
-0.002693 0.009535 -0.004448
-0.032364 0.016797 -0.026330
0.011332 0.005752 0.013608
0.038303 -0.006088 -0.019795
0.002188 0.028341 0.030100
-0.014605 0.017152 -0.001261
0.020574 0.019979 -0.009717
-0.005235 -0.001176 -0.000880
0.002976 0.010236 -0.027102
0.003016 -0.025286 -0.015366
0.000646 0.003701 0.035268
-0.036033 -0.004417 -0.013154
0.002458 -0.009799 0.011633
0.004079 0.013565 -0.015668
-0.018246 0.006460 0.012063
-0.011213 -0.018340 0.003057
-0.003867 -0.011141 0.000152
-0.010605 0.024788 0.031981
-0.003341 -0.018705 -0.004231
0.014159 0.012852 0.040202
-0.009369 0.007755 -0.004223
0.019407 -0.004205 -0.003329
0.008873 -0.020437 0.004846
0.002879 -0.037903 -0.012373
-0.010967 -0.027198 0.008682
0.030428 0.017881 0.020855
-0.002092 -0.006012 0.002500
-0.006334 0.033923 -0.009864
-0.026152 -0.023997 -0.001628
0.012943 -0.005421 -0.004545
0.007504 0.022524 0.000211
-0.006742 0.029270 -0.053866
0.000509 0.005645 0.038512
0.015063 0.037499 0.004624
-0.008089 0.008148 0.020070
-0.017148 -0.011887 0.005991
0.004919 -0.034964 -0.000307
-0.015630 -0.003718 -0.002541
0.006339 -0.024000 0.010409
0.024472 -0.002155 -0.006360
0.021440 0.014406 0.024627
-0.012462 -0.027464 0.026005
0.008350 -0.018407 -0.010678
0.004796 0.017855 -0.022060
0.002504 0.015934 0.026173
0.007570 -0.007895 -0.058779
-0.021867 -0.004140 0.001964
0.000649 0.009005 0.006350
-0.006492 0.006518 0.058097
-0.001149 -0.025926 -0.027453
-0.036707 0.025400 0.038732
-0.001795 0.000697 0.031535
0.014470 0.016818 -0.003669
0.037746 0.004477 -0.004018
0.023728 -0.043835 -0.008493
-0.042259 0.028632 -0.021057
-0.008581 0.011028 -0.039274
-0.031224 0.009641 -0.040390
-0.021167 0.020086 0.022508
0.031248 0.020495 -0.014068
-0.024924 0.018157 0.024466
-0.013944 -0.040936 -0.031884
0.036011 0.014190 -0.026157
-0.007039 0.043649 -0.009663
0.002181 0.036271 0.004365
0.017484 -0.018372 0.007598
-0.004447 -0.017220 -0.026496
-0.026949 -0.015669 0.022437
0.001980 -0.022773 0.020903
-0.002770 -0.029449 0.006079
0.002589 0.017914 0.009700
0.008322 -0.000498 -0.029349
0.006482 0.045681 -0.012535
0.015836 0.007708 -0.011809
0.000851 -0.039053 -0.020820
0.001662 -0.051328 -0.030642
-0.012045 0.028458 0.005657
0.008106 0.009221 -0.048844
0.034578 0.014103 0.012386
-0.009173 -0.004860 -0.033444
0.000797 0.042961 0.006901
-0.002047 -0.004078 -0.030396
0.004789 0.022983 -0.004257
-0.030978 -0.002272 0.014443
-0.003056 0.016553 0.014954
0.016023 0.027683 -0.022815
0.020312 0.008890 0.007922
0.000923 -0.017009 -0.001317
0.027457 -0.007840 0.006457
-0.006708 0.053733 0.001572
-0.006854 0.008771 0.032101
-0.000375 0.019396 0.035733
0.002761 0.009537 -0.010349
-0.009674 -0.010923 -0.035800
-0.003514 -0.012054 0.003569
0.007791 -0.025233 -0.033945
-0.000265 0.011193 0.010282
0.033243 0.001701 0.020612
0.012088 -0.035326 0.048043
0.005131 -0.007306 -0.000352
0.017787 0.006817 -0.007755
0.026408 -0.017643 0.022292
-0.008823 0.004796 0.015332
0.021359 0.033007 0.015569
0.041046 0.006910 0.020532
0.028473 -0.003849 -0.041123
-0.001428 0.028753 -0.016928
-0.032721 0.012266 -0.026755
-0.036372 -0.010603 0.014169
0.016730 -0.006155 -0.019812
-0.017143 0.019200 -0.018616
0.015510 -0.003390 -0.023520
0.051762 -0.005735 0.005398
-0.014866 -0.018256 -0.023608
0.035881 0.017235 -0.016895
-0.010574 -0.000648 -0.016119
-0.019810 0.047987 0.033844
-0.030232 0.017385 0.005399
0.012597 -0.028168 -0.015658
-0.007905 0.018199 -0.037271
0.009302 0.016460 0.009773
0.000797 0.012033 -0.017286
-0.013072 0.015699 0.005648
0.023310 -0.005207 0.011722
0.020670 -0.004333 0.002522
-0.012056 -0.044391 0.018337
0.012489 -0.029532 -0.019402
-0.008605 -0.012600 0.011632
0.010711 -0.023951 -0.021074
-0.011310 0.022452 0.003140
0.022283 0.007579 -0.025527
0.014797 0.017962 -0.014544
-0.002585 0.023995 -0.030985
-0.004971 0.008461 0.058781
0.002237 -0.001620 0.007845
-0.018500 0.036725 0.006715
0.061515 0.025350 0.015922
-0.029272 -0.013560 -0.018360
-0.014674 -0.019692 -0.004310
0.009402 0.004026 0.002493
-0.037187 0.039984 0.036426
0.011223 -0.002889 -0.025133
0.042811 0.017839 0.006922
-0.010631 0.016784 0.024741
0.021490 -0.026104 0.021069
0.002784 -0.006075 -0.001339
0.017176 -0.031263 -0.038678
-0.008365 -0.008761 -0.011489
0.006590 -0.049698 -0.008161
0.013199 0.028920 -0.017034
0.030991 0.015205 0.021535
0.021850 -0.046104 0.003996
0.012431 -0.013796 0.024002
-0.018600 -0.013831 0.008105
0.002009 -0.041330 0.023295
-0.021938 -0.004626 0.016270
0.004626 0.016926 0.008578
0.014283 0.002011 0.027910
-0.020186 0.010828 -0.036869
-0.002492 -0.027396 0.007110
0.028099 0.011969 0.009421
-0.007561 0.003000 -0.000200
-0.023653 0.026794 -0.059203
0.005180 -0.012261 -0.019121
-0.042552 0.005901 0.001480
-0.007557 0.001252 -0.019594
-0.011146 -0.022016 -0.016009
-0.029665 -0.004528 0.001730
0.006028 0.006016 0.015248
-0.003147 0.003932 -0.006960
0.012941 -0.017349 -0.024269
-0.010064 -0.008296 -0.034665
0.019516 -0.009560 -0.045733
-0.018800 0.013727 -0.015792
0.020745 -0.001316 0.009301
-0.024927 -0.026550 -0.012139
-0.013119 0.000490 0.001023
0.003345 0.030229 -0.010478
0.026341 -0.021768 0.019485
0.016242 -0.033697 0.004355
0.014177 -0.001782 -0.045524
0.017999 -0.008770 -0.029436
0.003008 0.023604 0.014066
-0.002189 0.000207 -0.006060
0.060571 0.014917 -0.012938
0.014743 0.006323 0.001358
0.015371 0.005708 -0.029757
0.031919 0.012272 0.019546
-0.022358 0.003308 -0.007813
0.001213 0.010416 0.017936
0.005657 0.012018 -0.006683
-0.017324 -0.022406 0.028059
-0.026336 0.010878 -0.000888
-0.028394 -0.003464 -0.009470
-0.020808 -0.013234 -0.009640
-0.018816 -0.025776 0.012934
0.050795 0.014038 -0.026350
0.008297 -0.008105 0.015731
-0.011551 0.023073 0.026346
0.005592 0.010334 0.007756
-0.004822 -0.007247 -0.002784
0.000647 0.007756 -0.010166
0.009120 -0.011282 0.004475
-0.028289 -0.032270 -0.009252
0.013740 0.002571 -0.037139
-0.029927 -0.026153 0.008233
0.015520 0.009691 0.014125
-0.038007 0.009492 0.012616
-0.049276 -0.025333 0.009344
0.001279 0.023820 -0.040426
-0.028679 -0.000109 -0.005692
0.014275 0.017501 0.030781
-0.017771 0.021386 -0.004468
0.013095 0.057730 0.004136
0.015862 -0.008522 -0.009362
0.004939 -0.008817 0.009121
0.019180 -0.011159 0.016626
0.010175 0.030205 0.014479
0.048505 -0.007493 0.004212
0.034502 0.014417 -0.016518
-0.008517 -0.002435 0.008682
-0.010787 0.008202 0.028917
-0.008758 -0.009415 0.004706
0.027309 0.032933 0.008642
0.005369 -0.025449 -0.027562
0.029383 -0.001885 0.013145
0.022655 0.048781 0.020387
-0.003798 0.008103 0.005120
-0.029808 0.012130 -0.011609
0.009069 -0.029115 0.043628
0.018615 0.008424 0.010554
0.032470 0.010581 0.009270
-0.028065 -0.036842 -0.016514
-0.024439 0.030214 0.001524
0.026069 0.007946 0.010502
0.013947 0.014591 -0.031591
0.023420 0.017941 0.040203
-0.010748 0.018230 -0.005594
-0.023873 -0.014515 -0.025070
-0.009557 0.006531 -0.018788
0.015513 -0.009969 0.020110
0.013861 0.021825 -0.000751
0.048980 -0.000346 -0.005666
-0.016389 -0.000260 0.024841
0.009174 0.032830 0.004039
0.014835 0.002184 0.014568
