# 参数名称：backbone.features.3.conv.0.weight
# 参数形状：(144, 24, 1, 1)
# 参数数据类型：float32
# 参数值（保留6位小数）：
-0.110093
0.114389
0.122395
-0.102191
-0.029337
0.040107
-0.011951
-0.096765
-0.065954
-0.152047
-0.115725
0.183441
-0.044000
0.009001
-0.286693
-0.163767
0.155525
0.010999
-0.121726
-0.036751
-0.054359
0.216120
0.111129
-0.200711
0.026625
-0.061862
-0.008490
0.105513
-0.011349
-0.052908
0.131610
0.166282
0.039486
0.088410
0.069353
-0.087722
0.032440
-0.140197
-0.125062
0.089597
-0.066799
0.000781
-0.075445
-0.085091
-0.034824
0.007493
0.212384
-0.131826
0.037330
0.265506
0.074922
0.045490
0.108029
0.135510
-0.001620
-0.128942
0.158270
-0.071387
-0.126191
0.128730
-0.136613
0.044697
-0.246757
-0.004741
0.124064
0.162428
-0.006414
-0.006839
-0.204720
-0.057214
0.017256
-0.203881
-0.115597
0.078354
0.011479
-0.149671
0.125072
-0.060982
0.102185
0.089160
0.004431
-0.184839
0.060825
-0.018431
-0.121874
0.011705
-0.130475
0.112419
0.100874
0.133435
-0.223868
-0.092048
-0.031121
-0.229156
0.163326
-0.053899
-0.084721
-0.118893
0.005878
-0.154728
0.018104
0.127008
-0.024292
-0.047420
0.019037
-0.213807
-0.109530
-0.007169
-0.082236
0.078841
-0.090931
0.019308
-0.187809
0.130605
-0.127210
0.185164
-0.023004
0.133764
0.038947
0.071136
-0.212677
0.047373
0.023572
0.066636
0.270606
0.049430
0.272896
0.002874
-0.088110
0.134427
-0.097607
-0.083523
0.003088
-0.149431
0.000544
0.078126
0.014546
0.069315
-0.255496
0.160722
0.281872
0.229877
-0.157418
-0.080876
-0.084257
-0.109592
-0.029595
-0.109845
-0.081194
-0.087044
-0.081416
0.202325
0.179613
-0.083081
0.025768
0.224167
-0.167849
0.059453
-0.113850
0.131606
0.041351
-0.018997
0.075315
0.096802
-0.081424
0.010231
-0.118632
-0.295517
-0.051347
0.139164
0.045597
0.083075
0.019892
-0.141452
0.062981
0.128481
-0.144428
0.193589
0.169043
-0.111850
0.101807
-0.151235
-0.101385
-0.015747
0.073377
0.154799
0.005318
0.057697
0.050140
0.066202
0.079091
0.294426
0.140536
0.189511
0.007001
-0.056321
0.077269
-0.119624
-0.087230
-0.056528
0.069771
-0.101512
-0.055524
-0.054743
-0.038505
-0.093330
-0.002050
-0.071493
0.197588
0.080330
-0.092064
0.039771
0.002084
-0.009478
-0.138859
-0.057758
-0.120819
-0.116399
0.162097
-0.116747
0.166303
0.073305
-0.056566
0.116192
-0.074198
0.011404
-0.316090
0.214759
0.123485
-0.072200
-0.096213
-0.035610
0.194384
-0.034597
-0.209006
-0.060639
0.064379
0.127802
0.038662
0.124257
-0.062779
-0.053727
-0.103255
-0.008125
-0.040419
0.070953
0.056287
0.144711
0.127543
0.080191
0.053850
-0.039168
-0.076833
0.005656
0.110763
0.056382
0.007240
-0.012307
-0.007586
-0.015905
-0.161135
0.229772
-0.105456
0.038477
-0.030949
-0.175723
-0.065905
-0.180355
-0.119246
-0.026159
-0.086239
-0.197633
-0.054680
-0.014364
-0.043183
0.056565
0.046968
0.343123
-0.013799
0.065968
-0.093924
-0.050376
-0.222280
0.006261
-0.091650
-0.083793
0.193199
-0.019678
-0.124390
0.207388
0.054395
-0.038987
0.047859
0.113129
-0.159383
-0.031067
-0.184815
-0.106555
-0.090641
0.178091
0.012971
-0.114424
-0.028402
0.125176
0.012987
0.139504
-0.006320
-0.085635
-0.000650
-0.000848
0.030622
0.082284
-0.049701
0.073927
0.063357
-0.126195
-0.263053
0.019895
0.139170
-0.021922
0.123697
0.147510
0.008989
-0.121610
-0.058774
-0.029040
0.020233
0.043511
-0.003483
-0.009778
0.037044
-0.083481
0.122527
0.072310
0.109898
0.088047
-0.137611
-0.036977
-0.037130
-0.030353
0.072536
-0.129520
0.060602
-0.010527
0.130929
0.196761
0.116881
0.060296
0.038190
0.127918
0.126992
-0.050873
0.041290
0.039497
-0.014134
-0.090369
0.071035
0.166745
-0.184420
0.052388
0.075251
-0.009212
-0.016844
0.068174
0.044987
0.112589
-0.108026
0.167862
-0.069537
-0.144177
-0.029694
-0.114634
0.080730
0.088921
0.134151
0.116393
0.052337
0.110345
-0.224974
0.115631
-0.139969
-0.021571
-0.253765
0.111666
-0.067609
-0.148204
0.179838
-0.013054
-0.134372
0.050338
-0.049597
0.067367
-0.220333
-0.075726
0.058702
-0.174822
0.032143
0.032768
0.191131
0.073323
-0.092858
0.076605
-0.109302
0.015422
-0.030987
0.204409
0.116246
-0.038233
0.147577
0.177302
-0.192282
-0.101401
0.068276
-0.023884
0.200255
0.111340
-0.126887
-0.128224
0.112961
0.152946
-0.212808
0.082629
-0.028968
-0.065811
-0.226199
-0.036526
0.048379
0.046506
-0.064156
0.056141
0.063409
0.074004
0.065724
-0.028170
0.115343
0.114033
0.057075
-0.045685
0.048742
0.020875
-0.201499
0.098172
-0.250898
0.041204
-0.106948
-0.001864
-0.176879
0.054425
0.195985
0.114017
-0.126723
0.000082
-0.107979
0.181644
-0.053355
-0.038277
-0.029327
0.261748
-0.158045
0.076433
0.060658
0.132588
0.117817
0.254190
-0.154691
-0.005113
0.010762
-0.022415
0.191789
0.041982
-0.047064
-0.074461
0.124454
0.047926
0.030986
0.022876
0.034422
0.142919
0.145243
0.015658
0.030638
0.229499
0.080302
-0.102677
-0.037299
-0.005898
-0.193671
0.065631
0.066157
-0.082728
-0.037200
0.164383
-0.030656
-0.015588
0.066149
0.142108
-0.050686
-0.035282
-0.127395
-0.110173
-0.093699
0.139239
0.067178
0.204662
-0.250133
0.049526
0.055597
-0.018947
-0.071360
0.049001
0.022078
-0.051464
-0.184629
-0.086731
-0.032118
-0.164530
0.217922
0.052600
0.192176
-0.025589
0.017847
0.084976
-0.077622
-0.014349
-0.048384
-0.042711
0.088374
0.187439
0.048292
0.047692
-0.077367
0.110719
0.031608
-0.090328
0.007070
-0.033345
-0.182563
0.035638
-0.051830
-0.032812
-0.013742
-0.009836
0.046621
0.038777
0.147633
0.082145
0.273546
0.196082
-0.116354
-0.154395
-0.056216
0.063825
-0.168908
0.120085
0.213071
-0.036099
-0.118809
-0.161957
0.041175
0.019322
-0.141267
0.140802
0.095679
-0.014869
-0.033367
-0.184760
-0.024460
0.063590
-0.007108
-0.008494
-0.138672
0.028384
-0.076740
0.107679
0.149393
0.204234
0.129775
-0.090892
-0.055107
-0.047781
0.114230
-0.070460
0.223894
0.055227
0.132591
0.300466
-0.143336
-0.077381
-0.156818
-0.090819
-0.075892
0.092630
0.250466
0.089842
-0.051396
-0.049558
-0.124063
-0.079207
0.073787
0.013338
0.024205
0.176570
-0.220350
0.050614
0.039313
-0.125255
-0.040367
0.085918
-0.085400
0.169350
-0.006367
0.144770
-0.164469
-0.042407
-0.075731
0.038740
0.058001
-0.201772
0.091011
0.034245
0.028051
0.017779
-0.086400
0.100197
0.231128
0.106519
-0.101911
0.045168
0.212251
0.159071
-0.306980
-0.049609
-0.035998
-0.092058
-0.102851
-0.240594
-0.099843
-0.095530
-0.140214
-0.062936
-0.040873
-0.050265
0.025641
0.069851
0.051124
0.211180
-0.088558
-0.126723
-0.136266
0.139321
0.074810
-0.163956
-0.089912
0.006831
0.162471
-0.128553
-0.327761
0.049240
0.001777
-0.079593
-0.179399
0.131187
0.067588
-0.066641
0.210059
0.038429
0.020090
-0.097368
-0.206853
-0.151462
-0.094978
-0.006570
0.115059
0.127768
-0.111333
-0.047295
-0.188359
0.145127
-0.100488
0.086851
0.187440
-0.032215
-0.065911
-0.211870
0.050879
0.174131
0.125311
0.019416
-0.102045
0.069140
0.047610
0.083151
0.048023
-0.072122
-0.070089
0.065590
0.130085
0.128182
-0.022637
-0.133715
-0.005483
0.257931
0.001996
0.061782
-0.072949
0.012370
-0.148079
-0.058781
-0.051539
0.001735
-0.063135
0.056446
-0.048479
0.024268
0.234204
-0.146700
-0.099034
-0.077401
0.092039
-0.071617
0.165278
0.003980
0.089482
0.129345
0.011503
0.017929
0.079157
0.001209
0.004890
0.152170
0.031175
-0.012219
-0.035079
0.126785
0.130721
-0.017004
0.184930
0.015116
0.029693
0.038465
0.136189
0.047328
0.112480
-0.026856
-0.041612
-0.019832
-0.048844
-0.032198
-0.071126
0.261651
-0.058773
-0.096297
0.030163
0.096432
0.041264
0.049587
-0.011122
0.091912
-0.022083
-0.237509
0.230857
0.032794
-0.034986
-0.044092
-0.079530
-0.153378
-0.249267
-0.030496
0.024399
0.200503
0.041674
-0.087423
-0.171075
-0.178447
-0.154506
0.001691
0.068471
-0.316478
0.029023
0.057717
0.183399
-0.055090
0.249605
0.002222
-0.062003
-0.038460
0.344474
-0.117574
0.081929
-0.179346
-0.136685
-0.125580
-0.106364
0.013422
0.071866
-0.035258
-0.062353
-0.020100
0.005863
0.035044
0.001688
-0.212388
0.056064
0.042533
-0.007836
-0.048918
0.034014
0.013050
-0.135311
-0.122296
-0.153858
0.040306
0.019935
0.039472
-0.124806
-0.018441
-0.121560
-0.262564
0.057940
-0.010338
0.099338
-0.125103
0.067108
0.000452
-0.023602
0.107973
-0.005330
0.026911
0.034403
0.240223
0.107439
0.009967
0.148040
-0.004419
-0.241592
0.005014
-0.147126
-0.051299
0.285414
-0.044260
0.008517
-0.152417
0.047232
0.109152
0.116176
0.032765
-0.093896
0.079075
0.021004
-0.093764
-0.100648
-0.018445
-0.115463
-0.116904
-0.145663
0.128411
0.269597
0.221280
0.017169
0.091802
0.033491
0.159587
-0.204083
-0.061340
-0.085658
0.324027
-0.131799
0.097976
-0.018570
-0.225820
0.008712
0.077560
-0.040955
0.014954
-0.031897
0.022156
-0.064515
-0.033449
0.047282
0.178817
0.016004
-0.179059
0.133497
-0.009866
-0.064495
-0.263541
0.056984
0.035781
0.215782
-0.143116
0.041378
-0.099541
0.077508
-0.111517
0.084029
-0.053448
0.006254
0.159668
0.223905
-0.046303
-0.034269
-0.231554
0.049089
-0.006893
-0.160976
-0.159439
-0.133758
-0.043455
-0.161288
-0.085427
0.001937
0.004435
0.154211
0.126013
-0.137285
-0.092518
-0.029804
-0.144250
0.007274
-0.118999
0.155417
-0.124550
0.117192
-0.308770
-0.043677
-0.004615
-0.012080
0.042699
0.108185
0.030367
0.154582
-0.179803
0.072777
-0.017364
-0.026533
-0.067775
-0.108403
0.073653
-0.123362
0.079228
0.176511
-0.007722
0.024497
0.137045
-0.177029
0.169373
0.003781
-0.104415
0.193622
0.066726
0.319238
-0.005731
-0.040984
0.156526
-0.177015
-0.019017
-0.052024
-0.002216
0.067924
0.059198
0.213470
0.048359
0.228308
0.005004
-0.074614
0.069591
-0.117039
0.247336
-0.009997
-0.068373
0.013384
0.259717
-0.125691
0.318008
-0.152069
0.112098
-0.231851
0.048616
0.131146
-0.209066
-0.091843
0.012496
-0.242978
0.054655
0.180449
-0.050335
0.123320
0.054318
-0.123339
-0.044958
0.051306
-0.092823
-0.177935
-0.047882
0.053962
0.016417
0.017374
-0.041107
-0.192063
0.167418
0.105543
0.095972
-0.057187
-0.139444
0.109573
0.009999
0.073166
0.111510
0.137717
0.003487
-0.078644
-0.131798
-0.084600
-0.061642
-0.069883
0.000507
-0.042379
0.078748
0.126845
0.068219
-0.061964
-0.100721
0.167602
0.030438
-0.099307
0.045202
-0.019072
0.008207
0.023876
0.124136
0.024153
0.216574
0.114373
0.134014
0.173501
-0.007610
-0.060855
0.197681
0.102312
0.124281
-0.063707
-0.029035
-0.182802
0.260570
-0.201009
-0.004120
-0.244942
0.013585
-0.021945
0.250640
-0.004750
-0.068280
-0.088525
0.025918
0.008720
-0.040498
0.149172
0.191373
-0.039593
-0.147890
-0.109149
0.083425
0.048978
0.081485
0.063862
-0.068313
-0.083074
0.037095
0.087036
-0.228053
0.159941
0.054274
-0.208594
0.090846
-0.046427
0.177183
-0.402544
-0.015286
-0.179628
0.115769
-0.085821
0.033518
0.024601
-0.132081
0.176583
-0.018945
-0.202596
-0.227104
0.028209
0.064656
0.065321
0.241818
-0.008936
-0.196094
0.193368
-0.071256
0.135622
0.045707
0.048562
-0.055846
-0.230822
-0.068183
0.094242
0.001749
-0.350249
-0.137964
-0.232779
0.038520
0.011355
0.083893
-0.217124
-0.082151
-0.047449
0.099337
-0.020742
-0.049061
0.192773
0.054103
0.204671
-0.041906
-0.158445
0.051179
-0.184955
-0.086573
0.048252
0.124202
0.216918
0.026229
0.093709
0.028211
-0.129649
0.144040
0.016894
0.026098
0.110315
0.033557
0.004496
-0.120728
0.013982
-0.026223
0.002015
0.108014
-0.023283
0.176572
-0.107580
0.089834
0.026305
0.092319
-0.056981
0.307543
0.202351
0.026069
0.121324
0.036941
-0.120642
0.076992
-0.026728
0.040477
-0.108514
-0.143511
0.055354
0.061777
0.165687
-0.017694
-0.090706
0.102351
-0.024088
-0.040125
-0.235886
-0.112582
0.074311
0.115140
-0.052946
-0.018833
0.055328
0.076143
-0.007895
0.083725
-0.033461
0.249318
0.030865
-0.105379
0.099836
-0.139030
0.175356
0.072563
-0.084646
0.129235
-0.065496
0.251748
0.029846
-0.063696
0.109226
-0.078044
0.133212
0.116005
0.070086
0.113101
0.000250
-0.095326
0.318569
0.016795
-0.103046
-0.088743
-0.028486
-0.097778
0.078120
-0.002239
-0.029607
0.090836
0.121990
0.123058
-0.029123
-0.031183
0.155077
0.005320
-0.091334
0.100244
0.185032
0.034138
0.084061
0.311442
-0.092510
-0.093518
0.005796
0.276453
-0.022092
-0.111123
-0.107443
-0.034809
-0.045827
0.227799
0.124861
-0.039714
-0.011154
-0.068342
0.021953
0.007883
-0.021360
0.007641
-0.103372
0.115590
0.143093
0.033961
-0.169429
0.102255
0.021781
0.214232
-0.064265
0.146522
-0.041245
0.079050
-0.068095
0.126907
0.009004
0.090499
0.111837
0.082062
-0.075923
0.022506
-0.023798
-0.003683
-0.180151
-0.069132
0.066280
0.098975
0.152664
-0.011693
0.225596
0.252818
-0.054577
0.061810
0.104514
0.065838
-0.027704
0.068273
0.078267
0.136923
0.070116
-0.056924
0.193526
0.021749
-0.011087
0.107934
0.050916
-0.149023
0.138258
-0.030475
-0.031023
0.069419
-0.085141
-0.088673
-0.041500
0.024066
0.035635
-0.152380
0.009128
0.088710
0.060020
-0.109176
0.193956
-0.145567
-0.011646
0.118343
-0.111133
0.132562
0.159242
0.190722
-0.017732
-0.111351
0.017901
0.110832
-0.338587
-0.080051
-0.012401
0.039725
-0.253125
0.094829
0.123575
0.010060
0.067566
0.062726
-0.081113
0.116482
0.073496
0.080526
-0.098362
-0.046285
-0.003631
0.072234
-0.013928
0.051361
0.110024
-0.104128
0.153230
0.054043
0.096866
-0.099059
0.123713
-0.049078
0.029626
0.115671
-0.214443
-0.012080
0.025427
-0.047559
0.074798
-0.188438
0.046674
-0.077660
0.031368
0.065479
-0.134691
-0.213836
0.047283
-0.006581
-0.068173
-0.066119
-0.068704
0.140235
-0.115126
-0.196416
-0.057717
-0.044763
0.039284
0.047735
0.063866
0.118591
0.307329
0.073892
-0.170087
0.173692
-0.046301
-0.085312
0.137821
0.007844
0.177280
0.070384
-0.144722
-0.198041
0.068692
-0.070617
0.221550
0.270550
0.027675
0.162092
-0.119017
0.011442
0.164479
0.173623
-0.248887
-0.052400
0.141338
-0.051877
0.141392
-0.121804
0.077091
0.182497
-0.103184
-0.060027
0.063730
-0.081977
0.158257
-0.078847
-0.109855
0.130745
0.062858
0.120262
-0.002697
-0.290716
-0.017454
-0.058705
-0.246711
-0.081270
0.094921
-0.028477
-0.089319
0.018492
0.039611
0.027786
0.180879
0.066884
-0.173512
-0.086925
-0.240164
0.072313
-0.043311
-0.115594
0.012739
0.281433
0.012313
0.018573
-0.194442
0.041177
-0.139403
-0.159770
0.076368
0.017730
0.004958
0.155028
-0.266466
-0.116356
-0.139838
-0.112593
-0.082030
-0.275683
0.095892
0.002537
0.053867
-0.007434
-0.002791
0.011620
0.083190
0.083690
-0.039684
-0.097732
0.172612
-0.158733
0.044326
-0.124953
0.153419
-0.199659
0.093380
0.003656
-0.011566
-0.077147
-0.143923
-0.004221
-0.281145
0.162490
0.162174
0.209053
-0.106129
-0.006351
0.207822
0.151213
-0.133576
-0.097093
0.088056
-0.114164
0.110195
0.045298
-0.008135
-0.043816
-0.099523
0.119779
0.026334
-0.018055
-0.083705
0.114035
0.201260
0.226177
-0.124691
0.095611
0.062046
-0.107760
0.070217
-0.001431
-0.011371
-0.015124
-0.017224
0.032936
-0.158649
0.085413
-0.062915
-0.131861
0.023070
0.130978
0.030847
-0.112587
-0.136031
0.265082
-0.127028
0.005482
-0.069043
-0.304211
0.060016
-0.174970
0.075461
-0.030700
-0.141225
-0.047544
0.040692
-0.117289
-0.261859
-0.050783
-0.053236
-0.058898
-0.072880
0.213728
-0.110267
-0.062050
-0.035919
-0.018638
-0.062475
0.006481
0.166889
0.115309
-0.002935
0.038158
-0.028109
-0.180632
0.049710
-0.160095
-0.058492
-0.035657
0.147456
0.019208
-0.053303
-0.064245
0.250864
-0.102025
-0.180888
0.160484
0.167555
0.102849
-0.088884
-0.183378
-0.094757
0.099579
0.067071
-0.190896
-0.144650
0.213694
0.238280
-0.000945
0.105656
0.201431
-0.175228
-0.137331
-0.079410
0.150524
0.082493
0.024906
-0.054005
0.127156
-0.080638
-0.120227
0.072508
0.122725
-0.101064
-0.007401
-0.079345
0.180001
-0.047136
-0.019358
-0.097584
-0.068413
-0.067774
0.198568
-0.046100
0.042089
0.127638
0.067705
0.189868
-0.077916
0.082554
-0.016275
-0.041006
0.102162
-0.177000
0.181642
0.040896
-0.024702
-0.091189
-0.205570
0.015980
0.096344
-0.045078
-0.209774
0.013154
-0.211371
-0.039904
-0.062127
0.113572
-0.050138
-0.138906
0.111131
-0.080364
0.087518
0.014682
-0.010618
-0.029028
-0.051907
-0.132130
-0.090530
-0.073135
-0.043513
-0.069901
-0.016435
-0.010047
-0.083496
-0.112149
0.035016
0.038329
0.020226
-0.009743
-0.105196
-0.060036
-0.061227
0.227562
0.038609
0.077686
0.022941
-0.069387
0.079246
0.149201
0.062410
0.127149
-0.129725
-0.067465
-0.015890
0.031173
0.084231
0.037130
-0.008726
-0.124874
0.166358
0.009044
-0.131693
0.057095
-0.164411
-0.024631
-0.014587
-0.120725
0.081536
-0.115895
0.133666
-0.031436
-0.041955
0.054271
0.116726
0.025035
-0.066688
-0.149160
-0.145360
0.208440
0.071020
-0.139225
0.037916
0.007133
-0.090564
-0.009579
0.032795
0.127809
-0.097468
0.010267
-0.007483
0.061085
-0.171359
0.260889
-0.074728
-0.069533
-0.030789
0.148529
-0.226027
0.006047
-0.029448
0.170776
0.034110
-0.211038
-0.150951
-0.018860
-0.014255
0.090288
0.048181
-0.053499
-0.038999
0.034304
0.086626
-0.043888
0.026613
0.109664
-0.225554
-0.061393
0.051466
-0.065816
-0.052633
0.121618
-0.014117
0.155176
0.255521
-0.008371
-0.077295
0.055335
0.111226
-0.091534
0.062066
0.086492
-0.020996
-0.184414
0.254258
0.048515
0.063253
-0.128914
0.127739
0.129193
-0.120128
-0.013483
0.193913
-0.020290
-0.039412
0.025100
-0.049731
0.020676
-0.112164
-0.041134
-0.174595
-0.105878
-0.205326
-0.236145
-0.013022
-0.055210
0.147591
-0.136499
-0.020131
-0.150322
-0.137016
0.166038
0.131089
-0.003272
-0.161665
-0.076607
-0.100528
-0.074187
0.028645
0.316564
0.058488
-0.132571
0.056419
-0.093320
-0.075848
0.153657
-0.024650
0.058740
0.020527
-0.024737
0.084661
-0.071589
0.001248
0.010866
-0.099232
0.277952
-0.022531
0.014629
0.034459
-0.006645
0.115542
0.038235
0.233685
0.182776
-0.084655
0.204682
0.051582
0.145852
0.027990
-0.333605
-0.142144
-0.088024
0.265658
-0.022049
-0.192469
-0.029618
-0.041774
0.295135
0.033397
0.092193
0.042938
-0.180054
0.219559
0.010757
-0.096846
-0.002656
0.029694
-0.016637
-0.047183
-0.060638
-0.002817
0.161595
0.190219
-0.065422
-0.152982
-0.172509
-0.095719
0.010104
-0.039250
-0.078498
-0.127823
0.106298
0.110982
-0.237942
0.126049
0.191477
-0.071281
0.007136
-0.024222
0.250767
0.230732
0.082222
-0.222368
-0.018160
-0.020817
0.107954
-0.179523
-0.207211
0.080276
-0.128741
0.106897
-0.154156
0.027372
0.060984
0.170091
0.053366
0.108575
0.132289
0.023626
-0.109189
-0.017693
-0.269292
0.169525
-0.006548
0.099968
-0.011206
-0.046257
-0.283138
-0.041165
-0.165728
0.107407
0.131391
0.003087
-0.091956
0.048907
-0.087819
-0.076257
-0.076172
0.065958
0.233382
0.075656
-0.055283
-0.127959
0.119826
0.122833
0.120820
0.022204
0.058479
0.253447
-0.050304
-0.008655
0.198667
-0.072386
0.013733
-0.144411
-0.028642
0.104341
0.037914
-0.011882
0.027145
-0.055878
-0.083540
-0.052667
-0.123575
-0.130474
-0.237430
0.078274
0.015081
0.005192
0.040288
0.020638
0.173155
-0.074657
-0.052998
0.055831
-0.186943
0.134474
-0.145584
-0.206015
0.054883
0.026899
-0.080321
0.038250
-0.284820
0.047798
-0.234884
0.137995
-0.046541
-0.022981
-0.097214
-0.163563
0.100888
0.171800
0.045716
-0.066628
0.062559
-0.045881
-0.134116
0.011821
0.051844
-0.210870
0.002439
0.045470
-0.002124
0.083768
0.030334
0.254039
0.010909
0.273056
0.066822
0.144415
-0.045900
-0.099164
0.010056
-0.141942
-0.032601
-0.113906
0.034798
-0.083516
0.172385
-0.119222
-0.130854
-0.140953
0.090425
-0.096213
0.002207
-0.144537
0.072129
-0.004218
0.114013
-0.009632
0.241893
0.031376
-0.086132
-0.034611
0.033703
0.108368
0.018131
-0.035528
-0.048201
-0.014050
0.052402
-0.034483
-0.062643
-0.161239
-0.047706
0.139876
0.209468
0.230220
0.140983
0.082525
0.253239
0.007597
-0.036443
0.107815
0.151307
-0.252154
-0.226256
-0.057884
0.052377
-0.153770
0.005300
0.134659
-0.064772
0.048016
0.030030
-0.107324
0.041913
0.221573
-0.050880
0.041823
-0.114016
0.149903
0.131454
-0.121578
0.236030
0.200712
-0.060577
-0.007219
0.061509
-0.000498
-0.090702
-0.004674
0.223601
0.079503
0.077182
-0.048139
0.159739
0.004170
0.004602
-0.022654
-0.105922
-0.318279
-0.373014
0.248645
0.124414
-0.103289
-0.136075
-0.008949
-0.045361
0.209596
-0.162580
-0.212364
-0.275350
-0.145449
-0.139526
-0.113565
0.044944
0.028899
-0.066814
0.173470
0.059689
-0.015280
0.065765
0.078422
-0.226992
-0.107737
-0.245190
0.068705
-0.010563
-0.108577
-0.207292
-0.004026
-0.111788
0.030914
0.008632
-0.045244
0.165426
0.030283
0.093675
0.090005
0.146887
-0.032459
-0.062552
-0.113598
-0.223604
0.200535
-0.015828
0.004029
0.059477
-0.148145
0.188418
-0.062027
0.130025
-0.288204
0.239951
-0.084001
0.076735
-0.087825
0.048935
0.199198
-0.240850
0.008995
0.036790
0.015575
0.166055
-0.271484
-0.031372
-0.035350
-0.133768
-0.066204
0.038767
-0.021708
-0.062625
0.067682
-0.167566
-0.147982
0.067640
0.176234
0.091447
-0.184059
0.169813
0.075135
0.176778
-0.043669
0.039558
0.045014
0.006137
0.187667
0.245073
0.070138
-0.028983
0.019546
-0.050576
-0.290287
0.051963
-0.149278
0.111014
0.119971
0.039951
0.284608
0.073904
0.182714
-0.133224
-0.077035
0.169803
-0.108547
-0.062550
0.119412
-0.221575
-0.000566
0.234716
0.028686
0.200710
0.151901
-0.014084
0.029834
-0.068840
0.084843
-0.186803
-0.031107
-0.099482
-0.042519
-0.112588
-0.003694
0.123260
0.094718
-0.127790
-0.017881
0.092331
-0.142423
-0.027204
-0.002076
-0.197872
-0.176192
-0.134175
-0.206000
0.060320
-0.067107
0.061105
0.165641
-0.078492
-0.122663
0.006860
0.129026
0.066048
-0.030100
0.030477
0.009872
0.031304
0.033250
0.052485
0.069321
-0.142284
-0.117190
0.093817
-0.199339
0.195452
-0.010765
-0.078762
-0.169931
0.160809
-0.043993
-0.094576
0.088276
-0.295793
-0.033344
-0.114744
-0.095622
0.010452
0.069643
-0.186845
0.125801
-0.046286
-0.082830
-0.020442
0.067512
0.007724
0.005470
0.101396
-0.118053
-0.053940
-0.098402
0.086783
-0.169388
0.077222
0.087529
0.048995
-0.045918
-0.043461
0.035787
0.218938
-0.037773
0.063690
0.244365
0.147546
-0.204036
0.040732
-0.056457
-0.063559
0.121282
-0.027323
-0.036470
-0.066952
0.097770
-0.020929
0.092336
0.057878
-0.060176
-0.250060
0.074752
0.094703
-0.118404
-0.193534
0.123871
0.005262
-0.069478
-0.193564
-0.017843
-0.061404
0.055227
0.117039
-0.091067
0.138883
0.128606
-0.096888
0.122287
0.008349
-0.167503
-0.044313
-0.158878
0.013971
0.188546
-0.228552
0.001209
0.079756
0.190643
0.029209
0.056885
0.038297
-0.235281
0.085521
-0.109961
-0.090894
0.029938
0.138490
-0.028906
-0.014536
-0.012251
0.027740
-0.110587
0.119161
-0.085460
-0.050548
-0.029302
-0.056278
0.198555
0.063976
-0.270419
-0.022093
0.103231
0.076805
-0.024456
-0.157770
0.121902
-0.069030
-0.069750
0.041982
0.211368
-0.015045
0.096538
0.030939
-0.053017
-0.221838
-0.116781
0.040239
0.033575
-0.197270
-0.050208
-0.060112
0.005718
0.080483
-0.008782
-0.007712
0.142934
0.034163
0.053491
0.041584
0.018664
-0.118552
0.041634
0.200970
-0.178102
-0.265592
0.078551
0.032264
-0.217802
-0.001982
0.150806
0.035443
0.100658
0.047702
0.016593
-0.120377
-0.010573
-0.140625
-0.134331
-0.037619
-0.066522
0.101332
-0.088270
-0.002772
-0.066796
-0.163188
0.273949
0.068744
0.188048
-0.086339
-0.232860
-0.066065
0.036139
-0.121518
-0.003978
-0.111786
-0.156190
-0.036659
0.015338
0.154875
-0.084424
0.029494
-0.072283
-0.079894
0.004443
-0.017033
0.052002
-0.157436
-0.264570
-0.033787
-0.007508
0.095166
-0.095696
0.180392
0.030079
-0.058809
0.063954
0.020847
-0.197873
-0.251532
-0.076129
-0.035566
-0.175908
-0.033205
-0.018807
-0.138015
-0.065051
0.156681
-0.105325
0.038536
0.187850
-0.058479
0.081037
0.104245
0.128314
0.088019
0.046558
-0.034653
0.052862
-0.156592
0.106049
-0.147685
0.012907
0.102629
0.239997
0.144105
-0.150729
-0.108626
-0.245889
-0.020719
-0.055272
-0.033422
0.160410
0.195996
0.045721
0.031424
0.071779
0.006416
-0.132565
0.197845
0.217039
0.008323
-0.092086
0.242677
0.136098
-0.062343
0.038843
0.042334
-0.020358
0.087331
0.208272
-0.041912
0.204119
0.073589
0.155203
0.101253
0.030945
-0.027867
-0.041453
0.060767
-0.080220
0.113255
0.150212
0.061043
-0.101943
-0.112821
-0.133786
-0.007539
0.127005
0.071186
0.037740
-0.105319
0.101063
-0.214484
-0.001092
0.184293
-0.034334
0.142144
-0.086646
-0.229998
0.020373
0.044834
-0.117163
0.102965
0.132886
-0.174888
-0.075737
-0.204823
-0.009126
0.021982
0.136308
-0.128494
0.161845
-0.037456
-0.175928
0.125836
-0.025733
0.042565
0.171934
0.062011
0.064156
0.136867
0.073347
-0.059017
-0.008955
-0.071612
-0.038271
0.087306
0.242523
0.084062
-0.008822
-0.076312
0.066944
-0.048824
0.200452
-0.068388
-0.136419
0.073898
-0.270767
0.111593
-0.006513
-0.096493
0.017184
-0.158836
0.121885
0.171918
-0.097185
-0.071319
0.203795
0.181332
0.108522
0.136247
0.242842
0.026584
-0.183494
0.010969
0.104079
0.133183
0.196981
0.120291
-0.000465
0.007283
0.134558
-0.030106
-0.023528
-0.067513
0.126854
-0.178738
-0.156604
-0.112085
-0.034725
-0.004590
-0.018519
0.010874
0.048512
-0.071577
-0.133130
-0.122112
-0.086746
-0.120990
0.058753
0.050272
-0.000766
-0.226026
-0.000423
-0.151913
-0.187716
0.070576
-0.151862
0.175885
0.124478
-0.099374
0.077458
-0.045557
-0.157492
0.004074
0.002695
0.057828
0.085760
0.072275
-0.097941
-0.076411
-0.121284
0.028171
-0.006725
-0.151344
0.044333
0.175922
0.093151
-0.161150
-0.170933
0.014523
-0.178200
0.054306
-0.106832
0.096322
-0.021908
-0.161397
-0.092278
0.127900
-0.033074
-0.106048
0.034715
0.062600
0.095198
-0.059521
0.025111
0.112703
0.012992
-0.012900
0.047093
-0.109511
-0.033726
-0.075846
-0.049221
-0.028141
0.026080
-0.015976
0.174800
0.051662
0.281632
0.074439
0.026572
-0.168432
0.038436
-0.396157
0.007685
-0.034838
-0.110780
-0.182758
0.031330
-0.066778
0.002868
0.072795
-0.052906
0.028540
0.023441
-0.103801
0.067991
0.147904
-0.114316
-0.095049
0.019293
0.120003
-0.038805
0.113083
0.132054
0.182607
-0.017334
-0.207116
-0.015254
0.165325
0.155066
-0.054421
0.060127
0.120929
0.015214
0.054684
-0.239380
0.097481
-0.126210
-0.235838
-0.172126
-0.177803
0.085317
0.069230
-0.015582
0.017725
-0.052095
0.131132
-0.037688
0.056763
-0.063533
0.206995
-0.082927
-0.013334
0.114629
-0.011920
-0.158332
0.057744
-0.105707
-0.285870
-0.168928
0.167930
-0.112572
-0.092783
0.031151
-0.097794
0.009563
-0.140380
0.020768
-0.027961
-0.231854
0.129268
0.052145
0.052371
0.257557
0.097115
0.031625
-0.150377
0.206143
0.001486
0.141842
0.022246
0.152625
-0.079594
0.036483
0.040856
0.174898
-0.139401
0.164420
-0.249407
0.059838
0.054976
-0.135179
0.075770
0.025837
-0.201346
0.043207
-0.074555
0.113086
0.089801
0.138527
0.010858
0.038237
-0.101362
-0.041695
-0.125136
-0.085951
0.059164
0.076211
-0.022421
0.091342
-0.146351
0.009978
-0.030946
0.256825
0.016280
0.118139
-0.101374
-0.055467
0.048126
-0.074188
0.042188
0.129972
0.024965
-0.107660
0.059639
0.073865
-0.274431
-0.098919
-0.106167
0.174733
-0.078004
0.029973
-0.219830
0.074063
-0.125392
-0.068132
-0.184882
0.014717
-0.139921
-0.066685
0.050869
0.027232
-0.034541
-0.003248
0.018752
0.140746
-0.000806
0.164228
0.020073
0.076003
-0.168443
-0.174035
-0.281406
0.124708
-0.051015
0.007259
-0.032823
0.059150
-0.248262
-0.265018
0.156515
0.028696
0.100472
-0.046555
0.008539
0.049215
0.143826
-0.122578
-0.045378
0.034689
-0.119200
0.037039
0.160349
-0.156709
0.043245
-0.102421
-0.053875
0.016566
-0.035246
0.008061
-0.126230
-0.039409
0.176936
-0.046449
0.059659
-0.147193
-0.027564
0.054148
0.056385
-0.052241
0.133035
0.027747
0.111028
-0.171992
0.120095
0.150549
-0.010781
-0.135694
-0.099083
0.056037
0.073872
0.172315
-0.148829
-0.171460
-0.019794
0.165971
0.050180
-0.073857
-0.247745
-0.120161
-0.046253
-0.118503
-0.023459
-0.006789
-0.089483
0.009892
-0.124614
-0.070191
0.045164
0.047086
-0.028392
0.141606
0.011188
0.021216
-0.153125
0.075277
-0.113590
0.049011
-0.126169
-0.108968
-0.074834
0.118090
0.051399
0.114647
-0.143850
0.040384
-0.320051
0.073359
-0.131040
0.123572
-0.083702
-0.152594
-0.322907
0.038354
-0.081960
0.192161
-0.108045
0.177476
0.078304
-0.051355
0.120667
-0.098482
-0.181874
-0.005013
0.108083
0.101787
-0.075774
0.064632
-0.062598
0.075766
0.129299
0.089838
-0.012884
0.082397
-0.071977
0.181441
-0.120536
-0.051454
0.039813
0.069650
-0.229883
0.089783
-0.121692
0.073622
-0.003741
0.026687
0.059997
0.128134
-0.079372
-0.058648
-0.175422
0.086152
0.032668
0.080366
0.013381
0.108359
-0.067564
0.183105
-0.078727
0.003275
0.058582
0.065641
-0.270511
-0.209344
-0.299468
-0.052084
0.186489
0.135291
-0.044555
-0.123505
-0.135563
0.038677
0.038288
0.008102
-0.037446
0.025452
-0.038606
-0.069399
-0.027388
-0.181995
0.010288
-0.010909
-0.025740
-0.094777
0.243200
0.097625
0.248968
0.155363
0.007367
-0.058248
-0.183774
-0.060104
-0.163260
0.025794
-0.178420
0.032740
-0.029457
0.148856
-0.060664
0.006216
0.020536
-0.189575
0.119778
-0.050014
0.024787
-0.113778
-0.006204
-0.219982
-0.019591
0.113730
0.090483
-0.045128
0.240184
0.017908
0.016891
-0.134520
-0.307931
0.002514
0.008712
0.100228
0.073250
-0.188289
-0.147336
-0.001343
-0.227473
-0.052028
-0.094348
-0.123940
-0.098216
-0.065574
0.104399
0.087717
0.105201
0.111740
-0.001384
-0.122493
0.174310
-0.002963
0.017443
0.059254
0.016943
-0.059328
-0.057329
-0.031740
-0.094569
0.201757
-0.147374
0.121162
0.145823
-0.006688
-0.018818
-0.262344
0.012712
0.041511
-0.094548
-0.055547
0.003143
-0.058449
-0.108074
-0.095233
0.100727
0.125164
-0.121343
0.097333
-0.095196
-0.173436
-0.048476
0.112897
-0.070176
0.037381
0.151989
0.044297
0.192214
-0.035562
-0.074835
0.009189
0.099325
0.195294
-0.123019
-0.055716
-0.097529
0.088591
-0.094209
0.100910
-0.030015
0.122822
-0.096705
0.107520
-0.079139
0.168676
-0.038218
-0.147940
-0.086558
0.003555
-0.034744
0.001225
0.163091
-0.049147
-0.197756
-0.097953
0.163494
-0.067363
0.028823
-0.194344
0.102134
-0.055400
-0.145987
-0.019460
-0.120843
-0.223747
-0.177923
0.114966
0.169854
-0.163324
-0.026562
0.084301
0.066078
-0.026376
-0.060708
0.000316
-0.329228
-0.001968
-0.045992
-0.041425
0.064167
-0.097700
0.121015
0.136919
-0.104674
-0.149314
-0.157420
0.031119
-0.102957
0.079276
-0.053585
0.068198
0.001578
0.062191
-0.248760
-0.011090
0.033223
-0.108044
-0.188852
-0.134586
-0.026687
0.039483
-0.256735
0.034411
-0.091542
0.052795
-0.184768
0.022543
0.033138
-0.038133
0.046673
0.091608
0.013698
0.093191
0.142024
0.011131
-0.145193
-0.015758
0.174947
0.080265
0.146529
-0.015476
0.103358
-0.100466
-0.014288
0.008233
0.003213
0.117359
0.060567
-0.023719
-0.076553
0.159427
0.039814
-0.053096
-0.021412
0.011477
0.009837
0.260523
-0.007378
0.001523
-0.121689
-0.098965
-0.256078
0.019096
-0.159769
0.155264
-0.218618
-0.096196
-0.132680
0.113529
-0.138259
0.085822
0.083377
0.083008
-0.012045
-0.144100
0.026088
0.064625
-0.064478
-0.075959
-0.010659
-0.026206
-0.020603
0.030891
-0.088672
-0.019234
0.048878
-0.148360
0.114126
-0.022272
0.065888
-0.205015
0.114688
-0.009831
0.022163
0.118460
-0.172337
0.172791
0.018769
-0.133305
0.070487
-0.131648
0.084540
0.168782
-0.147656
-0.214850
0.083445
0.126180
-0.163956
-0.063948
-0.008236
0.070009
0.011893
0.128250
0.014050
-0.092318
0.079345
-0.137133
0.049013
0.142339
-0.109973
0.139875
0.266541
-0.009823
-0.011185
0.113723
-0.132853
0.043507
-0.081302
0.119204
0.084795
-0.083996
-0.063154
-0.025203
0.037856
-0.142968
0.097747
0.096656
-0.171608
0.098335
-0.006280
-0.175450
-0.157142
0.070349
0.050341
0.053297
0.063338
0.176309
-0.164770
-0.009907
-0.038500
0.144013
-0.148399
0.279637
-0.039922
-0.107755
0.022279
0.108820
0.009279
-0.081582
-0.050918
-0.087030
0.103333
-0.020523
-0.070050
-0.177702
-0.078939
0.029782
0.201454
-0.165678
0.152199
0.029163
0.019279
-0.005453
-0.117130
0.005367
-0.023546
0.081380
-0.261932
0.204706
-0.054427
-0.083580
0.102154
0.117810
0.054871
0.180766
0.047916
0.006264
-0.175436
0.035047
-0.021167
-0.171894
0.058518
0.033887
0.111407
-0.008658
0.075688
-0.136055
-0.070214
-0.020260
0.056720
0.152170
-0.040926
0.008788
-0.018253
-0.105981
-0.018135
-0.002577
-0.248818
-0.100142
-0.137113
-0.069355
-0.080480
-0.024193
0.053029
0.063175
0.078307
-0.094321
-0.092442
0.128859
0.061325
-0.083104
0.027630
0.086368
0.097362
-0.238280
0.082353
-0.015024
0.099064
0.025419
-0.041835
0.101394
0.228251
0.246509
-0.081362
0.173343
0.048103
0.165393
-0.110833
0.006595
-0.094265
0.081207
-0.034593
-0.156601
-0.249548
-0.137243
0.139814
-0.156208
0.072590
0.079098
-0.041744
-0.257176
-0.119106
-0.032493
0.150636
0.138299
-0.115591
-0.077928
0.124830
0.242946
-0.075313
0.090225
-0.007112
-0.037884
-0.078140
0.122118
0.067197
-0.048636
0.123812
-0.204969
0.149592
0.163704
0.071489
0.114540
-0.064787
-0.016224
-0.055729
0.202874
-0.056419
-0.016565
0.029318
0.031282
0.079708
0.025671
0.209749
-0.161410
-0.219755
0.026624
0.008475
0.131710
0.100470
0.003067
0.103921
0.055374
-0.216283
-0.073053
-0.031240
-0.261658
-0.074909
0.163105
0.139940
0.075700
-0.073967
-0.133493
0.051960
0.188695
-0.254100
-0.074395
-0.046849
-0.082319
0.045200
-0.218998
-0.031650
-0.028442
0.126031
0.156561
0.144942
-0.041878
-0.207445
-0.061778
-0.154424
0.044244
-0.240272
-0.093194
-0.017269
-0.033260
0.035508
0.169101
0.151839
-0.006219
0.068361
-0.141781
0.101982
-0.112406
0.020240
0.216102
-0.072637
-0.032316
-0.002058
-0.122075
0.116144
0.049205
-0.177638
-0.061310
0.032586
-0.017936
0.247288
-0.135147
0.149333
0.122709
-0.068864
-0.100434
0.069438
-0.042518
-0.022360
-0.081425
0.015959
0.084441
0.002873
-0.078988
-0.059757
0.050212
-0.071562
0.019063
-0.018100
0.094810
-0.092749
0.034153
-0.128855
0.095499
0.021109
0.049941
0.037088
-0.065962
0.176781
-0.020898
0.111568
-0.020266
-0.100191
-0.075304
0.007989
-0.110917
-0.084700
0.091555
-0.042184
0.127736
-0.006170
0.140169
0.107162
-0.082321
-0.110835
-0.019290
0.198298
0.041422
0.251228
0.110127
-0.026825
-0.222986
0.048261
-0.081891
-0.074802
0.175941
-0.235675
0.270140
