# 参数名称：backbone.features.14.conv.7.running_var
# 参数形状：(160,)
# 参数数据类型：float32
# 参数值（保留6位小数）：
4.019784
5.062642
2.432401
3.653463
2.311217
3.624886
3.792314
3.653571
2.301685
2.292241
3.895117
5.863843
1.916895
2.344995
5.224806
3.262531
2.255357
4.174073
3.835572
3.364023
3.489943
2.865128
5.073705
4.330433
3.130776
2.962983
2.252733
2.989543
2.694710
2.549346
3.675103
2.927471
3.522038
4.313926
2.225963
2.475296
2.666132
4.398157
3.409777
2.405392
2.892876
1.930885
2.872330
3.497758
2.968563
5.014872
2.771196
3.248623
3.183853
2.646966
2.219065
2.733179
3.566854
3.362808
5.105469
3.980269
4.047709
2.247616
3.351408
2.036454
2.650381
5.225816
2.306906
2.684317
3.750640
2.371920
5.512993
4.706672
2.649796
2.191353
5.190319
2.622033
2.145245
2.879305
2.743836
3.204570
3.259019
3.957404
1.917877
2.869674
3.017331
2.884268
3.405229
2.183408
3.782506
1.942728
2.217193
2.862570
1.995840
3.318385
2.285639
1.976449
5.590724
2.968585
4.694782
3.990178
5.357324
2.458179
2.537276
1.943102
1.937141
4.120122
3.048701
2.878416
3.293021
6.064236
5.606235
4.780167
4.782053
2.600903
2.570242
1.775475
2.315836
2.256231
2.900226
4.997889
3.074889
1.734963
2.656630
1.829762
7.767498
2.864361
3.310501
3.665963
1.627877
1.796793
4.208148
3.163429
4.197910
2.915384
2.648675
2.117346
4.448253
3.265096
2.252378
3.040781
2.368181
2.524785
2.411012
3.244157
2.866430
2.437546
3.390039
5.105469
9.125083
2.865763
2.907442
4.626849
2.889946
3.185169
2.467711
4.714378
2.502451
2.486268
1.611603
3.026235
3.044322
3.136089
2.897277
5.106549
