# 参数名称：backbone.features.2.conv.4.running_mean
# 参数形状：(96,)
# 参数数据类型：float32
# 参数值（保留6位小数）：
0.065300
0.028898
-0.025882
-0.048027
-0.048919
-0.055470
0.062713
0.077142
0.094666
0.060594
-0.075589
0.031588
0.067288
0.022492
0.005077
0.045253
0.012245
-0.034618
-0.128174
0.004660
0.008460
0.058115
0.017831
0.009384
0.038425
0.057522
-0.040071
-0.003358
0.045886
-0.015515
-0.008386
-0.104441
-0.001874
-0.087601
-0.006127
0.004055
-0.036496
0.031016
0.047584
0.035315
-0.001622
0.008481
0.031895
0.056316
-0.040832
-0.013903
-0.024553
-0.035532
-0.009291
0.010337
-0.012596
-0.028029
0.033642
0.047828
-0.031921
-0.031935
0.058587
0.017652
0.061282
0.020453
-0.005493
0.002154
-0.026222
-0.015301
0.047424
-0.054534
-0.037957
-0.051143
-0.083803
-0.044554
-0.014076
0.024269
0.084594
0.025656
-0.067236
0.043020
-0.055136
0.000051
-0.002106
0.006389
-0.015454
0.054754
0.051850
0.035237
-0.026853
-0.012935
-0.018139
0.024345
-0.081363
-0.120768
0.071382
0.120637
0.008566
0.071499
0.062078
0.047975
