# 参数名称：backbone.features.10.conv.7.bias
# 参数形状：(64,)
# 参数数据类型：float32
# 参数值（保留6位小数）：
0.000019
0.000040
-0.000040
0.000083
-0.000038
0.000027
0.000117
0.000027
-0.000018
-0.000007
-0.000089
0.000006
0.000015
-0.000044
-0.000117
0.000069
0.000016
0.000016
0.000074
0.000009
0.000128
0.000085
0.000120
0.000022
-0.000015
-0.000032
-0.000071
0.000082
0.000055
-0.000094
-0.000029
-0.000115
-0.000024
-0.000115
-0.000099
0.000073
0.000026
0.000019
-0.000005
0.000096
-0.000101
-0.000062
-0.000052
0.000059
0.000034
-0.000155
-0.000035
0.000107
0.000015
-0.000034
-0.000065
-0.000060
0.000077
0.000006
-0.000053
-0.000046
-0.000055
-0.000033
-0.000059
0.000055
-0.000103
0.000068
-0.000042
0.000098
