# 参数名称：backbone.features.14.conv.1.weight
# 参数形状：(576,)
# 参数数据类型：float32
# 参数值（保留6位小数）：
0.887120
0.930982
0.863279
0.857159
0.857689
0.924288
0.920020
0.870911
0.858792
0.888648
0.858482
0.859017
0.857128
0.866135
0.926861
0.900891
0.859915
0.897375
0.927806
0.857177
0.857882
0.857227
0.861520
0.887809
0.915940
0.879916
0.859479
0.857723
0.899603
0.857260
0.859845
0.857185
0.858799
0.888513
0.862235
0.858303
0.897265
0.858884
0.864965
0.875778
0.857412
0.857163
0.858897
0.897480
0.857759
0.857610
0.857237
0.934167
0.878781
0.857307
0.921494
0.860807
0.857254
0.888206
0.861032
0.857804
0.857737
0.857610
0.857331
0.859993
0.916806
0.857427
0.869180
0.857193
0.857281
0.859968
0.858926
0.858084
0.857486
0.857252
0.945733
0.894292
0.859270
0.883484
0.857539
0.859265
0.857153
0.891134
0.914482
0.930582
0.857627
0.857708
0.857303
0.910953
0.857301
0.934627
0.857137
0.862307
0.858943
0.868307
0.857286
0.858043
0.863036
0.858673
0.857319
0.858328
0.869967
0.857191
0.957885
0.857300
0.857813
0.859563
0.857299
0.945696
0.872012
0.858500
0.858135
0.857560
0.862916
0.858054
0.857660
0.884234
0.858001
0.857709
0.859186
0.860936
0.857178
0.861183
0.946505
0.857576
0.884767
0.928552
0.857098
0.927328
0.907270
0.857131
0.857608
0.857574
0.857172
0.857467
0.859643
0.885696
0.857726
0.857906
0.858306
0.955695
0.857233
0.857291
0.857433
0.948130
0.902547
0.866538
0.857229
0.857206
0.941126
0.857527
0.867580
0.857118
0.873765
0.865154
0.941507
0.857402
0.922057
0.857495
0.877320
0.857183
0.859410
0.857147
0.858332
0.888928
0.875135
0.857495
0.885600
0.925404
0.858576
0.903785
0.863145
0.857139
0.864179
0.858240
0.882981
0.857197
0.860300
0.946194
0.857723
0.867744
0.870456
0.865440
0.862722
0.885630
0.907112
0.891622
0.857195
0.904377
0.859729
0.888822
0.857647
0.859211
0.861959
0.881650
0.857980
0.858167
0.863955
0.857170
0.857427
0.951412
0.863282
0.859907
0.857389
0.911504
0.857919
0.898197
0.858852
0.857243
0.880398
0.857610
0.934296
0.861246
0.857285
0.857127
0.886128
0.857209
0.857357
0.894004
0.862645
0.858714
0.877472
0.916439
0.858888
0.882955
0.859736
0.857301
0.909013
0.927124
0.866310
0.857372
0.891240
0.860926
0.866010
0.907084
0.871015
0.883089
0.869168
0.857449
0.947422
0.863447
0.941703
0.857703
0.866303
0.861875
0.860205
0.903978
0.857777
0.857144
0.908540
0.892595
0.918092
0.890878
0.868789
0.870878
0.857856
0.895358
0.860679
0.858533
0.860055
0.903297
0.863138
0.896655
0.903007
0.858273
0.877678
0.934483
0.857552
0.857140
0.859068
0.857566
0.916784
0.924560
0.859642
0.888977
0.859035
0.888861
0.875761
0.874270
0.857699
0.857178
0.858781
0.857965
0.857583
0.857518
0.857557
0.920459
0.862763
0.861250
0.872664
0.947506
0.857159
0.857839
0.858053
0.864614
0.872474
0.857646
0.857327
0.866459
0.870325
0.857962
0.892260
0.890204
0.857379
0.899841
0.857506
0.859881
0.857865
0.857764
0.859482
0.877162
0.857790
0.858807
0.912943
0.857586
0.861395
0.887162
0.859999
0.857169
0.910265
0.862121
0.857647
0.857856
0.858318
0.919668
0.857790
0.859445
0.866941
0.886889
0.858435
0.898277
0.857709
0.858760
0.891172
0.859576
0.862760
0.857969
0.879204
0.857220
0.857517
0.857179
0.893047
0.870718
0.935678
0.866411
0.869330
0.860079
0.895376
0.881061
0.862308
0.924560
0.857386
0.857266
0.857626
0.860444
0.857202
0.858034
0.857601
0.888401
0.870169
0.857276
0.857330
0.858890
0.857370
0.859405
0.857818
0.863920
0.862015
0.945463
0.865782
0.913572
0.857489
0.862452
0.908132
0.859020
0.869026
0.858924
0.905255
0.857331
0.941129
0.859313
0.859134
0.871176
0.871724
0.915901
0.857299
0.857135
0.857419
0.888704
0.897490
0.863934
0.875721
0.857289
0.931649
0.857612
0.858354
0.858391
0.857154
0.911735
0.911158
0.882390
0.857556
0.858435
0.860549
0.867093
0.905707
0.857276
0.857279
0.857833
0.858167
0.857513
0.932549
0.861166
0.871181
0.923042
0.876763
0.857452
0.859492
0.878832
0.892944
0.857580
0.858612
0.928724
0.860332
0.861451
0.857460
0.857283
0.930084
0.858331
0.858940
0.858876
0.857431
0.857620
0.857254
0.857127
0.867129
0.863775
0.861067
0.858477
0.865798
0.857944
0.908199
0.918308
0.858033
0.857759
0.862010
0.857700
0.865061
0.864237
0.857545
0.873946
0.919503
0.881136
0.857288
0.892112
0.862183
0.891341
0.857821
0.930245
0.857142
0.857787
0.900400
0.857531
0.866487
0.865927
0.898792
0.871033
0.948526
0.857257
0.860600
0.919790
0.857343
0.882882
0.862509
0.857637
0.858194
0.857628
0.883534
0.858581
0.858433
0.867275
0.911202
0.857195
0.857437
0.867349
0.916716
0.868825
0.859666
0.857316
0.857230
0.857829
0.857229
0.939381
0.857398
0.867024
0.864616
0.878037
0.889193
0.947288
0.857755
0.857481
0.941649
0.866599
0.877936
0.858103
0.859460
0.884730
0.888191
0.857444
0.862635
0.858057
0.860696
0.861223
0.857709
0.857211
0.913747
0.889039
0.860988
0.857423
0.860248
0.869753
0.868295
0.859770
0.860628
0.857325
0.858866
0.857545
0.872549
0.858762
0.857890
0.857243
0.944678
0.873260
0.889150
0.860772
0.857210
0.857464
0.858380
0.865198
0.858893
0.874683
0.857372
0.859261
0.857162
0.860801
0.861993
0.862522
0.862984
0.902022
0.961177
0.857395
0.911148
0.923016
0.857131
0.857165
0.875865
0.857176
0.857686
0.908185
0.858326
0.884373
0.878794
0.860569
0.857192
0.881482
0.860339
0.857411
0.880908
0.857338
0.910870
0.858121
0.857191
0.916448
0.857360
0.898608
0.857275
0.857291
0.859903
0.857316
0.860611
0.857814
