# 参数名称：backbone.features.14.conv.7.weight
# 参数形状：(160,)
# 参数数据类型：float32
# 参数值（保留6位小数）：
0.978116
0.977163
0.975276
0.978764
0.964377
0.974089
0.977463
0.978270
0.969193
0.969402
0.979893
0.975987
0.978681
0.978441
0.974552
0.969332
0.972050
0.965420
0.975008
0.972378
0.975371
0.967130
0.970093
0.974117
0.970235
0.974163
0.969982
0.971244
0.968916
0.957399
0.972179
0.972541
0.968748
0.979503
0.968661
0.971329
0.970247
0.972736
0.968232
0.971987
0.973241
0.970763
0.980666
0.969277
0.971223
0.982210
0.978272
0.982657
0.967111
0.967907
0.978848
0.972085
0.978471
0.972102
0.974688
0.976028
0.974967
0.967175
0.965455
0.974229
0.981358
0.970521
0.972694
0.980015
0.979640
0.961703
0.970917
0.977160
0.975228
0.968440
0.962715
0.970474
0.977812
0.964396
0.978349
0.973434
0.967798
0.972917
0.965431
0.971780
0.977325
0.966232
0.978999
0.965322
0.970383
0.966994
0.956684
0.969129
0.965933
0.978636
0.969367
0.968431
0.981358
0.969254
0.979367
0.978023
0.977562
0.965249
0.976104
0.971116
0.963840
0.981029
0.982084
0.978679
0.976300
0.990560
0.984014
0.976402
0.985740
0.976700
0.971714
0.972715
0.974429
0.965100
0.977087
0.977074
0.977141
0.974470
0.973016
0.970451
0.975452
0.971119
0.967181
0.976657
0.966660
0.958135
0.965521
0.970815
0.976407
0.981367
0.975869
0.961807
0.979311
0.975621
0.971481
0.972184
0.961924
0.973730
0.973040
0.972133
0.972947
0.971813
0.967830
0.979350
0.978006
0.975340
0.982378
0.975356
0.977232
0.979760
0.978393
0.975518
0.981025
0.974796
0.966167
0.967056
0.971801
0.984804
0.965182
0.971486
