# 参数名称：backbone.features.6.conv.0.weight
# 参数形状：(192, 32, 1, 1)
# 参数数据类型：float32
# 参数值（保留6位小数）：
0.030177
-0.000640
-0.124813
-0.109319
0.145829
-0.124225
-0.082739
0.218414
-0.052926
0.095112
-0.132187
-0.038587
0.008227
0.113847
0.116463
0.017291
-0.037657
-0.064971
-0.201708
0.143589
0.016310
-0.051870
-0.113603
0.114153
-0.135526
-0.057197
0.001044
0.012556
-0.133493
0.123246
-0.086086
0.022528
-0.026310
0.018617
0.165302
0.109771
-0.003545
0.092198
0.220819
0.075969
0.008917
-0.016418
0.081417
-0.020866
0.231339
0.053021
0.114283
0.000223
0.135186
0.127317
-0.156293
0.089394
0.052944
0.239965
-0.082408
-0.043227
-0.014109
0.152617
-0.010426
-0.006806
0.028695
-0.026318
-0.008166
-0.082131
0.086954
-0.045888
0.041044
-0.071248
0.008757
-0.107791
0.089060
0.009593
0.114807
-0.091355
-0.058676
0.080541
0.037158
0.113292
-0.059303
0.069917
-0.029879
0.026053
0.045420
-0.146267
0.061976
-0.012278
0.093313
-0.006870
0.016075
-0.014314
-0.226756
0.071601
-0.038096
-0.116419
0.104900
0.082999
0.086190
-0.309147
-0.063680
-0.093119
-0.131974
-0.126113
0.065885
0.098639
0.104969
0.180676
0.109084
0.140949
0.224911
-0.192776
0.089013
-0.125937
-0.037682
-0.072414
-0.055191
-0.088836
0.019445
-0.075480
0.160156
-0.064665
0.071542
0.208887
-0.036210
0.019233
-0.094020
-0.015126
0.064145
-0.001860
0.055911
0.006255
-0.080731
-0.024840
0.084205
0.079911
0.099286
0.017314
0.037458
0.021277
-0.064339
0.145682
-0.251691
-0.064645
0.023610
-0.129456
-0.037462
-0.065239
-0.012770
-0.124884
-0.191452
-0.060937
0.002422
0.081333
-0.134933
0.105027
0.073864
-0.087148
0.035593
-0.111951
-0.095452
-0.043640
-0.010255
-0.159473
0.118559
-0.045598
0.109291
0.044139
-0.153567
0.120108
-0.031656
-0.054021
-0.058053
0.106374
-0.094085
0.128021
-0.104585
0.068887
-0.048440
-0.102451
-0.166756
0.036323
-0.059389
-0.051321
0.004155
-0.000740
0.084867
-0.211627
0.024200
-0.191031
0.052145
-0.094107
-0.049598
-0.067008
0.054296
0.040977
0.038865
0.024197
0.078346
-0.068114
-0.089924
-0.064085
0.002014
-0.206230
0.103167
0.142733
-0.088826
0.077085
-0.047458
-0.063495
-0.036043
-0.042175
0.013105
-0.022040
0.000587
0.028074
-0.025407
-0.126627
0.056558
-0.030421
0.030327
0.054130
-0.014000
-0.209456
-0.261266
-0.072602
-0.109417
-0.018369
-0.118561
-0.099136
-0.086317
-0.060128
-0.097288
-0.048378
-0.058002
-0.065643
-0.005247
-0.141266
0.037970
-0.141306
0.013394
0.137958
0.147140
0.013805
-0.050020
0.001881
-0.069223
0.112815
0.057529
-0.078115
-0.181553
0.062344
0.075629
-0.147757
0.080251
-0.112551
-0.042885
0.144838
0.064192
0.034471
-0.027063
0.122679
-0.013688
0.103736
0.077082
0.223423
0.050420
0.020810
0.024720
0.159943
-0.089667
-0.212469
-0.100226
-0.085025
-0.018408
-0.091860
0.040827
0.102532
-0.089871
-0.069090
-0.017759
0.175929
-0.092192
-0.060938
-0.071004
-0.029848
0.066964
0.042292
-0.031863
0.099305
-0.021845
0.154481
-0.037860
-0.036001
-0.092765
0.135925
-0.014385
-0.225102
-0.004487
-0.087287
0.076487
-0.024884
0.000627
-0.119141
-0.061198
0.101380
0.001817
-0.114198
-0.083724
-0.093974
-0.097728
0.059856
0.057247
0.098125
-0.000116
0.089556
-0.013627
-0.043580
0.016371
0.028310
0.092101
0.167688
-0.153641
-0.026069
0.098310
-0.128878
-0.099345
0.056597
-0.037416
-0.046728
0.162063
-0.125800
-0.065048
-0.118460
-0.077197
0.122005
0.025094
0.037748
-0.036794
-0.105274
-0.193334
-0.081805
-0.100595
0.123070
-0.046056
0.046537
0.035866
0.051331
-0.055842
0.078983
-0.191079
0.044431
-0.004525
-0.120162
0.108819
0.128237
-0.047254
-0.124946
0.091592
0.028881
-0.106560
0.093726
-0.216438
-0.065468
0.176666
0.077338
-0.039014
-0.025734
-0.197047
-0.018795
-0.028668
-0.078574
0.032617
0.005530
0.018906
-0.114175
0.251950
-0.049487
0.035451
0.028389
-0.093280
-0.040256
0.042135
-0.174107
0.028087
-0.006503
0.022589
0.187188
0.105996
0.083650
-0.036914
0.038321
0.090610
-0.060506
-0.009420
0.101801
0.074253
0.049428
-0.016197
0.009135
0.090394
-0.003392
0.120706
0.144212
-0.015334
-0.029159
-0.049862
-0.120588
0.164774
0.046434
-0.135734
-0.020798
-0.056041
-0.003817
-0.058021
-0.091658
-0.024299
-0.183986
-0.133174
0.129823
0.186278
0.033978
0.002250
-0.137196
-0.059647
0.229678
0.006773
0.034676
0.066667
0.026503
0.021716
0.057056
0.001640
-0.063358
0.003548
-0.055421
0.018397
-0.079041
-0.054983
-0.105049
-0.182229
0.112694
0.060327
-0.086433
0.028871
0.114473
-0.122447
-0.051887
-0.054526
-0.052540
-0.075198
-0.003918
-0.044052
0.188500
0.030708
0.012827
0.065521
0.078256
0.104883
0.026883
0.132235
-0.060111
0.024897
-0.111255
0.139467
0.112817
0.060588
-0.015830
0.137290
0.076434
0.101682
-0.026159
0.263657
-0.128874
0.219915
-0.005467
-0.172011
-0.144135
0.133398
-0.072819
-0.156393
-0.239086
0.051647
0.054660
0.091530
0.201720
-0.099752
0.074843
0.042771
0.006775
0.204598
-0.152082
-0.114530
0.021450
0.040527
0.040517
-0.137724
-0.108722
-0.065668
-0.072572
0.195257
-0.074085
0.094331
-0.162350
0.110750
0.206981
0.161027
-0.149682
-0.098799
-0.000298
0.128939
0.060149
-0.105476
-0.095627
0.017270
0.067531
0.062437
0.151294
-0.002753
0.104573
-0.154981
0.155751
0.026892
0.027631
0.171993
0.125409
0.034479
0.132871
0.010767
-0.008609
-0.046409
-0.083998
0.174712
0.189223
0.075063
-0.034775
0.053225
0.087789
-0.054997
0.158350
0.152706
0.004726
-0.021518
-0.173263
-0.033301
0.007187
0.086765
0.109039
-0.110211
-0.103692
0.131370
-0.100530
-0.104234
0.197082
0.095527
0.098924
-0.205609
-0.144584
-0.261610
-0.076673
0.096369
-0.018634
0.068616
0.049633
0.046322
0.130254
0.089468
0.023243
0.073624
-0.088112
-0.023907
-0.177283
0.029047
0.096970
-0.011816
0.248250
-0.119047
0.097824
-0.025036
0.003948
-0.064013
0.134426
-0.250506
0.019525
-0.023566
-0.029216
-0.017651
-0.128514
0.118052
0.123785
-0.033546
0.009026
0.071536
-0.009528
-0.095362
-0.069787
0.065490
0.066401
-0.157427
-0.129949
-0.059228
0.070601
0.018610
-0.053267
-0.066303
-0.051671
-0.066739
-0.072632
-0.088264
0.054810
0.137278
0.035973
-0.087269
-0.069291
-0.025176
0.075563
0.023909
-0.032867
0.092570
0.039076
0.014226
0.110150
0.100621
-0.076790
-0.116368
0.156381
0.035634
0.056122
-0.058065
0.118166
0.084257
-0.006920
0.016713
0.044576
-0.072066
0.074067
-0.138427
0.025074
0.196320
0.069200
0.062318
-0.046159
0.039878
0.063290
-0.132528
0.072767
0.057809
-0.070268
-0.032322
0.106942
-0.017866
-0.166517
0.003801
-0.030970
0.136969
0.112476
0.065901
0.106560
0.099750
-0.109372
-0.111331
0.167401
0.117166
0.021434
0.003780
-0.100232
0.010070
-0.039982
0.048069
-0.058280
0.032181
0.084396
0.184460
0.005730
-0.077583
0.025456
-0.080281
-0.002221
0.050357
0.056459
-0.062531
-0.026836
-0.109776
0.197497
0.077025
0.034202
0.071464
0.087132
-0.108687
-0.069091
-0.185165
0.137991
0.128318
0.065462
-0.032902
0.129685
-0.035426
0.047730
0.040837
-0.067081
-0.041650
-0.084792
-0.111652
-0.050639
-0.129891
-0.080471
-0.063235
-0.060596
-0.059799
0.015508
-0.028568
0.132633
0.275046
0.246408
-0.195757
0.014680
0.123898
0.209917
0.099656
0.001764
0.058961
0.180197
-0.148760
0.004398
-0.103198
0.036322
0.076033
0.061978
0.000467
0.034031
-0.028163
0.008546
0.144485
-0.001859
-0.244167
-0.054909
-0.055568
-0.055569
-0.152641
-0.106633
0.180382
0.021509
-0.132323
0.031865
-0.096108
0.032589
0.007180
-0.045203
0.019313
-0.026287
-0.161499
0.043249
-0.037056
-0.088088
0.011989
-0.085992
-0.077468
-0.188823
-0.205436
0.072871
-0.117594
-0.176136
-0.027545
-0.014326
-0.066869
0.238942
-0.106814
-0.180204
-0.034152
0.029875
-0.215427
0.038674
-0.079302
-0.254772
-0.125809
-0.030417
0.033729
-0.033178
-0.043778
-0.079097
0.351062
0.237153
0.234879
0.068189
-0.076168
-0.034062
0.040418
-0.009006
0.064705
-0.096731
-0.050562
-0.150137
0.037394
-0.043635
0.080542
0.068001
0.003072
-0.113263
-0.058115
-0.012187
0.082503
0.135187
-0.121756
0.173738
-0.138736
0.044145
-0.131239
-0.079768
-0.086656
-0.052445
-0.033667
-0.086913
-0.077057
-0.048316
0.034627
-0.073015
0.103532
0.090682
0.048353
0.000097
0.053442
0.168092
0.084643
-0.075453
-0.022887
0.023647
0.003096
-0.102544
0.051178
0.026290
-0.242077
-0.063067
-0.127185
0.121762
-0.152610
0.007248
-0.044160
-0.085916
-0.012555
0.074406
0.074922
0.097961
-0.153141
-0.019202
-0.049201
-0.087689
0.021092
0.096282
-0.105153
0.021891
0.111932
0.059684
-0.010414
0.077541
0.068673
0.073465
-0.122674
0.113732
0.035107
-0.001600
-0.141819
0.069283
-0.002744
-0.104351
0.017669
-0.040571
0.114792
-0.109778
0.042787
0.125564
-0.247107
0.031718
0.146529
0.084110
-0.052626
0.019132
0.094464
-0.185230
0.007017
-0.106418
-0.095361
0.013188
-0.010208
-0.098380
0.048217
0.150176
0.155838
-0.035158
0.051863
-0.139364
0.090585
-0.184934
-0.105347
-0.238286
-0.060318
-0.030239
-0.018141
0.003414
0.031530
0.011954
0.039489
-0.070180
-0.031963
-0.058417
-0.129987
0.002642
-0.094947
0.034639
-0.013780
-0.169810
-0.048065
0.143352
-0.056256
-0.284106
0.080773
0.079007
-0.206606
0.025628
0.031703
0.136016
0.184235
0.323748
0.052715
-0.023105
0.110303
0.082529
-0.205903
-0.024466
0.105010
0.106912
-0.029179
0.079562
-0.236875
-0.035014
-0.078867
-0.011879
-0.153716
-0.018844
0.111381
0.004069
0.090045
0.206437
0.152753
0.093129
0.086555
-0.072731
-0.004822
0.122624
0.112070
-0.009698
0.124655
-0.082226
-0.063614
0.084094
-0.151690
0.057820
0.060186
-0.138451
0.076230
-0.061116
0.038674
-0.000896
0.014846
0.046251
0.084478
-0.139007
-0.138564
0.005574
-0.094166
0.088430
0.326980
0.084750
-0.023159
0.066459
-0.131523
-0.057169
-0.023654
-0.138634
-0.068554
0.042483
-0.043558
0.011450
-0.057915
-0.057971
-0.036822
0.003170
-0.021345
0.082153
0.007566
-0.168237
0.097798
-0.089065
0.209667
0.071343
-0.059737
-0.150593
0.017220
0.064383
0.038128
-0.126139
-0.123880
-0.015989
-0.031524
0.054797
0.017970
-0.012883
0.088817
0.133581
-0.042302
0.003377
-0.075007
-0.033026
-0.141965
-0.076222
-0.045076
-0.040543
-0.071954
0.066980
-0.041197
0.118618
-0.064506
0.007088
0.161420
-0.062465
-0.116019
-0.093132
0.057225
0.043368
0.009330
0.150301
0.120853
0.288227
0.027751
-0.237789
-0.333569
0.003410
0.047032
-0.151955
0.011693
-0.081972
-0.027858
-0.037076
0.080882
-0.014776
0.085696
-0.008924
0.155060
0.190855
0.165539
-0.044723
0.075910
-0.096773
0.132087
0.173129
0.056140
-0.112992
-0.226729
-0.085100
-0.064812
0.106095
-0.063238
0.033086
0.008587
0.149473
-0.079717
-0.071108
0.005465
-0.092356
-0.104362
0.080688
-0.201025
-0.079508
-0.043756
-0.035329
-0.077377
-0.076287
0.110549
0.154597
0.142525
-0.178628
0.038893
0.014865
0.014886
0.047279
0.006862
-0.075286
-0.008573
-0.154571
-0.002395
-0.226723
-0.014040
-0.118955
0.006433
0.181977
0.007647
-0.026454
0.066628
-0.127747
0.115256
-0.030612
0.050742
0.091453
0.046509
0.213528
-0.080547
0.131001
-0.061809
-0.180241
-0.053344
-0.079860
0.010194
0.011589
0.101233
-0.036155
0.177500
0.111333
-0.045419
0.109732
-0.128926
0.049734
-0.009518
-0.190152
-0.052338
-0.096814
-0.178158
0.108158
-0.047506
0.038090
-0.063549
-0.082334
0.109471
0.096775
0.204825
0.001763
-0.038182
-0.076205
0.110745
-0.100776
0.234311
-0.059712
-0.045599
-0.068650
0.134361
0.141301
0.052175
-0.180726
0.065858
0.061566
0.064681
-0.159484
0.096230
0.075396
0.002895
-0.034365
-0.133207
-0.214529
0.104013
-0.165575
0.024775
0.109392
0.015783
0.040873
-0.074617
-0.000480
-0.281352
-0.071153
-0.103311
-0.128096
-0.031572
-0.088115
0.031367
0.027928
0.067525
0.108449
0.112159
0.014761
-0.036030
0.196381
0.159688
-0.021704
-0.042538
-0.003204
0.062535
-0.214608
-0.094347
-0.101596
-0.052980
-0.091840
0.079130
-0.040934
0.117584
0.077425
-0.040962
-0.004070
-0.117444
0.094458
0.015023
0.131059
-0.188374
-0.106366
0.082411
0.149353
0.227508
0.066820
0.013517
-0.093245
0.035113
0.076268
0.087102
-0.027148
-0.021980
-0.005533
0.209283
0.126937
0.076948
0.136870
-0.100795
0.209692
0.052778
0.074726
0.073511
-0.086827
0.063221
-0.015792
-0.103417
0.106027
-0.007200
0.151647
-0.069254
0.005905
0.142194
-0.298283
-0.023622
-0.038238
0.038066
0.051293
0.064917
-0.016121
-0.182337
0.066978
-0.004329
-0.016856
-0.146485
-0.033337
0.038519
-0.128911
-0.033802
-0.024090
-0.002946
0.036622
0.021723
-0.123526
-0.073864
0.098803
-0.045670
-0.023685
-0.107297
0.017546
0.058383
-0.133778
0.024319
-0.027340
-0.023022
-0.091413
0.058465
0.053577
-0.103750
0.036233
-0.130360
0.170666
0.047612
0.000028
-0.011272
0.020924
-0.000036
0.071725
-0.024377
0.005167
0.116665
0.091948
-0.066318
-0.007319
-0.109358
-0.095893
-0.158121
0.093359
-0.058642
-0.099406
-0.139034
-0.005463
-0.078430
0.030917
-0.152868
-0.067111
-0.140277
0.008588
0.263174
-0.145665
0.010368
-0.177130
0.201513
-0.166366
-0.199805
0.045789
-0.108812
0.009552
-0.101628
0.117310
0.006717
0.071170
0.261994
-0.118040
0.035732
-0.099158
-0.059233
-0.029296
0.094102
-0.186176
0.018271
-0.006038
-0.020764
0.139457
0.207588
-0.188339
-0.171620
-0.020302
0.060319
-0.109816
-0.052384
-0.158250
0.025354
-0.016294
0.035282
-0.095085
0.015317
0.006909
0.001707
0.059229
0.044796
-0.035634
-0.139804
0.091477
0.022865
0.008352
0.007894
0.051494
-0.074068
-0.163638
0.042700
0.074483
0.032690
-0.073701
-0.081238
-0.103091
-0.108325
0.024893
-0.010219
0.114986
0.018764
-0.086155
0.007888
-0.094018
0.016461
-0.074780
-0.013117
-0.120829
0.227119
0.025399
-0.059469
0.102960
0.120916
-0.102849
-0.111915
-0.062874
-0.031790
0.014455
-0.045919
-0.022665
0.034854
0.071737
0.009975
0.037212
-0.005141
0.118191
-0.048235
-0.051721
-0.086230
-0.034232
-0.139878
-0.073582
-0.105525
-0.157191
-0.162278
-0.032108
-0.056977
-0.051727
0.023047
0.113025
-0.015023
-0.103892
0.072576
0.092466
-0.086796
-0.189841
0.066164
-0.115451
0.192752
-0.105441
0.003569
-0.114136
-0.121000
-0.117907
-0.181759
-0.167118
0.061005
-0.098841
-0.028329
0.126145
0.102587
-0.169389
-0.066168
-0.041919
0.127042
0.150362
0.014975
-0.032889
-0.050835
0.000882
0.026155
-0.145229
-0.009546
-0.010150
-0.089904
-0.028001
-0.126464
0.041000
-0.002281
0.037879
0.003499
-0.015560
-0.142465
-0.270549
0.045026
-0.009685
-0.096108
0.039603
-0.274280
0.006152
0.154108
0.057614
-0.168718
-0.008743
0.052034
-0.008942
0.019002
-0.169367
0.217978
0.023235
0.088231
-0.162345
-0.159498
0.161897
0.028077
-0.083859
0.117162
-0.002126
0.128177
-0.055149
0.032858
0.071682
0.128466
-0.022160
0.094707
-0.178941
-0.021011
-0.003923
0.034419
0.003016
-0.083829
0.025208
-0.039728
-0.005297
0.108292
-0.021810
0.026205
0.118842
-0.036304
0.295066
-0.023262
0.005250
0.172987
-0.092921
0.116251
-0.028052
0.011606
0.037371
-0.016567
0.020369
0.015457
-0.122780
-0.032598
-0.161365
-0.146796
0.042857
0.054405
-0.014727
-0.159154
0.126752
0.031885
0.031283
-0.101719
-0.054661
-0.116239
0.064592
0.041059
0.163710
-0.008467
0.063096
-0.003871
-0.066125
-0.125950
0.083570
-0.079327
-0.025049
-0.017938
-0.004165
-0.019897
-0.047511
-0.063893
-0.081243
-0.069209
0.145792
-0.057395
-0.125178
-0.026483
0.068123
0.112765
0.052001
-0.038368
0.071086
0.071530
-0.061744
-0.173711
-0.088340
-0.004833
0.169689
0.035338
0.100347
0.323519
-0.153153
0.080232
0.112720
0.008158
-0.038486
0.139284
-0.082766
-0.109439
0.044931
0.189138
0.016883
-0.134268
0.102921
-0.057106
-0.088159
-0.036571
-0.061867
-0.059718
-0.003569
0.329775
0.064422
0.040237
0.058076
0.029694
-0.044904
-0.074881
0.002577
-0.003160
-0.079594
-0.111524
-0.047270
0.037915
-0.093308
-0.128019
0.156497
-0.123057
-0.156964
0.060153
-0.076988
0.022054
-0.174908
-0.010734
0.012293
0.173290
-0.082991
-0.019146
-0.090362
0.015818
-0.004943
-0.074439
0.084141
-0.120754
-0.056351
-0.248353
-0.053508
-0.041717
0.012606
-0.215017
0.018035
-0.064390
0.151361
0.012653
0.129099
-0.002450
-0.152186
0.068665
0.038767
0.045818
0.064183
0.072730
0.066184
0.168222
-0.162833
0.123205
-0.028997
-0.046955
-0.020647
0.055226
-0.132455
-0.006520
0.026526
0.096322
-0.080697
-0.019016
-0.102083
0.031864
0.036327
-0.064305
0.066002
0.132342
-0.017232
0.011149
-0.008502
-0.110246
-0.055732
-0.036128
0.050715
0.020875
0.195882
-0.198524
-0.057574
-0.023956
-0.018803
-0.009191
-0.040993
-0.001637
0.069656
0.011394
-0.144391
-0.031597
0.061324
0.095001
-0.077060
0.078614
0.062965
-0.082016
0.060638
0.041300
-0.011235
0.218670
0.039293
-0.096848
-0.119370
0.133585
-0.125566
-0.074739
0.010000
-0.005039
0.075282
-0.030534
0.116983
-0.021799
-0.020937
-0.029166
0.046597
0.066616
-0.097935
-0.016590
-0.067223
0.080384
0.006404
-0.041476
0.107419
0.011474
0.008056
0.081538
0.021255
-0.029262
0.046740
-0.092122
-0.049754
-0.097932
-0.008106
-0.040466
-0.072916
-0.051944
-0.125901
-0.050228
0.086974
0.221707
0.008935
0.131290
0.036891
-0.116459
0.086397
0.156621
0.020700
-0.006222
-0.012778
0.028334
-0.053070
-0.069998
0.087966
-0.256400
0.115297
-0.050401
0.059469
0.047258
0.254032
-0.163770
0.114566
0.010112
0.083118
-0.038354
0.146915
0.059172
-0.076174
0.109917
0.039644
-0.157713
0.069943
-0.014507
0.136587
-0.036054
-0.141028
0.043649
-0.005127
0.055083
0.114053
0.123502
0.024273
-0.017850
-0.206038
0.231331
0.003416
0.030245
-0.087373
0.104201
-0.105487
-0.182845
-0.195170
-0.034780
0.064650
0.143504
0.036982
0.016183
0.003233
-0.094155
-0.002015
0.043090
-0.054601
-0.052639
0.121194
-0.066470
-0.040923
0.002108
-0.055818
0.103260
-0.077786
-0.083887
-0.195040
-0.101119
0.120358
0.238827
0.247903
0.102597
0.014560
0.033827
-0.085545
0.097997
-0.243575
-0.002301
-0.012364
0.073530
-0.064769
-0.103464
-0.252313
-0.021068
0.053749
-0.010069
0.189389
0.035395
-0.034251
0.059689
-0.137282
-0.011943
0.041195
0.082896
-0.071326
-0.047239
0.038964
-0.189966
0.000365
0.085543
0.120147
-0.155724
-0.105398
-0.084622
0.034061
-0.174978
-0.046196
0.029325
0.013965
-0.014234
-0.106043
0.098957
0.017095
-0.098724
0.021956
-0.090361
-0.028386
-0.136153
0.037372
0.016142
0.096286
0.110248
0.141852
0.286009
0.045654
-0.028121
-0.056134
0.135005
-0.078911
-0.027738
0.061532
0.036637
-0.084790
-0.121946
0.017344
0.028522
0.108088
-0.178858
0.114487
0.065876
-0.060148
-0.179401
-0.108215
0.017193
-0.096049
-0.149971
0.084799
-0.028831
0.111479
-0.128592
-0.054250
0.157922
0.145894
0.027439
-0.032461
0.035883
-0.197932
-0.034839
-0.080062
0.130743
-0.030720
-0.054584
-0.059454
-0.073675
0.005764
-0.094036
0.069088
-0.108818
-0.044392
0.122283
-0.030075
0.033406
0.012722
-0.006730
0.144649
0.097569
-0.107609
-0.065349
0.099019
0.019071
-0.046655
-0.191477
0.065269
-0.061984
-0.102011
-0.128304
0.051845
0.191279
0.042481
0.117443
-0.072431
0.044504
0.097967
0.102177
0.080188
-0.050696
0.038292
0.074175
0.061159
-0.110848
0.062624
-0.080340
-0.254408
0.069653
-0.103310
-0.010395
-0.047566
-0.050157
-0.139274
-0.038126
0.069719
-0.061023
-0.149620
0.048042
-0.011489
0.143425
-0.116821
-0.122382
-0.003304
-0.077950
-0.066718
0.005511
-0.089735
0.096327
-0.015617
-0.030735
-0.140174
0.055207
0.016559
0.085596
0.174389
-0.130815
0.063115
0.049179
-0.080228
0.034601
-0.148449
-0.127021
0.040931
-0.100104
0.151087
0.159832
0.010035
-0.131560
-0.013715
0.002498
-0.009635
-0.050516
-0.120389
0.065323
-0.094806
-0.206268
0.188508
-0.071032
0.005496
-0.087882
-0.106061
0.043492
0.157962
-0.132201
-0.072827
0.079238
0.018562
-0.015065
0.046207
-0.095782
-0.119395
0.096801
-0.107342
-0.060438
-0.143325
0.005715
0.086817
0.067320
0.056374
-0.086795
-0.165529
-0.032884
-0.073958
0.118411
0.017906
0.010842
-0.143459
-0.029489
-0.007430
-0.062550
0.038221
0.051933
-0.102160
-0.024273
-0.041571
-0.044713
-0.027311
-0.110436
0.072683
-0.020959
-0.019101
0.053670
0.114006
-0.074370
0.073645
-0.058143
-0.105014
-0.115994
0.014697
0.062655
0.104843
-0.075243
-0.066215
0.245242
-0.009902
-0.005640
-0.050082
-0.071728
-0.005829
0.065257
0.107018
0.028851
0.061554
0.053708
-0.017197
-0.106716
0.223592
-0.210659
-0.031401
0.027467
-0.024218
0.048902
0.018901
-0.126328
-0.001774
0.162357
0.149442
0.211473
-0.122277
-0.146545
0.070731
-0.058667
-0.020158
0.005667
-0.016158
0.107760
0.078074
-0.018374
0.090761
0.027662
0.089997
-0.046448
0.107159
0.067336
-0.074792
0.086527
0.056238
-0.008789
0.126146
-0.073304
-0.154719
-0.090072
-0.097801
0.055188
0.073214
-0.041674
-0.006347
-0.093518
-0.092559
-0.070376
-0.194643
-0.038231
-0.033965
0.031619
-0.078804
-0.013090
0.105112
-0.152644
0.013643
-0.036510
-0.012909
-0.117941
-0.103961
0.026053
-0.024259
-0.050689
0.018962
0.117629
0.055952
0.101244
-0.085500
-0.082668
0.063900
0.075809
-0.193869
-0.013707
-0.103381
0.014834
0.106094
0.143087
-0.014688
-0.085826
-0.144579
-0.079036
0.022604
0.017620
-0.000046
-0.041563
-0.127451
-0.064107
0.069241
-0.171798
0.108454
0.088851
-0.044669
0.014897
0.018681
-0.156999
-0.031011
0.024621
-0.034096
-0.133822
-0.180928
0.122249
0.053397
-0.134536
0.091649
-0.146760
-0.143608
0.036565
-0.117778
-0.005641
0.063444
-0.050397
-0.054244
0.013717
0.048238
-0.101291
0.043976
-0.253864
-0.022939
-0.011662
-0.061524
-0.045299
-0.202043
0.006717
-0.082317
0.036325
-0.071420
0.200678
-0.006619
0.082535
0.043080
-0.088683
-0.051616
0.218560
-0.099580
0.083573
-0.086329
-0.147962
0.100324
-0.028642
-0.077187
0.202749
0.096240
0.020469
0.046182
0.074378
-0.045622
-0.161724
-0.114964
0.155149
-0.016795
-0.062895
-0.032363
0.093424
0.004622
0.166668
-0.174375
-0.108258
0.087297
-0.033453
-0.008500
-0.053670
0.052219
0.078260
-0.013356
0.142984
-0.012893
0.010411
-0.220617
-0.200563
-0.053018
-0.058509
0.040042
-0.009904
0.051582
-0.055175
-0.247897
0.009714
-0.111921
0.023220
0.078563
-0.152248
0.010523
-0.153630
0.108353
0.125352
-0.055967
-0.117342
0.029552
0.075053
-0.155364
-0.044483
0.076512
0.047752
-0.040044
-0.075019
0.051256
-0.151138
-0.124340
-0.057691
0.061589
0.039773
-0.082099
0.096652
-0.003589
-0.052242
0.108668
-0.075295
0.105304
0.131795
0.077333
-0.048308
0.030045
0.128476
-0.022942
-0.130291
0.024387
-0.096149
0.119667
0.026893
0.154726
0.106222
0.158614
-0.031449
0.022803
-0.017094
-0.005517
-0.069900
-0.112784
0.067990
0.001210
0.121894
0.053131
0.157054
-0.133683
-0.158483
0.235836
-0.055085
-0.140933
-0.022212
-0.039827
0.261094
0.027478
0.032580
-0.111904
-0.209021
0.053603
-0.017582
-0.039527
-0.052897
0.201276
0.077381
-0.040189
-0.118413
0.050886
-0.142399
-0.016639
0.036924
0.067722
-0.150120
0.134299
-0.016965
0.089600
0.104951
0.003702
0.003067
0.068834
-0.017186
-0.050227
0.092697
-0.072611
0.124863
0.097169
0.185867
-0.064410
0.069528
-0.042275
-0.107492
-0.161392
0.076912
0.080427
-0.149943
0.040594
-0.061208
-0.099783
-0.070521
-0.151013
0.008626
-0.045425
0.104042
-0.050791
-0.011473
0.135323
0.074754
0.162585
-0.198776
-0.151210
-0.109186
-0.105168
0.036430
0.210338
-0.083453
0.047801
0.161391
-0.036535
0.032005
-0.008249
-0.033817
-0.000991
-0.036453
-0.047866
0.156060
-0.091432
-0.070799
-0.046876
-0.136680
-0.006644
-0.046393
0.073936
-0.171677
0.161817
-0.054096
0.089997
0.053283
-0.046191
-0.028625
-0.100832
-0.052277
0.076555
-0.157386
0.035177
0.000050
0.019237
0.049093
-0.060308
0.064846
0.064202
-0.004294
-0.010249
-0.078505
0.085512
-0.009484
-0.019021
0.011563
-0.088775
0.203363
0.069028
0.163369
0.099722
-0.206407
0.002026
-0.041245
-0.290884
-0.107867
-0.055924
-0.033940
0.129741
0.023325
-0.117413
0.030185
0.011791
0.066578
-0.104256
0.064188
0.010365
0.049273
-0.005155
0.090072
0.107720
0.031879
-0.138927
0.011535
-0.058916
0.063721
0.117654
-0.046292
0.083035
-0.041170
0.067749
0.164842
0.007709
-0.066074
0.136316
0.032382
0.011756
-0.182804
-0.027371
0.143718
0.071112
-0.042077
-0.017008
-0.022676
-0.139174
0.052165
-0.240701
0.073010
-0.173940
0.169452
-0.154284
0.037467
-0.165246
0.015710
0.023926
0.086084
-0.089423
-0.083532
0.092856
-0.102194
-0.016076
-0.012376
0.041438
0.007549
0.020952
0.025681
-0.186293
-0.103690
0.031660
-0.073159
-0.127321
0.076095
0.019479
0.085670
0.096088
-0.124198
0.010243
0.011269
-0.234959
-0.035199
0.009046
-0.137522
0.045752
-0.097951
0.143605
-0.081313
0.055704
0.070966
0.043043
0.042651
0.202991
-0.077259
0.112526
-0.116966
-0.104234
-0.035953
-0.006121
-0.039001
-0.043088
0.324686
-0.044245
0.197478
0.052426
0.090583
-0.152083
-0.130499
-0.107611
0.140303
0.076743
-0.047355
-0.099149
0.108488
-0.043049
0.133144
0.036066
0.113687
-0.157663
0.107925
-0.081119
0.107403
0.162684
-0.114899
0.124570
-0.036213
0.030424
0.056209
0.003982
0.192517
0.018052
-0.052287
0.056709
-0.023298
0.199190
-0.021152
0.043983
0.026124
0.093076
-0.024928
0.045017
-0.194554
0.058000
0.072147
0.082710
-0.004903
-0.044744
-0.053650
-0.194830
-0.105535
0.089261
0.115952
-0.231999
0.095479
-0.189427
-0.150234
0.071495
-0.055642
0.099815
-0.030149
-0.070984
0.004559
0.051765
-0.026659
0.048382
0.206805
0.005532
0.108039
0.007361
-0.143115
0.048316
0.020110
-0.038619
-0.150935
0.082026
-0.160816
0.054840
-0.047863
-0.012172
-0.089374
0.072076
0.074433
-0.144503
-0.057130
0.136720
0.127799
-0.020557
-0.034865
0.020895
0.113205
0.025242
-0.044353
0.091159
0.091136
0.088177
-0.061952
-0.302239
-0.190008
-0.095885
-0.047148
0.161096
0.227965
-0.062804
0.069871
0.020901
0.027495
0.137167
-0.013372
0.086969
0.033965
-0.052363
-0.090633
0.122061
-0.134379
-0.153468
-0.162794
-0.009230
0.164288
-0.093194
0.056866
-0.014245
0.036729
-0.029684
-0.116668
-0.031026
-0.056406
0.034362
-0.138951
-0.110479
0.058141
0.098837
0.080333
0.044692
0.086711
0.061083
-0.053612
-0.086085
-0.079032
-0.079497
0.039217
-0.088046
0.074572
0.220821
-0.189767
0.127663
-0.079479
0.110503
-0.023251
-0.091339
-0.034305
0.203806
-0.152241
-0.068885
0.023527
-0.105916
0.008858
0.158418
-0.115603
0.169441
-0.117239
-0.062089
0.111525
-0.062257
-0.020415
0.019494
-0.012792
-0.051704
0.018560
0.177337
-0.047594
0.070474
-0.003958
-0.272125
-0.092451
0.015202
-0.053465
0.017323
0.034161
-0.022793
-0.017247
-0.024601
0.030613
0.020014
0.183339
-0.131492
-0.011146
-0.068399
0.178883
0.032212
0.062525
0.026616
0.157778
0.161974
-0.016433
-0.077735
-0.082055
0.059404
0.148526
-0.032560
-0.125428
-0.037554
-0.026284
-0.041708
-0.042920
0.001649
0.029058
-0.174970
-0.048713
-0.178748
-0.069156
-0.052561
0.031513
-0.101006
0.046067
-0.059949
0.157295
-0.037269
0.107769
0.048653
-0.003969
0.063909
-0.055503
0.085194
0.012403
-0.052594
0.115496
-0.022506
-0.035469
-0.056956
-0.000410
0.000363
0.011836
0.110583
-0.123541
-0.059153
-0.107904
-0.126773
0.163493
0.082124
-0.088316
0.089504
0.000657
-0.031458
-0.140419
0.033794
0.009783
0.061936
-0.011983
0.009787
0.025301
-0.257911
-0.135529
0.123677
0.039267
0.114864
0.060448
0.092059
0.223661
-0.005584
-0.077995
-0.052262
-0.029946
-0.081184
-0.071250
-0.008604
-0.052670
-0.012710
-0.096283
-0.015796
0.181103
-0.072024
-0.042911
0.002151
-0.037379
-0.087499
0.071190
0.028008
0.177719
-0.012944
-0.051187
0.038711
-0.051559
0.082745
0.062799
-0.017447
-0.129123
-0.082167
-0.164796
-0.083778
-0.127169
0.030934
0.039898
0.047951
0.190540
-0.056175
0.011019
0.099387
0.129318
0.106782
-0.065475
0.207614
-0.003459
-0.018880
-0.110276
-0.123240
-0.114415
-0.137470
0.135591
0.170762
-0.069197
-0.049934
0.085795
-0.019080
0.081580
0.079875
-0.065896
-0.009929
0.031850
-0.115329
-0.029146
0.045325
-0.012936
-0.161102
-0.083419
0.044567
0.013590
-0.038364
0.097119
-0.004727
0.097924
-0.051297
-0.256455
0.008391
0.004043
-0.009659
0.072087
0.085118
0.027746
0.071508
0.019180
0.070386
-0.112380
0.017660
-0.007332
0.003935
-0.124143
-0.081150
-0.028429
0.049865
0.163497
0.119320
-0.017494
-0.079044
0.030618
0.059809
0.013021
-0.021928
-0.108669
-0.163873
0.104798
0.068445
0.075705
0.119739
-0.050181
-0.053029
-0.090076
-0.058422
0.201929
0.024929
-0.182068
0.072488
0.089216
0.031400
-0.172381
-0.152692
-0.086802
-0.112193
0.115307
0.122756
0.025335
-0.001113
0.077830
-0.000764
0.223482
-0.140155
0.014435
-0.043608
0.077129
-0.045662
-0.071140
0.093818
-0.034986
-0.147457
-0.011864
0.194017
-0.059125
0.052440
0.052600
0.062691
0.011952
0.010630
-0.105575
-0.021518
-0.077710
-0.099029
0.034079
-0.069206
-0.165209
0.083923
-0.112325
0.183727
0.225950
0.086322
0.024817
0.001423
0.110114
-0.095041
0.121578
-0.229831
0.112063
0.134657
0.250736
0.210192
-0.017684
0.075660
0.000138
0.029232
-0.180569
0.246636
0.037046
-0.024099
-0.110960
-0.029181
0.002687
-0.258835
0.077500
0.104186
-0.072651
-0.000895
-0.073549
0.163824
0.065765
0.062918
0.081866
-0.058235
-0.185916
0.151946
-0.181661
-0.067680
0.001053
0.117363
0.037048
-0.001960
-0.011849
-0.043894
-0.170164
0.035040
-0.026093
-0.063219
0.064025
0.101664
-0.063061
-0.027428
-0.134394
0.019356
0.164618
-0.104665
0.005828
-0.097431
0.034787
0.093820
-0.036661
-0.056885
0.074477
-0.074409
-0.048969
-0.008125
-0.033804
0.113757
-0.099075
0.023733
0.048206
-0.024004
-0.038918
-0.077310
0.006670
-0.048911
0.027728
0.236752
-0.049354
0.108684
0.035537
-0.218872
0.041251
0.054154
-0.036121
-0.014615
-0.086278
-0.135821
0.121917
0.135124
-0.053483
0.123091
-0.177340
-0.069749
0.002455
0.150683
-0.100221
0.149398
-0.042321
0.074324
-0.053390
0.103612
0.042255
0.027265
0.232369
-0.019679
-0.053229
-0.077824
-0.055240
0.081132
-0.194993
-0.074633
0.049310
-0.015976
-0.147398
-0.106705
0.032277
0.001165
0.118768
-0.161612
0.056131
0.067315
-0.026045
-0.008318
-0.145221
-0.021821
0.144152
0.034954
-0.298010
0.106396
-0.002795
-0.054671
-0.072842
-0.087972
0.009482
0.057867
0.025956
-0.003387
0.024170
-0.039549
0.130833
0.147202
0.059005
-0.099868
-0.054150
0.073628
-0.248312
0.153429
-0.051312
0.102930
0.108736
-0.100699
0.020128
-0.147602
0.103146
0.007646
-0.044788
0.090909
-0.026291
-0.069922
-0.000333
0.018706
-0.003988
0.085637
0.195925
-0.118788
0.013286
0.037549
-0.021076
0.012085
-0.026003
-0.200538
0.019215
0.008504
0.146663
0.062149
-0.091121
-0.062330
-0.040768
-0.123090
0.115733
-0.141436
0.010535
-0.181002
0.022371
-0.028610
0.014137
0.005732
-0.072302
-0.061665
-0.006176
0.205018
-0.022227
0.091504
-0.088691
-0.139232
-0.155288
-0.023551
0.026931
-0.124126
0.070976
-0.152458
-0.083369
0.129479
0.081949
0.069633
0.066741
0.002753
0.250209
0.009403
0.016076
-0.118356
-0.017582
0.027984
0.016554
0.091045
-0.130765
-0.055187
0.100714
0.041662
-0.131113
0.043600
-0.071060
-0.194657
0.005717
-0.020835
0.067373
0.072318
-0.107867
-0.092841
0.077569
0.058693
-0.095577
-0.121829
0.046447
0.067153
0.139692
-0.049829
0.056016
0.070485
-0.121779
-0.063269
0.008921
0.006814
-0.179124
0.055953
-0.065928
-0.007690
-0.057113
0.012780
-0.161980
-0.139124
0.031657
0.004622
0.091041
0.027605
-0.153650
0.135029
0.045605
-0.213589
-0.070753
0.126158
-0.096164
-0.013695
-0.019994
-0.023007
-0.074772
0.071883
-0.040834
0.033114
0.107869
-0.110069
-0.073203
0.061489
-0.010753
0.200752
0.096134
0.124448
-0.012794
0.075208
-0.045432
0.047516
-0.039683
0.124197
0.090569
-0.039208
-0.014155
-0.240349
0.125850
0.153069
0.061612
-0.171672
-0.015868
0.200542
0.050733
0.151631
0.097180
0.005432
0.069714
-0.127809
0.006422
-0.070001
0.026486
-0.249386
0.120003
-0.111579
-0.043930
-0.074177
-0.098435
0.128761
0.160154
0.004454
0.026221
0.075169
0.078713
0.069092
0.078280
-0.064172
-0.017334
-0.032142
-0.147180
-0.055259
-0.118842
-0.084228
-0.182610
-0.124249
0.136882
-0.068046
-0.058394
0.053015
0.049969
-0.077197
0.185252
-0.122002
-0.040326
-0.074754
-0.059970
-0.032195
0.027218
0.090875
0.118036
-0.025287
-0.022091
-0.035065
-0.064443
-0.046462
0.174084
0.107098
-0.095243
-0.038385
-0.224141
-0.079504
-0.064078
-0.021611
0.136103
0.014430
-0.155642
-0.033460
-0.003798
0.055197
0.382028
0.087732
-0.025466
0.022743
-0.098872
-0.011484
0.003926
-0.078790
-0.050634
0.113914
-0.050277
0.127201
-0.064380
-0.129080
0.222853
0.152943
-0.134404
0.252760
0.145218
0.060548
-0.030674
0.118453
-0.007046
0.143701
0.042532
-0.101589
-0.096163
0.013880
-0.139567
-0.066855
-0.053360
0.028352
0.111773
0.012627
-0.094887
0.077936
-0.101518
-0.027472
0.039490
0.041154
0.203856
0.014079
0.008642
-0.310822
-0.131205
0.055331
-0.061924
-0.119297
-0.084631
0.126433
0.033033
0.079077
-0.068188
0.058463
-0.244837
-0.041540
-0.058935
0.052443
-0.119101
0.143404
0.064640
-0.097564
0.035143
0.047171
-0.008905
0.176485
0.100474
-0.005572
-0.181301
-0.101684
-0.018371
0.081668
-0.069710
0.056756
0.019510
-0.082345
0.107524
-0.198430
0.029099
0.134912
0.002135
0.104206
0.058270
-0.008562
0.074440
0.024582
-0.032613
0.025958
0.022597
-0.124485
0.128355
0.051313
0.135607
0.048821
0.141711
0.160056
0.029764
0.248788
-0.000038
-0.005644
-0.009593
-0.018384
0.133299
0.051663
0.071765
-0.077308
0.058563
0.089975
0.077449
-0.101812
-0.000106
-0.007922
0.206590
-0.097426
0.123586
0.069804
0.193276
-0.151246
-0.081602
0.157520
-0.153975
-0.126348
0.019526
0.202021
-0.078924
-0.172520
0.153509
-0.021337
-0.110489
0.030169
-0.148181
0.017467
-0.287857
-0.178313
-0.014730
0.057975
0.003526
0.118890
0.072373
-0.241645
-0.053423
0.098690
-0.076685
-0.012339
-0.013943
0.082648
0.041445
-0.174823
-0.070324
0.093238
-0.029242
0.122044
0.093993
0.088823
0.074420
-0.183517
0.140707
0.021107
0.050181
-0.068471
-0.187398
-0.100600
0.012612
0.004135
0.086955
-0.097986
0.133576
-0.190520
-0.033879
0.117325
-0.023739
0.098126
0.024168
-0.180025
-0.031370
-0.007253
0.111721
-0.200088
0.074778
0.021578
-0.117268
-0.030296
-0.015409
0.067138
0.085389
0.131155
0.032784
-0.002566
0.137788
-0.106081
0.039423
-0.229855
-0.034317
-0.148929
0.113392
0.130492
-0.074635
-0.060799
0.050301
-0.123946
0.070493
0.176934
0.072043
0.117435
0.090159
0.134774
-0.052441
-0.116952
0.044352
0.086101
-0.075169
0.039507
-0.009320
0.035059
0.039025
0.042636
0.016086
0.065706
0.084822
-0.121535
-0.139506
0.041497
0.027660
0.108321
0.169116
-0.108232
-0.095228
-0.113272
-0.198220
-0.013079
-0.138910
-0.003483
-0.040811
-0.002053
0.130749
0.086162
0.083477
-0.050140
-0.062513
0.003217
-0.002290
0.111156
0.170844
-0.099672
-0.014648
-0.162209
0.013689
-0.056817
0.109001
0.006580
-0.105662
-0.009025
-0.032711
0.049395
-0.005607
-0.179369
-0.100518
0.145545
0.040048
-0.091652
-0.039032
0.194159
-0.046482
0.074111
0.160911
-0.160797
0.031698
-0.044659
0.002938
-0.051148
-0.000678
0.045789
0.042959
-0.063515
0.034976
-0.064163
0.159893
-0.222238
0.127783
-0.154697
0.201128
-0.082751
0.242950
-0.114338
-0.019167
0.022570
0.048030
-0.102286
0.126079
-0.095632
-0.016074
0.206664
-0.037258
0.049711
0.085005
0.049317
-0.186768
0.055531
0.018576
0.025745
0.095351
-0.091899
0.145034
-0.033632
-0.079507
-0.182907
-0.018262
-0.076471
-0.035465
0.016406
0.090720
0.003263
-0.170860
-0.100472
0.146522
-0.071962
-0.085293
0.042516
-0.080400
-0.042022
-0.009148
-0.120419
-0.129439
-0.119333
-0.086421
0.051228
0.083226
0.032734
-0.106887
-0.180969
0.158497
0.118074
0.169289
0.074964
0.150182
-0.138549
0.082038
-0.079947
-0.133339
0.009420
-0.002121
-0.033765
0.050883
-0.024171
-0.048255
-0.030239
-0.052443
-0.130976
-0.245973
-0.138761
-0.114214
0.271330
-0.056137
0.034558
0.000211
-0.031078
-0.086859
-0.028648
0.016307
-0.008321
-0.104806
-0.089684
0.016389
-0.022449
-0.056743
0.006008
-0.089322
-0.084985
-0.060949
-0.008244
0.064869
-0.248480
-0.032919
0.192342
0.159397
0.026813
-0.011792
-0.063942
-0.053821
0.030431
0.251873
-0.166632
-0.140136
0.095290
0.015147
0.017774
0.048405
0.199427
0.025373
0.040820
-0.071092
0.053885
0.027879
0.025926
0.071055
0.037076
0.040258
0.042037
0.080692
-0.177686
0.158617
-0.164360
-0.151703
-0.009784
-0.058813
-0.038782
-0.179516
0.158240
-0.046644
-0.120924
-0.013942
-0.018316
-0.130925
-0.087193
0.188179
-0.004445
0.010715
0.115487
0.033921
-0.009073
-0.148687
0.012370
-0.010896
-0.008695
-0.006082
0.047588
0.013541
-0.166570
0.010603
-0.026278
-0.024350
0.022543
0.077246
-0.014670
-0.198466
-0.060596
0.132989
-0.054774
-0.127487
-0.128879
0.117861
0.034240
-0.099831
0.027163
0.004652
-0.054708
0.087350
-0.122644
-0.069587
0.206946
-0.008307
-0.103790
0.005977
0.107987
-0.024348
-0.009172
-0.032899
-0.002705
0.270199
0.127215
-0.213899
-0.011506
0.026101
0.082821
-0.065811
-0.067279
0.208014
-0.038016
-0.049055
0.120570
0.058728
0.039325
-0.078447
-0.005404
0.034918
-0.182582
0.034765
-0.182935
-0.130495
-0.039159
0.010581
0.054013
0.152704
-0.047199
-0.042330
0.054325
0.095945
0.057134
-0.313318
0.034904
0.045213
0.072329
-0.017535
-0.078651
0.036481
-0.237474
-0.038806
-0.060796
0.071675
-0.022800
0.124884
0.021019
0.178513
0.018069
-0.020403
0.089854
-0.187220
-0.108628
-0.084419
0.085185
0.109542
-0.004757
0.080447
-0.055414
-0.120515
0.018038
0.045545
-0.049589
-0.021704
-0.163849
-0.062388
-0.003699
-0.010490
-0.003503
-0.025344
-0.015225
0.022741
0.032127
0.051434
-0.027208
-0.057494
0.132251
0.045038
0.097571
0.018971
0.100507
-0.113685
0.289053
-0.050495
0.060431
-0.022201
-0.102106
-0.011192
0.028409
-0.137600
0.034812
0.082964
0.013347
-0.068447
0.081416
0.104527
-0.018889
0.008769
0.029766
0.013438
0.125510
-0.096269
0.044667
0.201414
0.028659
-0.154694
-0.072911
0.004350
0.004347
-0.085448
-0.019238
0.082204
0.160629
-0.027680
0.038047
-0.072717
0.119771
0.086114
-0.073655
0.013563
-0.031314
0.129226
-0.035153
-0.154976
0.024024
-0.069525
0.125115
0.005525
0.051315
0.080813
0.011001
0.097692
-0.079905
0.025990
0.008542
-0.079839
0.150731
-0.098090
-0.030392
-0.155799
0.220976
0.137732
-0.037850
0.095375
-0.037478
0.075958
0.031952
0.050196
0.084156
-0.025825
0.078503
0.218733
0.060601
-0.144958
0.020003
-0.126014
0.180807
-0.072783
0.048297
-0.020788
-0.063897
-0.221720
-0.048219
0.194001
0.011696
0.068898
0.028719
0.012769
0.030005
-0.069532
-0.025955
0.038286
-0.105798
0.074307
0.119308
0.019835
-0.029686
-0.014819
-0.121947
0.076811
-0.243891
-0.234273
0.087995
0.059952
-0.107538
-0.041319
0.234520
0.011270
0.129764
-0.030843
-0.007224
-0.068374
0.078847
0.150503
-0.213935
-0.105046
0.071290
-0.082838
0.074516
-0.036418
0.057487
0.044099
0.113349
-0.038852
0.104865
0.050621
-0.104573
0.010666
-0.075251
-0.120793
0.125698
-0.103630
-0.106229
0.101626
-0.040959
-0.173981
-0.176028
0.092591
-0.266200
-0.079701
0.274658
-0.039530
-0.145221
0.133415
0.004046
0.136160
0.038616
0.004893
-0.027703
0.090484
-0.030055
-0.000027
0.209754
-0.164586
0.051553
-0.012595
0.013537
-0.100696
0.072557
0.027431
0.010026
-0.050702
-0.148814
0.083197
0.047082
0.008604
0.029199
0.022270
0.126730
0.008424
0.085849
0.084916
0.063499
-0.088231
-0.065154
0.075879
0.151329
0.075340
0.208282
-0.063344
-0.001033
0.093674
0.128120
-0.070318
0.010448
-0.065646
-0.062261
0.128995
0.109293
-0.132762
-0.030969
0.037601
-0.011947
0.136798
0.083269
-0.086601
0.019760
-0.044088
0.016680
0.143159
-0.087091
0.011550
-0.017644
-0.016694
0.000116
-0.070930
0.025675
-0.095930
-0.051303
0.031452
-0.067726
-0.136242
0.018985
-0.082024
-0.023163
-0.010943
-0.061275
-0.050543
-0.071941
0.028578
0.102587
-0.074685
0.060066
0.129954
-0.066232
-0.102220
0.003863
0.047975
0.030175
-0.230568
-0.173080
0.092477
-0.155419
-0.019183
-0.147289
-0.029947
-0.050578
0.053202
-0.004442
0.074031
0.048695
0.063051
-0.006060
-0.197274
-0.125747
-0.042585
0.039746
0.029610
-0.054133
-0.048143
0.203357
-0.035435
-0.059429
-0.029227
-0.083959
0.178319
-0.115715
-0.109078
0.024179
0.035029
0.011857
-0.009863
-0.065682
0.047170
0.005505
0.076210
-0.201100
-0.082535
-0.137525
-0.007188
-0.082092
-0.185719
0.183329
-0.102002
0.043499
-0.186297
0.062323
-0.124265
-0.227801
-0.004025
-0.011875
-0.003537
0.017928
-0.043854
0.210540
-0.004655
0.046543
-0.182554
0.050632
-0.020278
-0.151056
0.064932
-0.085947
-0.103991
-0.087834
-0.040861
-0.099790
-0.111551
0.062284
-0.109290
0.056242
0.095166
0.054986
0.109541
0.082666
-0.107765
0.060283
-0.158162
0.091763
0.100389
0.007456
0.065754
-0.051020
-0.104754
0.086832
-0.061330
-0.040007
-0.036282
-0.050249
-0.040490
-0.040789
0.007536
0.006645
0.070171
0.062733
0.032643
-0.090055
0.023082
-0.143741
0.125192
0.063247
-0.179319
0.144109
-0.087921
-0.241895
-0.162385
-0.073883
0.067706
0.100182
-0.042015
0.071924
-0.157934
-0.063488
-0.176043
0.193891
-0.008026
-0.202092
0.091587
-0.030499
-0.018332
0.100076
-0.109048
0.002533
0.049733
0.098437
0.048811
-0.026757
0.052349
-0.107909
0.027654
0.003033
0.086833
0.113481
-0.025467
0.008709
-0.247231
-0.013752
-0.058460
0.064792
-0.117725
-0.008416
-0.046247
0.074221
0.084594
0.000419
-0.034756
-0.088903
-0.070836
-0.106407
-0.008155
-0.069714
-0.004006
0.105507
-0.119377
-0.075103
0.070121
0.043591
0.151808
-0.040612
0.022107
0.103383
-0.073737
0.103968
-0.104290
0.040694
0.111018
-0.137297
0.006870
-0.040075
-0.095687
-0.086759
0.098542
0.019102
0.189204
-0.103709
0.032314
-0.096326
0.174674
0.055275
-0.025722
0.013214
0.152473
-0.107594
-0.052015
-0.067925
0.116961
-0.017919
-0.080742
0.275126
0.035753
0.087258
0.189735
-0.100623
0.030046
0.163878
-0.163401
-0.060163
-0.013722
-0.052454
0.246979
-0.005584
0.024620
0.023594
-0.048086
0.142401
-0.037889
0.074584
-0.000956
-0.054524
-0.196071
-0.115202
-0.100634
-0.073861
-0.225916
0.152012
0.061819
0.083270
-0.112711
-0.115390
0.131615
0.079464
-0.120775
0.057126
-0.027322
-0.087746
-0.048728
0.157879
-0.184010
0.019387
0.078637
0.030508
-0.074052
-0.056131
-0.191494
0.086854
0.033189
-0.097144
0.013631
-0.037438
0.189375
0.005179
0.065146
-0.097206
0.025233
-0.060613
0.005193
0.203937
0.090912
0.119811
0.141521
-0.068076
0.053737
-0.034178
0.028152
0.034532
-0.093304
-0.072375
-0.098094
-0.076258
-0.029190
0.041564
-0.073869
-0.017977
-0.045012
0.043443
-0.049272
0.074406
0.037940
-0.128652
-0.184617
0.082454
-0.127656
0.113492
0.039276
0.055538
0.163511
-0.079615
0.072651
0.091797
0.112118
0.021420
-0.030310
-0.108460
0.132345
-0.105083
0.006099
0.036441
0.114442
-0.070695
-0.012600
-0.138304
-0.018054
-0.031745
0.010813
-0.140497
-0.149085
0.043995
-0.049129
0.064717
-0.000685
0.007751
0.099533
-0.130047
0.166133
0.054121
0.153913
0.048394
0.109147
-0.166559
0.056560
0.086107
-0.053582
-0.017101
0.104216
0.096888
-0.289106
-0.023513
-0.143987
0.010948
0.079271
0.126828
0.057973
-0.027818
-0.080640
-0.053371
0.085432
0.017743
-0.003669
0.161240
0.052559
0.141360
0.107569
-0.030083
-0.098569
-0.085609
0.085642
-0.068235
0.173652
0.119552
0.091783
-0.073713
0.109937
-0.036068
-0.012448
0.045585
0.025638
-0.054254
0.110952
0.074909
0.060429
-0.033743
-0.016269
0.139606
-0.103545
0.232815
-0.123750
-0.029557
0.055040
-0.097056
0.006493
-0.023379
0.095969
0.049328
0.231438
0.056888
0.035838
0.085252
0.082817
0.080571
-0.096873
0.043742
-0.146370
0.115139
-0.175672
0.134832
-0.010571
0.173190
-0.007335
0.079578
-0.101142
-0.057161
-0.187353
0.120480
0.036603
0.063443
0.058296
-0.080765
-0.063352
-0.077725
-0.074538
0.028976
-0.044557
0.147716
-0.235139
0.037550
-0.019200
-0.075824
0.080280
-0.048606
0.032349
-0.008643
0.219206
-0.059488
-0.171087
-0.071605
-0.063871
-0.090053
-0.083670
0.171372
-0.099031
0.164777
0.086895
0.168167
-0.135386
0.071036
0.007771
0.082642
-0.276782
-0.286767
0.005344
-0.109480
0.070280
0.021038
-0.035757
-0.083868
-0.096351
-0.082329
-0.010688
-0.023235
0.019233
-0.061278
0.013024
0.139162
-0.068553
0.040984
0.051504
0.012889
0.004933
-0.242807
0.101888
0.018725
0.011019
0.101940
0.010099
0.042314
0.149816
0.109116
-0.003515
-0.019207
0.145567
-0.012522
-0.185007
-0.040851
0.039406
-0.078718
0.032002
-0.012531
0.027546
0.082194
0.118108
0.206052
-0.117554
0.162352
0.172150
0.153241
0.092694
0.155040
-0.077269
0.157553
-0.016711
-0.036863
-0.083780
-0.047195
-0.040731
0.036711
0.092019
0.047831
-0.010707
-0.168960
-0.130605
-0.011659
0.194280
-0.158984
-0.015508
0.165610
0.035501
-0.014237
0.041270
-0.081105
-0.115811
-0.055081
-0.218566
-0.088492
-0.110502
-0.216312
0.070532
-0.157611
-0.118132
-0.163620
0.115570
-0.106687
-0.141511
-0.016892
0.090938
-0.013232
-0.072144
0.035014
-0.032035
-0.147752
-0.061276
0.001469
-0.013761
0.244062
-0.021989
0.101977
-0.060533
0.161677
-0.231774
-0.011739
0.047404
0.142636
-0.046583
-0.122232
-0.050412
-0.038172
-0.146930
-0.018073
0.124258
0.099193
-0.050863
-0.035339
-0.014693
-0.063393
-0.092986
0.137519
0.005649
0.059541
-0.037392
0.010113
-0.037086
0.131368
0.017265
-0.087590
-0.166217
-0.031805
-0.105648
0.014370
-0.153872
-0.079915
0.046001
-0.037430
0.149151
0.078016
0.007960
0.049217
0.053833
-0.012763
-0.034591
-0.201055
0.138022
0.219497
-0.034332
-0.095620
-0.111233
0.056614
-0.045221
-0.126517
-0.018564
0.018338
-0.033640
0.161234
0.258975
0.132327
0.092368
0.053692
-0.160425
0.243493
0.031044
0.125772
-0.213750
0.097990
0.086674
-0.182166
0.096870
0.140702
0.100622
-0.111467
0.075037
0.054460
-0.075264
0.140035
0.087693
-0.105051
0.041946
0.048378
-0.030951
-0.040410
0.126347
-0.092293
-0.039167
0.040915
0.085594
-0.002182
-0.010770
-0.068681
0.001719
0.103160
-0.141207
-0.013721
-0.062361
-0.202880
-0.136360
0.086785
-0.058476
0.005172
0.071569
-0.049111
-0.091436
0.030542
0.051727
0.057630
-0.040287
0.097183
-0.107675
0.022728
-0.144022
-0.022876
0.000376
-0.009544
0.083594
0.022416
0.002710
-0.124949
0.119530
-0.012351
-0.001751
-0.007653
0.056913
-0.055243
0.020389
0.005974
0.014206
0.046982
-0.023810
-0.102946
0.179789
0.106529
-0.000221
-0.030143
0.049188
-0.034500
0.061424
-0.096523
-0.017928
0.061384
-0.099471
-0.076092
-0.086179
0.125845
0.122536
0.006276
-0.044579
-0.206689
-0.050289
-0.283497
0.009320
0.102682
0.095704
-0.229561
0.021900
0.158736
0.037139
0.055053
-0.100138
-0.159439
0.241398
-0.127550
0.097876
-0.061787
-0.026144
-0.020107
0.048352
0.019042
0.210790
0.095668
-0.139010
0.010009
-0.073018
0.149244
-0.099359
-0.057233
-0.069170
-0.103506
-0.072091
-0.044345
0.013932
0.024348
-0.077751
-0.226232
-0.081405
0.197676
0.000906
0.077332
-0.062797
-0.027764
-0.126225
0.089813
0.016330
-0.094900
0.012506
-0.106505
-0.241139
0.008250
0.106139
-0.189327
0.059564
0.216922
-0.008979
0.193535
-0.082270
-0.033671
-0.082882
-0.103321
-0.066391
-0.057509
0.182296
0.038017
-0.196481
-0.159107
-0.000252
-0.012652
-0.027194
0.089988
-0.139329
-0.007301
0.065111
0.025911
0.066969
-0.185676
-0.019983
0.065734
-0.128064
0.093747
0.085883
-0.128884
0.022185
0.121693
0.144063
-0.006045
-0.126525
-0.083465
-0.004652
0.015206
0.005567
0.033662
-0.060337
-0.016423
-0.125633
0.224235
-0.117343
-0.065260
-0.186298
0.032458
0.172627
-0.048668
-0.211454
0.107628
0.049000
-0.098785
-0.010941
0.038758
-0.225128
-0.067924
-0.112820
0.047597
0.068734
0.083323
-0.010132
-0.088132
0.040023
-0.121784
0.021384
-0.123154
-0.000291
0.024062
0.166087
0.031576
-0.013384
-0.050456
0.182674
0.051017
-0.111105
0.131006
-0.079212
-0.067296
-0.036463
-0.011445
-0.104018
-0.246039
-0.194786
0.122473
-0.196930
-0.046248
0.050702
0.110426
-0.195589
0.008924
0.151002
-0.049348
-0.094713
-0.115684
-0.087412
-0.129161
0.066558
-0.084930
-0.014199
-0.114344
0.019886
-0.031405
-0.123034
-0.050944
0.064273
-0.057790
-0.064622
0.076645
-0.054599
-0.172210
0.148510
-0.087130
0.068992
0.012034
-0.053509
-0.140904
0.021103
0.116950
0.054757
0.025788
-0.038334
0.067796
-0.157675
0.165797
-0.055330
0.010176
0.089922
0.004282
0.084886
0.076679
0.184011
0.022897
0.103894
0.285518
0.010444
-0.188977
-0.205388
0.122158
0.052977
0.049430
-0.159255
0.075616
0.051806
-0.042699
-0.093146
0.193762
-0.058977
0.093090
0.092480
-0.018642
0.125658
-0.085499
0.201132
0.002325
0.068779
0.016779
0.071284
0.038336
-0.063616
0.100169
-0.139462
0.092536
0.014889
-0.083981
0.126799
-0.145645
-0.120329
-0.068967
-0.015013
-0.068164
0.019246
-0.034402
0.095898
-0.095524
-0.046932
-0.063192
0.032664
-0.171345
-0.088144
0.014312
0.052925
-0.116708
0.045465
0.012314
0.039218
-0.089134
-0.070819
0.115411
-0.134323
-0.037968
-0.097227
0.024592
-0.137491
0.153760
-0.280327
-0.012261
-0.082389
-0.031432
-0.082036
-0.122865
0.070019
-0.021167
-0.003239
-0.002175
-0.088957
0.257454
0.009021
-0.058665
0.063229
0.194203
0.139821
0.030604
0.000640
0.086609
0.074790
0.005492
0.035575
-0.126642
-0.104491
0.061297
0.060069
-0.060890
0.060579
-0.062620
0.013196
-0.119069
0.025171
-0.015769
0.145073
0.004973
0.001649
-0.038913
0.025084
0.133732
0.000063
0.176344
0.037754
0.033089
-0.180565
-0.124411
-0.286999
0.004980
-0.084234
0.061654
0.039800
0.053582
-0.154464
-0.066976
-0.024500
-0.024489
-0.193945
-0.015705
-0.097602
0.005870
-0.174212
-0.063499
0.071746
0.056440
0.028687
-0.013732
-0.076142
-0.149490
-0.088608
-0.084686
0.095694
-0.050272
0.146814
-0.154628
0.206260
0.159818
-0.231548
0.093625
-0.140423
0.081701
0.172435
-0.025428
0.039701
-0.024617
-0.025014
0.228460
-0.023608
-0.030216
-0.110462
0.087690
0.062504
0.126714
-0.008173
-0.017072
-0.053981
0.005247
-0.005602
0.031092
0.117160
-0.135930
0.068141
0.053815
-0.051124
0.047402
0.024859
0.106564
0.091538
0.090459
-0.059199
0.189887
-0.168030
0.029343
0.057665
0.138685
-0.163674
0.004384
0.184910
0.041379
0.000879
0.125481
0.007939
0.183551
0.148278
-0.083824
0.173035
0.006143
0.215570
0.122757
0.235724
0.060078
0.080272
0.003979
-0.079951
0.106209
0.031029
-0.082530
0.026343
-0.044292
0.045294
0.036597
0.157877
-0.100111
-0.180145
-0.058353
0.060832
0.154100
0.092141
0.019737
-0.095006
-0.139399
-0.064716
-0.116998
0.084555
-0.246735
-0.058557
-0.091966
0.022182
0.153584
0.058112
-0.046317
-0.065363
-0.068328
0.098037
0.081988
-0.107126
-0.008560
0.113018
0.174459
-0.020374
0.059002
-0.003309
0.117532
-0.162465
0.156400
0.037383
0.073045
0.215741
0.101254
0.139857
0.122596
0.016818
0.200064
-0.005659
-0.024929
-0.125142
0.131983
-0.214591
-0.057278
0.132890
-0.034825
0.088454
-0.055567
0.019273
-0.031871
-0.050285
0.025492
-0.010895
-0.092214
0.026322
0.009279
0.129332
0.054624
-0.016229
-0.101256
-0.197378
-0.127026
0.068935
0.167808
-0.034488
-0.042629
0.001827
-0.058481
-0.185945
0.025146
0.131577
0.121209
-0.035405
-0.016276
0.221138
-0.032630
0.183853
-0.009235
-0.105740
-0.017291
-0.134082
0.112412
0.054615
-0.182534
-0.138210
0.029134
0.169173
-0.024928
-0.216541
0.017913
-0.079552
-0.113778
0.014241
0.079334
0.119278
-0.039979
-0.069655
-0.068250
0.003827
-0.038375
0.052740
-0.022282
-0.168892
0.238009
-0.146357
0.015318
0.032508
-0.023556
0.015232
-0.047108
-0.123962
0.026743
0.073659
0.077609
0.176702
-0.128041
0.050611
0.005434
-0.036367
-0.016875
-0.013325
-0.185958
-0.113393
0.049657
0.039385
-0.125076
-0.008078
-0.121119
0.069992
0.015924
0.040283
-0.051071
-0.014347
0.042987
0.091688
0.162025
-0.047362
-0.073514
0.159577
0.114119
-0.050002
0.021282
-0.031823
-0.042284
-0.067305
-0.053951
-0.181332
0.071022
0.018445
-0.079574
0.116259
0.082442
0.013741
-0.058856
-0.008229
-0.027687
0.112346
-0.059418
0.008315
-0.133271
0.107341
-0.045687
0.065504
0.113465
0.183444
0.059651
-0.103684
0.092506
-0.102217
0.047307
-0.010202
-0.140253
0.110164
-0.038879
-0.076636
-0.053593
0.094005
-0.037372
0.080671
-0.023083
0.056511
-0.041761
0.049335
-0.109250
-0.048877
0.023790
-0.014076
0.254985
0.097408
-0.087759
-0.056016
0.025578
0.062886
-0.116486
-0.035983
0.102995
0.098721
-0.093952
0.141988
-0.009589
-0.174594
0.242699
-0.051339
0.040627
-0.197548
-0.059851
0.021964
0.107293
0.078591
0.115601
-0.064057
-0.069352
0.104077
0.054014
0.107518
-0.005611
-0.200947
0.119031
0.027197
0.011042
0.183382
-0.137052
0.049316
-0.074778
0.032320
-0.039251
-0.034173
-0.041364
-0.220246
-0.200038
-0.057752
-0.266562
0.001757
-0.112124
0.177904
-0.001379
0.138323
0.101118
-0.110265
0.003827
-0.231684
-0.178576
0.159312
0.034991
-0.037194
0.051550
0.037996
-0.050383
-0.014584
0.034282
-0.022727
-0.051207
-0.104920
-0.114117
0.081317
0.109603
-0.018057
-0.128185
-0.092708
0.018701
0.048558
0.187069
-0.101377
0.060812
-0.138942
0.038100
0.025006
0.122793
-0.110862
0.097349
-0.121753
0.017642
0.019581
0.120074
-0.100188
-0.064962
-0.102687
0.199940
0.094199
0.054527
-0.129135
-0.106237
-0.015969
0.117086
-0.149814
0.147045
0.093430
0.081780
0.179739
0.042635
0.138598
0.089357
0.107749
0.115799
0.038346
0.026675
0.175842
-0.085579
-0.020452
0.111205
-0.005452
0.279017
0.015757
-0.046602
0.135303
-0.031578
-0.033061
-0.030762
0.099392
-0.070046
0.044587
-0.042785
0.035854
-0.107550
0.091190
-0.126728
0.092552
0.044746
-0.011297
0.122494
-0.033694
0.014339
0.201100
0.002461
0.042061
0.037184
-0.112747
0.074829
0.091891
0.053841
-0.196328
-0.009176
-0.025877
-0.121872
-0.044174
0.136186
0.023993
-0.102215
-0.032581
0.147061
-0.120804
0.085239
0.027359
0.118577
0.185258
0.002053
0.072769
-0.069066
-0.063700
-0.188784
0.136213
0.213516
-0.167962
-0.059621
0.179072
0.184362
0.159264
-0.223078
0.128597
0.038489
0.018581
-0.120107
0.091203
0.098263
0.040455
-0.078775
0.141998
0.017693
0.091218
0.070652
0.121471
-0.185747
0.035389
-0.176696
-0.159295
0.034625
0.000496
-0.145360
-0.011456
0.170359
0.060911
0.055764
0.041946
-0.039317
0.025548
0.237750
0.040693
-0.057498
0.080400
-0.019231
-0.042086
0.051554
0.024756
-0.015010
-0.149943
0.089494
-0.273398
0.126211
0.035206
0.101558
-0.153751
0.088282
0.158631
0.241238
0.103401
0.016451
-0.058215
-0.014973
0.082036
0.079136
-0.110310
-0.022109
0.012701
-0.139445
-0.176232
-0.005990
-0.090286
-0.016250
-0.132588
0.151157
-0.132887
-0.069676
-0.157033
-0.023978
-0.100391
-0.129641
0.011215
0.019358
0.075020
-0.080643
-0.113541
0.018019
-0.023273
-0.114128
0.198184
0.120170
-0.161439
0.093322
0.127940
-0.054574
-0.061664
0.037288
0.040084
0.172861
0.116079
-0.033345
-0.166041
0.106248
-0.039999
0.055737
-0.152356
-0.181558
0.088350
0.048036
-0.036957
0.165569
-0.223151
-0.057234
0.114517
0.035546
0.060379
0.022937
-0.056975
-0.108447
0.035867
0.140142
0.038550
0.005592
0.169240
-0.006382
0.033862
0.129302
0.049635
0.023457
-0.082786
-0.091880
-0.075963
0.030031
-0.118732
-0.094484
0.135646
-0.125202
-0.150386
-0.235693
-0.087108
-0.014730
-0.131734
0.145080
0.020539
0.060361
0.275183
0.064256
-0.086326
-0.219609
0.001700
0.057987
0.046875
-0.075265
-0.049779
-0.063394
-0.010218
-0.178585
-0.120388
0.073787
-0.032352
0.085453
0.209218
-0.202388
0.050629
0.020035
-0.140993
-0.056225
-0.032134
0.046318
-0.068238
-0.013904
-0.018737
0.024456
0.174041
-0.052809
0.118799
-0.072098
-0.067516
-0.024821
-0.100148
-0.086924
-0.130833
0.123256
0.058072
-0.011827
-0.047179
0.174471
0.074337
0.102876
0.172099
0.085613
-0.157948
0.032643
0.085718
-0.158435
-0.075222
0.122021
0.088071
0.066286
-0.029446
0.109322
0.022944
-0.040537
-0.055475
0.008963
0.146502
0.091488
0.150283
0.045890
-0.240479
0.043210
0.022432
0.146077
-0.084027
0.176745
-0.021996
0.176551
-0.021505
0.083778
0.090824
-0.036965
0.028521
-0.150728
0.012468
0.097989
-0.105750
0.001728
0.024236
-0.061717
0.051825
-0.095119
0.052774
0.148752
0.104962
0.092877
0.054352
-0.020273
0.142342
-0.038253
-0.029005
-0.107894
0.116395
0.021924
0.112101
0.009343
0.000359
0.048881
-0.025996
-0.075583
-0.117023
-0.087039
-0.079808
0.031060
0.105474
0.112361
-0.117183
-0.220025
0.024087
0.005669
-0.062795
0.058344
0.008538
0.044216
-0.031212
0.039158
-0.120290
-0.072640
-0.056871
-0.040825
-0.040318
-0.163174
0.079544
-0.105726
-0.196834
-0.001502
-0.043408
-0.038317
-0.007196
0.112226
0.115234
0.043038
0.039822
-0.069598
0.131153
-0.118501
-0.059445
-0.002853
-0.152549
-0.097605
0.081815
0.160505
-0.017339
-0.080829
0.094842
-0.060036
-0.062007
0.031104
-0.007868
0.038944
-0.225372
0.031931
0.173096
0.232099
-0.090975
0.048630
0.069759
-0.115270
-0.060707
-0.089152
0.198167
0.116068
-0.238208
0.009625
0.116366
-0.071581
0.105314
0.098360
-0.022764
0.014317
0.199502
-0.112314
0.137209
0.010929
-0.060620
-0.038799
0.074350
0.052715
0.072043
0.009749
0.023915
0.062075
-0.042457
0.010840
0.073249
0.001764
0.148439
0.075361
0.010556
-0.012573
0.041668
0.002655
-0.009999
-0.080240
0.185089
0.004310
-0.237099
0.086519
0.008945
-0.183962
0.117656
0.050176
0.106227
0.064468
-0.070690
-0.067883
-0.007316
0.191820
0.060605
-0.095665
-0.015892
0.004437
0.124444
0.038781
-0.143917
-0.074226
0.036569
-0.062561
0.052787
0.172415
0.073518
0.019663
0.004475
-0.127799
-0.058104
-0.053418
0.018463
0.028224
0.029624
-0.024526
0.191489
-0.066335
-0.005813
-0.070033
0.056710
-0.107857
0.003272
0.014215
-0.128826
-0.115425
0.032700
-0.037130
0.012146
-0.060030
-0.170487
-0.069317
0.008548
-0.002309
-0.073644
0.128996
0.014579
0.185227
0.025261
0.221503
-0.092291
-0.085570
0.059986
-0.108578
-0.133553
0.041174
0.070450
0.039403
0.076006
0.058381
0.066258
-0.052008
-0.185161
-0.212304
-0.104089
-0.102813
-0.035315
-0.019941
0.106487
-0.043523
-0.128975
-0.181571
0.048796
-0.099152
-0.078241
-0.180843
0.033810
-0.047144
0.026665
0.095060
-0.085699
0.111833
-0.103236
-0.136421
0.063576
0.114935
-0.076863
0.036072
0.007335
0.092879
0.039723
0.094848
0.078149
0.044145
-0.030468
-0.020454
-0.063626
-0.003337
0.096298
-0.010703
-0.162751
0.031249
0.038388
-0.003603
0.095682
-0.068623
0.201408
0.046023
0.035881
0.138880
0.160380
-0.075511
-0.032911
0.006756
0.057263
0.045713
-0.172304
-0.057711
0.022979
-0.057938
-0.017081
0.043706
-0.070873
0.130643
-0.047919
0.080694
-0.083108
0.125134
0.012499
-0.014479
0.265393
-0.116490
0.050581
0.056992
-0.131356
0.036333
-0.111844
-0.063341
-0.018136
-0.097507
0.073452
0.116740
0.237352
-0.098584
0.037595
0.122870
-0.158797
0.066439
-0.125362
0.093490
-0.016171
0.142342
0.153031
-0.186638
0.015457
0.108450
-0.132772
-0.107735
-0.042596
-0.028991
-0.045267
-0.096749
-0.038968
0.025469
-0.077834
-0.272302
0.024409
0.049561
0.097840
-0.065571
0.031893
0.042846
-0.222314
-0.000786
-0.067352
-0.104363
0.006135
-0.064665
-0.121363
-0.038043
-0.028716
0.038770
-0.042613
0.125106
0.181093
-0.026703
0.124924
0.021361
-0.020367
-0.076330
-0.152008
0.013459
0.161842
-0.200367
-0.082540
-0.137507
-0.114981
-0.165917
-0.054213
-0.182561
-0.016127
-0.093946
-0.070871
0.037877
0.007217
0.163760
0.042613
-0.082009
-0.022703
0.239921
0.047706
-0.038031
0.021724
0.148033
-0.105734
0.023026
0.037344
-0.002747
-0.111517
-0.071474
0.271727
0.057641
-0.067800
0.026128
0.156770
0.083581
0.094785
-0.055242
-0.020532
-0.139036
-0.047901
0.004115
0.006457
-0.029429
0.002374
0.143145
0.050845
-0.046510
-0.134150
-0.005528
-0.036774
0.042185
0.034939
-0.059837
-0.031326
0.085785
0.161313
0.054359
0.286689
0.052542
0.228845
0.099308
0.051534
0.035438
0.025116
0.054579
0.143010
-0.032172
-0.106076
-0.031366
-0.040339
0.067113
-0.095223
0.120214
0.067263
0.023079
0.092278
-0.121063
0.090057
0.160399
0.114684
-0.047620
-0.148207
0.011465
0.117323
0.034094
0.161253
-0.040312
-0.035526
0.145396
0.103218
-0.045104
0.064385
0.072070
0.124707
-0.025708
0.088213
-0.064168
-0.275743
0.044276
0.039613
-0.042660
0.173485
0.078394
0.050073
-0.220259
-0.169945
-0.021939
-0.047562
0.062891
-0.006080
-0.025220
0.132040
0.122737
-0.054141
-0.117230
-0.115340
0.048114
0.141586
-0.026493
-0.069380
-0.102965
-0.044822
-0.148999
-0.033444
0.068519
0.058419
0.215813
0.063283
-0.053140
-0.074818
-0.035317
-0.061767
0.009146
-0.033109
0.062671
0.151367
-0.146314
0.172869
-0.047570
-0.017179
0.129453
0.058364
-0.055332
-0.036801
-0.071946
-0.003390
-0.030597
-0.090043
0.059376
0.033650
0.076533
-0.021938
0.105899
-0.116905
-0.118069
-0.131254
-0.091547
-0.087462
-0.067430
0.056750
-0.137478
-0.049368
0.138407
0.022214
0.013842
0.062981
0.100362
0.024308
-0.160889
0.070931
0.004961
0.102683
-0.190465
0.045570
0.192492
0.085187
0.046066
-0.069777
0.118717
0.020569
-0.092370
0.117073
-0.187410
-0.012907
-0.010697
0.218426
-0.071359
-0.026049
-0.125412
