# 参数名称：backbone.features.4.conv.1.running_var
# 参数形状：(144,)
# 参数数据类型：float32
# 参数值（保留6位小数）：
1.736279
1.641046
1.426499
0.794395
0.775672
2.467742
1.080284
0.675066
0.632284
0.860258
0.587008
0.607982
0.530958
0.533397
0.483058
1.126608
0.369465
0.370909
0.987966
0.962831
0.672348
2.146579
0.392285
2.077655
0.863311
0.534433
0.372508
1.299923
0.248612
1.037536
1.298303
0.763407
0.747542
1.773825
0.585360
0.463166
0.578872
1.307955
0.584499
0.664807
0.862598
0.649598
1.312580
0.824935
1.395510
0.388142
0.877356
0.503664
1.068434
0.896661
0.700730
1.070869
0.970981
1.083434
0.294702
0.655024
1.649390
0.534590
0.544524
1.501287
1.020281
0.616650
0.406441
0.691583
0.396868
0.464369
0.509231
0.555498
0.348774
0.847685
0.475510
0.617449
1.054245
0.534445
0.785015
1.405146
1.025098
1.007883
1.163393
0.371704
0.966634
0.762159
1.172114
1.206859
0.562386
0.335415
1.427465
0.394964
0.255624
0.942191
0.426898
0.488507
0.587524
1.403944
0.413147
0.794306
0.941624
0.640760
0.839609
0.216213
1.212672
0.386828
0.921601
0.919696
1.094875
0.497044
0.743360
1.485851
0.635283
0.599171
0.295926
0.988080
0.801255
0.232585
1.126563
0.685967
0.874068
1.234613
0.548149
0.716901
1.174416
0.248481
0.616213
0.365960
0.712940
0.570709
1.327060
0.259239
0.776447
1.197183
0.711345
0.373446
1.074649
0.600995
0.540481
0.633460
1.249345
0.351579
0.883743
0.584116
1.238077
0.629987
0.820697
0.273332
