# 参数名称：backbone.features.12.conv.4.running_mean
# 参数形状：(576,)
# 参数数据类型：float32
# 参数值（保留6位小数）：
0.020498
0.001388
0.004810
0.042804
0.012316
0.018509
0.017976
0.011862
0.022565
0.018097
-0.026066
0.014452
0.028964
-0.003209
-0.006104
0.031996
-0.015589
-0.004301
0.015245
-0.015866
-0.011802
0.008391
-0.020729
0.007242
-0.032054
-0.006919
0.022645
0.016967
-0.017486
0.004379
-0.020933
-0.028464
0.021541
-0.053036
0.005850
0.001430
0.026533
0.021234
-0.019672
0.016000
0.018295
0.003783
0.017914
0.010759
-0.032277
0.007065
-0.008334
0.035123
-0.012468
-0.005469
0.003237
-0.016389
-0.011563
-0.041993
-0.038004
-0.008223
0.000833
0.021154
-0.016177
0.038019
0.010574
-0.031860
0.007670
0.023198
-0.001118
0.016183
0.031966
-0.026769
-0.012071
0.009903
-0.022215
0.007820
0.004983
-0.037095
-0.026883
-0.021485
0.001839
0.038700
-0.019892
0.005972
0.019993
-0.002810
-0.000218
-0.003414
-0.014004
-0.022286
0.023366
0.010066
0.018247
-0.019021
-0.040028
0.025638
-0.010698
-0.012379
-0.035500
0.000074
0.014508
-0.011232
-0.024058
0.004389
0.006459
-0.002117
0.031587
0.037143
0.008666
0.004496
0.008922
0.031361
-0.018601
-0.026989
-0.032543
-0.014250
0.021365
0.011772
0.007239
-0.009436
-0.014886
0.029733
0.017648
-0.005755
-0.026398
-0.012195
-0.020909
0.016938
0.013388
0.007563
0.000558
0.033302
0.019270
0.009981
-0.026391
0.013085
0.014709
-0.015937
-0.031229
0.023589
-0.002780
0.014020
0.023415
0.006427
-0.036449
-0.010165
0.003523
-0.003801
0.035974
0.011722
0.015272
0.029582
-0.005712
0.004188
0.006824
0.020560
0.028493
0.000532
0.014242
0.006170
0.005270
-0.007497
0.001829
-0.017060
-0.022389
-0.002623
-0.037170
-0.020116
0.030714
-0.014196
0.031742
0.009425
0.001044
0.027812
-0.015510
-0.042870
-0.018418
-0.001035
0.013989
-0.000152
0.009414
-0.013458
0.030055
-0.004150
-0.007127
0.026892
-0.008693
0.021048
-0.025889
0.024826
0.011363
0.002789
0.015220
0.023374
-0.029685
-0.016681
0.011587
-0.023063
-0.010276
0.016767
-0.013763
-0.030831
0.001743
0.000253
0.020251
0.003928
0.031704
-0.007075
0.021679
0.002365
0.036459
-0.024634
-0.040840
0.020812
0.003247
0.032542
-0.013777
0.011071
0.019988
0.013628
-0.007462
-0.024746
0.008541
0.042534
0.022390
0.028423
-0.008572
0.005045
0.022435
-0.006636
-0.005381
0.005116
0.002692
-0.014520
-0.033828
-0.018206
-0.023437
-0.029879
-0.008124
0.003013
-0.002912
0.041307
0.011267
-0.001943
-0.007414
0.002639
0.028274
-0.008945
0.013803
0.021387
-0.027844
0.007557
-0.005760
-0.024681
0.021565
-0.022350
0.005683
0.027666
0.003036
-0.003865
0.003368
0.026171
-0.010022
-0.001669
-0.043372
0.009777
0.013648
0.017656
0.001527
0.029951
-0.001156
-0.005722
0.058598
0.013694
0.017391
0.022041
0.005695
0.026650
-0.013686
-0.028810
-0.017468
-0.000608
0.005122
0.012698
0.030333
0.016535
-0.016568
-0.000736
0.001510
0.024207
-0.042324
-0.038940
-0.016768
0.007078
0.026806
-0.005663
0.016982
0.027811
-0.032754
0.044095
0.010459
0.020624
0.016143
0.000897
0.008405
0.035004
0.017882
-0.009546
-0.026849
-0.000739
-0.023817
-0.020333
0.015992
0.010992
-0.014579
-0.007447
0.007595
0.005315
-0.010919
-0.023413
-0.006277
-0.024685
0.023491
0.025204
0.016666
0.020428
-0.023782
-0.029524
-0.006591
0.010429
0.008837
0.019207
-0.026298
-0.000283
0.028449
0.007308
-0.009406
0.005494
-0.008662
0.024239
-0.004756
-0.043063
0.008367
0.025390
-0.004548
0.004790
0.019551
-0.008749
-0.006840
-0.009704
0.018506
-0.000135
-0.005741
0.021034
0.033669
-0.020868
0.022147
-0.017476
-0.018429
0.020636
-0.002581
-0.019816
0.001698
0.019037
0.018759
-0.009198
-0.026321
0.007714
0.033566
-0.015539
-0.023576
0.011346
-0.022859
-0.002520
-0.002270
0.035985
0.002802
-0.053473
0.021328
0.010351
0.011275
-0.042087
0.007464
-0.035932
0.001196
-0.005565
0.000042
-0.013590
0.018614
-0.024601
0.041583
-0.019988
-0.012012
-0.003642
-0.004172
0.016921
-0.035101
0.030741
-0.022478
0.016048
-0.018568
-0.032326
0.004893
0.013166
0.013056
-0.014067
-0.002654
-0.021316
0.019389
-0.005646
-0.026484
0.037333
0.015257
0.021171
0.021359
-0.005089
-0.005354
0.001717
0.038327
-0.000377
0.014777
0.020110
-0.018626
-0.003336
-0.019608
0.004247
0.016070
-0.012875
-0.005864
-0.003004
0.005966
0.022659
0.018999
0.009794
-0.016108
0.028406
0.024725
-0.000574
-0.000051
0.006590
-0.049959
-0.004535
-0.017383
-0.004192
-0.011209
0.014352
-0.023479
0.017638
-0.013008
0.002150
0.003846
0.018843
0.019162
-0.000942
-0.007274
-0.013650
-0.039747
0.057354
0.018928
0.023156
0.026693
0.027825
-0.001368
0.001414
0.026271
-0.014287
0.029610
0.006386
-0.004034
-0.001949
-0.020085
0.025994
0.014191
-0.009942
-0.011400
0.013861
0.030864
0.028539
-0.006858
0.013461
-0.023077
-0.008917
0.005986
0.025885
-0.036146
0.006700
-0.009045
-0.010622
0.004082
0.024748
0.028280
0.010401
-0.018064
0.027718
-0.007057
0.023281
0.019336
-0.020701
0.007066
-0.038272
-0.025510
0.007350
-0.003248
0.003087
0.011341
-0.003814
0.045880
0.024073
-0.006260
0.015469
-0.001260
-0.014226
-0.027087
-0.005778
-0.020620
-0.015400
0.012803
-0.031652
0.013072
0.007276
0.014969
0.038169
-0.016382
0.024650
0.010488
-0.013334
-0.024252
0.045027
0.011533
0.009068
-0.009477
0.018906
-0.028404
-0.008118
-0.007647
-0.016790
0.002430
0.040417
0.010804
0.021105
-0.033079
-0.011512
-0.027004
0.003227
0.031575
-0.000749
-0.011120
0.002121
-0.025330
0.018203
-0.008332
-0.002836
-0.010895
0.018078
-0.031634
-0.020259
-0.020890
0.010629
-0.004525
0.004459
-0.026938
0.024994
0.023379
-0.020685
-0.021260
-0.013002
0.000444
0.020481
0.015171
0.013787
0.018738
-0.016840
-0.029129
-0.007636
-0.012132
0.018809
-0.004904
0.004776
0.009644
0.012755
