# 参数名称：backbone.features.17.conv.4.running_mean
# 参数形状：(960,)
# 参数数据类型：float32
# 参数值（保留6位小数）：
0.014693
0.008130
0.018904
0.001859
-0.016793
-0.000353
0.008479
-0.002723
-0.002399
0.018694
-0.000916
0.019272
-0.020778
0.019877
0.013640
-0.018684
-0.015795
-0.007634
-0.020852
-0.004947
0.002690
-0.016346
-0.009595
-0.012247
-0.014509
0.002730
-0.003028
-0.000382
0.009624
-0.002277
0.020509
-0.002098
-0.004253
0.012444
0.003767
0.003875
-0.026340
0.016808
0.008791
0.002729
-0.006175
-0.023954
-0.010923
-0.001018
0.008442
0.013045
0.016163
-0.007704
0.015237
0.013578
0.010476
0.009042
-0.014247
0.022517
-0.006335
-0.013739
-0.013940
-0.002728
0.006110
-0.005729
0.025435
0.014737
-0.004758
0.018026
0.008057
0.013620
0.026772
-0.005357
0.001385
0.015722
0.000816
0.008085
0.015339
0.006303
0.008218
-0.009754
-0.011916
0.006335
0.003289
-0.007601
0.002937
-0.015407
0.009484
-0.009056
0.014976
0.014271
0.018164
-0.001278
0.009567
-0.005901
0.025876
0.004111
-0.009675
-0.006818
-0.000888
-0.011171
0.006812
0.019386
0.008181
-0.002759
0.003214
-0.007230
0.004051
-0.025741
0.002147
-0.004095
0.014385
-0.024168
-0.006363
0.020791
0.008338
-0.020338
0.000932
-0.022156
0.008573
-0.004331
0.008380
0.019386
0.008220
0.006141
-0.002655
0.016831
-0.035562
0.009368
0.019509
0.013637
0.017027
-0.010502
0.005410
0.021850
-0.015870
-0.006744
0.001377
0.027086
0.016285
-0.008931
0.004214
0.013851
-0.001816
0.014417
0.006335
-0.003027
0.013523
0.017499
-0.004795
-0.000299
0.003242
0.020300
0.002854
-0.009326
0.008964
-0.002040
-0.013753
-0.003238
0.014043
-0.031158
-0.000587
0.016643
0.007184
0.010389
0.013671
0.003830
0.018286
0.009360
-0.019870
0.016653
0.009190
0.016895
-0.004608
0.004318
-0.000002
0.030254
-0.008718
0.004508
-0.024120
0.004488
0.000758
-0.018872
0.001180
0.004527
0.013748
-0.013189
-0.010739
0.017800
-0.016130
0.003142
-0.009318
-0.003713
-0.012123
-0.003011
0.006334
0.012651
-0.013599
0.030400
-0.015220
0.004194
-0.009597
-0.006789
-0.001585
-0.006867
-0.010645
0.003068
-0.005296
-0.018929
-0.014000
0.011890
0.005378
-0.001286
-0.004349
0.002490
-0.004072
-0.006243
0.010515
0.006102
-0.000330
-0.002086
0.017489
-0.023159
0.004862
-0.022014
-0.020974
-0.022142
-0.008939
0.002935
-0.003210
-0.016772
0.005730
-0.024415
-0.013466
0.011017
-0.010433
0.001665
0.012393
0.007412
-0.011112
0.010457
0.015902
-0.003264
-0.021064
0.006563
0.005924
-0.001749
0.000524
0.015400
-0.001774
-0.007482
0.008142
-0.009589
0.002804
0.011111
0.017245
-0.007788
0.007087
0.000679
0.014853
-0.009012
0.004386
-0.012975
0.024708
-0.023931
-0.015422
-0.023242
-0.001782
0.009045
-0.004803
-0.019152
-0.014183
-0.023389
-0.008687
-0.005192
0.008912
-0.011331
0.002917
0.013298
-0.003553
-0.005440
0.006924
0.000031
0.013420
0.007741
0.001686
0.000179
-0.004700
0.004726
0.011007
-0.000671
0.007664
0.005131
-0.004863
0.028997
-0.006358
-0.004800
0.007149
0.003554
-0.003136
0.030824
-0.033799
0.017695
0.000465
0.010120
-0.007499
0.013456
0.003780
0.003646
0.018310
0.012049
0.020260
0.030648
0.005450
0.006521
0.001349
0.000387
0.005825
0.002835
-0.007489
-0.017331
0.003929
-0.000289
-0.003991
0.007738
-0.006127
0.024906
-0.006468
0.000715
-0.006397
-0.006185
0.005368
0.023974
-0.001862
0.015509
0.012874
0.029867
0.007431
0.020960
0.004036
0.015047
-0.004732
-0.009517
0.004279
-0.016282
0.000246
-0.005561
-0.007071
0.003244
-0.010196
-0.022749
0.013580
0.019748
0.004546
0.004007
0.005733
0.021075
0.006576
0.011849
0.014506
0.010376
-0.006403
0.005764
-0.010110
0.002513
-0.003635
-0.008142
-0.002474
-0.012290
-0.019500
-0.008201
0.025263
0.004247
0.018239
0.005425
0.002500
-0.022706
-0.004143
0.019629
0.033724
-0.003693
0.004821
-0.001426
-0.008129
0.000598
0.009968
-0.007976
0.016107
0.003103
0.017726
0.008600
-0.008305
0.016648
-0.007270
-0.005319
0.014346
0.018337
0.009422
-0.009928
-0.017648
0.011873
-0.006631
0.019297
-0.002024
-0.000288
-0.003583
-0.001275
0.007930
-0.019324
0.009268
0.004529
-0.019536
0.035142
-0.006684
-0.023930
-0.005303
-0.000973
-0.019078
0.023883
0.003211
0.015684
-0.029869
-0.000017
0.003418
-0.012345
0.003142
0.003134
-0.006703
0.001074
0.014650
0.010178
-0.006781
-0.011261
-0.001102
0.005899
0.004240
-0.006583
0.023004
0.000707
0.002521
0.007950
-0.017884
-0.014023
-0.011399
-0.004039
-0.002572
-0.009144
-0.023701
0.016457
0.007797
0.008725
-0.003389
0.009189
0.006521
0.013357
-0.013164
-0.017258
0.019053
0.008002
-0.019366
0.006000
0.010971
0.013000
0.011624
0.008120
-0.000035
0.018211
0.009962
0.019986
0.003672
-0.012126
-0.000593
0.004217
-0.011988
0.021778
0.014288
-0.003320
0.021152
-0.004097
0.001510
0.011439
-0.009005
0.009601
0.011928
0.008261
0.000335
-0.022368
-0.010228
-0.003539
0.007216
0.005178
-0.000458
0.008237
0.001946
0.030945
0.026561
-0.014009
0.002428
0.023519
0.009372
-0.005559
-0.022896
0.001286
-0.014551
-0.010883
0.020119
0.010487
-0.001484
-0.015703
0.012700
0.002981
0.002289
-0.027984
0.000038
-0.004200
0.009927
0.008643
-0.016986
0.006401
0.021210
0.011545
-0.003693
-0.032730
-0.025416
0.016149
0.007875
0.008965
-0.004686
0.005201
-0.003030
-0.025725
0.003423
0.034524
0.008101
-0.038256
-0.005094
0.015145
-0.001410
-0.016589
-0.022163
0.010222
-0.000958
-0.019364
0.010754
-0.024007
-0.011650
0.026546
-0.018751
0.013624
-0.004219
0.011640
-0.010315
-0.008660
-0.007043
-0.012641
-0.000164
-0.003049
0.010331
0.009053
0.012904
0.003295
0.020257
0.031533
-0.001281
0.000964
-0.008906
-0.006982
0.002255
-0.014037
-0.016287
0.008658
-0.017888
0.000228
-0.016569
0.016093
-0.014816
-0.022554
0.006777
-0.032836
0.015064
-0.005251
-0.006054
0.002619
-0.008300
0.011985
-0.015611
-0.008698
0.005245
-0.005291
-0.000949
0.007164
0.015351
0.021766
-0.016117
0.007248
0.009025
0.019548
0.011083
-0.014239
-0.005831
-0.005134
-0.001175
0.002437
-0.007998
0.006427
0.010114
0.019656
-0.007581
0.003614
0.022968
-0.005582
0.006629
0.018053
-0.012262
-0.021768
0.012477
-0.016288
0.001971
0.009848
-0.005750
0.000916
-0.002091
0.010816
-0.026122
0.015048
0.022934
0.010832
0.011774
-0.029469
0.020135
-0.008071
0.016615
0.010928
0.032989
-0.024683
0.014996
0.000324
0.015014
0.000021
-0.018383
0.013623
0.023596
0.011197
0.008624
-0.006734
0.015861
-0.013299
0.024206
0.002966
-0.004703
-0.002926
0.019069
-0.004627
0.013436
0.023774
-0.018963
0.011161
-0.007716
0.016119
-0.004848
0.014562
-0.010170
0.015986
0.000124
-0.017727
-0.000211
-0.008495
-0.005489
-0.009534
0.012998
0.014351
0.001089
-0.007739
0.041418
0.003474
-0.026482
0.006944
-0.014673
0.000031
-0.005904
-0.017070
0.010469
0.005992
-0.002800
0.003531
0.008451
-0.011149
0.008337
0.008417
0.013604
0.008039
0.000263
-0.007070
0.013631
-0.012068
-0.025194
0.004907
0.024233
0.002448
-0.023493
-0.004535
0.010595
-0.006493
0.003838
0.009385
-0.013961
-0.005462
-0.013586
0.024066
0.011118
-0.009733
0.013773
0.017925
-0.005420
0.008429
0.019736
0.016171
0.011138
0.003159
-0.014624
0.018990
-0.005284
-0.015041
0.000084
-0.008722
-0.000991
0.010671
0.004780
0.015343
-0.008940
0.015423
-0.009820
0.025527
0.006687
0.024651
0.022677
-0.006386
0.009378
0.002833
-0.003841
0.002596
0.006678
0.016061
0.003988
-0.008662
-0.000272
0.018782
-0.006508
0.011574
-0.006780
-0.005858
0.006800
0.010654
0.011462
-0.004604
-0.021912
0.015011
0.007748
0.011062
-0.006425
0.002220
-0.014916
0.002842
-0.003808
0.006892
0.005315
0.007759
-0.002045
-0.009695
-0.015847
-0.002103
0.002770
-0.016792
-0.009396
-0.007219
-0.022325
-0.017828
-0.005466
-0.015143
-0.006907
0.006281
0.005229
-0.009591
0.000629
0.000121
-0.012064
0.001013
0.004133
-0.021052
-0.020224
0.002073
0.003503
-0.014051
-0.025080
-0.014280
-0.014440
0.008533
0.004180
0.013650
0.008458
-0.019603
0.007870
0.007747
0.021671
-0.000021
0.007198
0.005426
-0.012846
-0.016568
0.004071
-0.029159
-0.012470
0.020430
0.012882
-0.021216
0.006795
-0.004947
0.003487
0.012083
0.010290
-0.000069
0.006557
0.020600
0.005033
-0.024950
-0.002903
-0.000676
-0.014645
0.011626
0.007529
0.003557
-0.002086
0.012214
0.015267
-0.011056
-0.006471
-0.008090
0.007491
0.004914
-0.009524
0.001301
0.018846
-0.014663
0.005811
0.010058
-0.004626
-0.003388
0.014306
-0.010608
0.025569
-0.010404
0.025847
-0.026157
0.010303
0.007291
0.001421
0.000346
-0.022817
0.022518
0.004010
0.023845
-0.001023
-0.006967
0.011875
0.004293
0.016280
0.014236
0.012476
-0.001847
-0.010925
-0.005411
-0.001262
0.009950
0.009567
-0.005378
0.012961
-0.003099
0.002256
0.007882
-0.002586
0.000774
0.014335
0.010362
-0.009355
0.004550
-0.032001
-0.011831
-0.008784
0.006156
0.016748
-0.013214
0.023215
-0.020833
0.022897
0.021819
0.011892
-0.003309
-0.026019
0.018945
-0.013187
-0.004230
0.036742
-0.032542
-0.015539
0.003168
-0.011321
0.006597
0.029006
-0.016447
0.028189
0.004764
-0.021224
0.003751
0.010737
0.017770
0.021625
0.006490
0.014766
0.002989
0.007466
-0.004048
0.007940
0.005428
0.009867
0.008864
-0.016940
0.003458
0.011039
-0.017648
-0.001815
0.008690
0.002258
0.003588
-0.007698
-0.002686
-0.001573
0.006949
0.005781
0.003138
0.009830
0.008957
0.001096
0.009252
0.000430
0.002718
0.004935
-0.006115
0.019565
-0.020938
-0.003289
0.013496
-0.001532
-0.000904
0.024885
-0.001744
0.000362
0.028692
-0.004504
0.018947
0.008118
0.017789
0.001304
0.008486
-0.005532
0.013116
