# 参数名称：backbone.features.17.conv.4.weight
# 参数形状：(960,)
# 参数数据类型：float32
# 参数值（保留6位小数）：
0.958852
0.921775
0.928592
0.919169
0.904988
0.941437
0.933176
0.915316
0.919694
0.940263
0.957688
0.953634
0.892420
0.949378
0.959993
0.910826
0.893757
0.889416
0.929784
0.920961
0.917602
0.919505
0.913196
0.910617
0.898388
0.940677
0.906323
0.921373
0.955698
0.929532
0.921684
0.962984
0.920973
0.942863
0.944504
0.965777
0.909514
0.935883
0.930267
0.920386
0.916290
0.902746
0.927845
0.916549
0.958123
0.923534
0.938213
0.922169
0.958747
0.937903
0.939550
0.946784
0.903439
0.946268
0.910421
0.906167
0.910586
0.902228
0.936641
0.918324
0.939531
0.932318
0.934267
0.947480
0.928033
0.948752
0.947573
0.934316
0.952767
0.959120
0.937750
0.928682
0.959794
0.950187
0.958212
0.898430
0.894022
0.923434
0.925961
0.915897
0.937538
0.900114
0.934470
0.902984
0.944412
0.947367
0.942457
0.918583
0.963775
0.910936
0.937484
0.919351
0.907079
0.925083
0.947352
0.880503
0.930003
0.946828
0.937828
0.931304
0.926337
0.929328
0.924149
0.897107
0.945761
0.892726
0.920494
0.944436
0.902682
0.949581
0.951034
0.908850
0.929126
0.903204
0.943018
0.925609
0.929703
0.943737
0.939696
0.961340
0.935253
0.958128
0.916637
0.941173
0.950365
0.932159
0.957656
0.914662
0.925118
0.960094
0.916330
0.908766
0.942021
0.931594
0.925513
0.915448
0.933065
0.939612
0.927274
0.928990
0.946593
0.903819
0.943659
0.928004
0.927980
0.926283
0.932197
0.945691
0.946754
0.907239
0.924603
0.931593
0.904078
0.903675
0.932902
0.899294
0.922595
0.939052
0.946476
0.933324
0.968238
0.943741
0.959489
0.939071
0.897668
0.951609
0.943977
0.942987
0.903353
0.962808
0.928967
0.963810
0.909769
0.948608
0.913451
0.953255
0.934862
0.931438
0.929976
0.918693
0.964665
0.899355
0.924022
0.919822
0.925174
0.916033
0.907293
0.926385
0.913471
0.915419
0.944219
0.954060
0.886449
0.946281
0.910756
0.928668
0.888464
0.910900
0.925610
0.914915
0.950753
0.929688
0.916202
0.909746
0.897976
0.939710
0.928210
0.932935
0.921481
0.940908
0.941974
0.915068
0.944552
0.929895
0.941536
0.931734
0.958882
0.920847
0.926781
0.928776
0.911220
0.920246
0.911500
0.934065
0.917851
0.922578
0.926509
0.898913
0.919564
0.956773
0.936872
0.935311
0.951666
0.960828
0.921203
0.929019
0.952125
0.916636
0.915741
0.923849
0.931288
0.928922
0.943678
0.926451
0.910992
0.912123
0.952090
0.926691
0.918834
0.943401
0.971431
0.908316
0.917479
0.943596
0.948059
0.908354
0.919181
0.893315
0.968395
0.913568
0.918357
0.892124
0.906640
0.954102
0.913276
0.927330
0.895967
0.897404
0.922268
0.893227
0.929875
0.890314
0.932167
0.941840
0.945781
0.917851
0.917244
0.917371
0.936482
0.960418
0.915123
0.921984
0.924157
0.928742
0.946585
0.912842
0.956422
0.929269
0.918907
0.961277
0.907951
0.917205
0.936798
0.941112
0.902382
0.969217
0.914309
0.937846
0.932204
0.930889
0.916277
0.961205
0.946805
0.941491
0.930996
0.956540
0.947090
0.945918
0.916668
0.938265
0.929421
0.923950
0.938393
0.935621
0.917289
0.902829
0.928129
0.952213
0.913689
0.939200
0.921027
0.959487
0.905489
0.915128
0.908261
0.934760
0.927735
0.962002
0.913387
0.945457
0.967697
0.949864
0.942024
0.945187
0.942789
0.935112
0.913280
0.920688
0.955008
0.900939
0.910132
0.944998
0.934038
0.961976
0.937388
0.904008
0.937537
0.931166
0.935802
0.949099
0.941808
0.958428
0.919109
0.921984
0.952021
0.943110
0.914027
0.954639
0.895578
0.929695
0.934265
0.918802
0.935268
0.907871
0.907493
0.906320
0.925999
0.919260
0.919844
0.944330
0.949539
0.938951
0.937562
0.930594
0.942871
0.924321
0.954876
0.927388
0.920719
0.922140
0.938913
0.921435
0.946087
0.923226
0.935681
0.943096
0.912495
0.922761
0.956115
0.907846
0.930434
0.940264
0.930854
0.908529
0.881956
0.955178
0.897881
0.955981
0.923271
0.939400
0.918553
0.911118
0.949074
0.907812
0.939098
0.941404
0.914530
0.957208
0.913725
0.920146
0.908816
0.931288
0.903616
0.964776
0.935180
0.937017
0.909787
0.934656
0.926567
0.919204
0.935973
0.928277
0.925422
0.927917
0.952664
0.935688
0.912251
0.904191
0.960718
0.916861
0.927060
0.912475
0.941127
0.951221
0.938869
0.950349
0.898124
0.904731
0.906420
0.929179
0.908463
0.912337
0.903746
0.945157
0.927245
0.958957
0.917662
0.960126
0.951402
0.947702
0.906914
0.909277
0.945862
0.935848
0.907098
0.946971
0.948512
0.940051
0.933187
0.930024
0.939781
0.946091
0.936206
0.963351
0.949405
0.897932
0.944624
0.938683
0.914016
0.952106
0.934939
0.913881
0.952732
0.928847
0.961628
0.938756
0.904183
0.929159
0.952891
0.943883
0.937243
0.915415
0.905473
0.940325
0.929453
0.925815
0.929012
0.948169
0.927811
0.954716
0.966039
0.919552
0.923634
0.958142
0.937395
0.921398
0.914246
0.924796
0.924529
0.902992
0.943289
0.945926
0.919496
0.901208
0.940249
0.918006
0.925911
0.890638
0.958500
0.921085
0.941553
0.933989
0.919976
0.944707
0.938295
0.938121
0.935171
0.935202
0.914630
0.936180
0.971852
0.943756
0.925084
0.915837
0.941532
0.906062
0.938173
0.945336
0.932346
0.916347
0.900895
0.925469
0.917642
0.902931
0.924580
0.943307
0.954002
0.886461
0.948274
0.915263
0.893299
0.940999
0.914822
0.942001
0.903678
0.954433
0.882747
0.912878
0.896806
0.930884
0.926398
0.938109
0.955251
0.955762
0.929392
0.920831
0.937824
0.946082
0.919591
0.922528
0.904458
0.911541
0.932671
0.912811
0.889879
0.967542
0.892239
0.946134
0.895817
0.922992
0.892966
0.900128
0.932326
0.924432
0.936873
0.921959
0.883310
0.924512
0.913391
0.937388
0.880675
0.909238
0.943702
0.920084
0.922455
0.943438
0.907436
0.928346
0.887675
0.945494
0.923232
0.924352
0.922266
0.904884
0.920453
0.912035
0.931202
0.959396
0.915419
0.951261
0.944962
0.949081
0.923849
0.945153
0.929556
0.914640
0.955729
0.937484
0.915060
0.957106
0.935059
0.904335
0.936517
0.934916
0.940883
0.953867
0.916674
0.962644
0.925253
0.944000
0.951138
0.953292
0.934512
0.884877
0.943651
0.937085
0.951454
0.959088
0.969429
0.889039
0.931789
0.932575
0.961634
0.934434
0.922554
0.960849
0.968191
0.927942
0.947177
0.903718
0.966450
0.896263
0.939974
0.940532
0.890402
0.912494
0.948867
0.931522
0.958567
0.953655
0.906546
0.950644
0.926941
0.953043
0.943101
0.955603
0.945056
0.928561
0.961270
0.891489
0.939278
0.911906
0.912377
0.900346
0.923023
0.943784
0.930054
0.916950
0.947579
0.944768
0.892980
0.940405
0.915624
0.945736
0.904022
0.900544
0.970601
0.951135
0.917920
0.945964
0.930313
0.903578
0.946448
0.951117
0.940913
0.944185
0.935139
0.907679
0.950384
0.899976
0.890029
0.946631
0.963562
0.956422
0.916291
0.914354
0.938840
0.918929
0.930673
0.926437
0.908359
0.921820
0.899567
0.945359
0.946213
0.958902
0.932366
0.922407
0.934768
0.960486
0.922901
0.941667
0.929988
0.942447
0.897584
0.949460
0.922061
0.886789
0.939377
0.900809
0.927933
0.937503
0.931502
0.954772
0.899245
0.953012
0.915473
0.960707
0.927069
0.951202
0.942015
0.909143
0.935799
0.934380
0.916740
0.928197
0.949870
0.936603
0.936853
0.889602
0.938187
0.956203
0.926054
0.961857
0.925303
0.904303
0.929716
0.943765
0.950176
0.937345
0.916648
0.951462
0.950155
0.947968
0.912390
0.953384
0.898923
0.922962
0.926681
0.944047
0.947300
0.954060
0.913075
0.899770
0.910449
0.931542
0.925842
0.931834
0.909736
0.942965
0.906575
0.891345
0.899671
0.903701
0.914618
0.953389
0.931664
0.898017
0.932444
0.951445
0.904991
0.932541
0.935061
0.884288
0.924928
0.929773
0.928747
0.909972
0.924080
0.904829
0.902533
0.946686
0.936961
0.939528
0.929490
0.921382
0.934454
0.939910
0.973855
0.960004
0.935622
0.937677
0.910566
0.891952
0.947935
0.931045
0.914926
0.957923
0.960421
0.899999
0.941708
0.922097
0.942667
0.931202
0.940137
0.949116
0.962469
0.953839
0.948764
0.919043
0.931823
0.942576
0.903191
0.941557
0.955190
0.941466
0.937111
0.954044
0.944639
0.900717
0.923692
0.927235
0.944451
0.955559
0.911171
0.945677
0.950332
0.899986
0.953961
0.945298
0.927887
0.920865
0.955890
0.941983
0.959525
0.922283
0.960662
0.921240
0.950368
0.951088
0.921074
0.925837
0.900604
0.927523
0.940907
0.938510
0.937767
0.915839
0.947319
0.944349
0.936547
0.934004
0.955185
0.924827
0.922440
0.915302
0.938069
0.924861
0.929550
0.921448
0.933032
0.925644
0.929837
0.931595
0.933124
0.927420
0.953728
0.929395
0.893997
0.924940
0.889805
0.898162
0.929019
0.959630
0.944753
0.913533
0.949080
0.888788
0.955348
0.966895
0.947831
0.904247
0.912186
0.945879
0.899994
0.924523
0.926921
0.912789
0.893484
0.925702
0.913997
0.931560
0.942872
0.891287
0.959163
0.937286
0.937023
0.923571
0.956762
0.929698
0.941632
0.929882
0.939108
0.938104
0.947589
0.902165
0.929545
0.945708
0.946568
0.964132
0.909898
0.940701
0.945399
0.907446
0.944176
0.953961
0.930907
0.949671
0.884347
0.925252
0.913664
0.937023
0.938181
0.946089
0.937393
0.937292
0.928847
0.954746
0.934923
0.923558
0.938770
0.883034
0.917669
0.922975
0.923632
0.934204
0.938254
0.941634
0.930056
0.921719
0.933014
0.966133
0.941746
0.951612
0.945336
0.931541
0.915665
0.947420
0.917424
0.962840
