# 参数名称：backbone.features.14.conv.4.weight
# 参数形状：(576,)
# 参数数据类型：float32
# 参数值（保留6位小数）：
0.938861
0.962278
0.949058
0.951144
0.947600
0.977214
0.961311
0.959520
0.948589
0.970400
0.957377
0.947445
0.925733
0.961453
0.965381
0.974097
0.938945
0.966668
0.963658
0.958126
0.955032
0.947628
0.960462
0.963300
0.938521
0.953055
0.953335
0.969739
0.941985
0.954036
0.950279
0.920373
0.966952
0.954339
0.953499
0.933967
0.950811
0.971906
0.969175
0.968402
0.939861
0.925236
0.954998
0.966627
0.949109
0.938698
0.926268
0.971535
0.935052
0.948797
0.965888
0.953392
0.951298
0.929592
0.974292
0.929327
0.941978
0.916367
0.931420
0.963398
0.965057
0.964773
0.952770
0.952190
0.936312
0.950775
0.939697
0.941727
0.925337
0.936066
0.965530
0.964619
0.950043
0.967908
0.941196
0.936305
0.932486
0.961198
0.961366
0.965225
0.914200
0.943059
0.929990
0.952720
0.940536
0.962067
0.945480
0.946250
0.961148
0.965599
0.926925
0.937199
0.949488
0.946255
0.937160
0.947114
0.966166
0.926322
0.956489
0.919962
0.949026
0.928727
0.960848
0.973884
0.973273
0.974725
0.951627
0.938488
0.942806
0.926966
0.963604
0.971222
0.932367
0.953420
0.947763
0.958456
0.931541
0.964070
0.953929
0.935317
0.958894
0.972620
0.943394
0.949148
0.954458
0.918647
0.960152
0.933499
0.922674
0.942166
0.959886
0.974535
0.954968
0.927376
0.956275
0.985447
0.937158
0.938541
0.939000
0.974131
0.954303
0.963958
0.938901
0.952954
0.965800
0.951748
0.962025
0.930507
0.977121
0.943483
0.975093
0.929240
0.975346
0.963803
0.933548
0.932568
0.925933
0.938112
0.958642
0.948690
0.965021
0.948846
0.963797
0.961248
0.953897
0.962575
0.967968
0.926297
0.948341
0.961231
0.956284
0.934314
0.938526
0.964604
0.928038
0.974549
0.964257
0.962910
0.942809
0.968274
0.961307
0.961887
0.930886
0.967114
0.940910
0.971207
0.941784
0.940266
0.948596
0.943802
0.971537
0.954830
0.953663
0.920959
0.955831
0.979071
0.968109
0.916586
0.935937
0.964371
0.955178
0.963172
0.969760
0.939482
0.967339
0.965996
0.954122
0.950756
0.920499
0.925431
0.976330
0.938104
0.946866
0.968986
0.944528
0.947704
0.934371
0.958609
0.941156
0.929972
0.970488
0.925305
0.971204
0.970568
0.954823
0.949768
0.964857
0.967457
0.962671
0.961535
0.962379
0.964060
0.930099
0.956245
0.968443
0.964635
0.975362
0.947759
0.970556
0.950493
0.925971
0.960318
0.924669
0.944253
0.957981
0.967944
0.979347
0.976744
0.943276
0.959005
0.951437
0.940232
0.953068
0.951609
0.937642
0.962902
0.967244
0.961278
0.959205
0.957157
0.971987
0.971165
0.944774
0.918919
0.958930
0.951241
0.974732
0.967796
0.932364
0.976237
0.924098
0.939023
0.935855
0.949964
0.962784
0.916535
0.941768
0.954334
0.939454
0.935017
0.963993
0.973103
0.954661
0.962127
0.938666
0.972583
0.939373
0.936873
0.940172
0.926253
0.955867
0.935873
0.938671
0.920753
0.961927
0.945519
0.957565
0.942152
0.940349
0.962544
0.939323
0.926749
0.936192
0.953313
0.954401
0.963852
0.960006
0.961361
0.965146
0.955110
0.935430
0.927574
0.959223
0.930093
0.961627
0.956956
0.947059
0.943641
0.958782
0.979757
0.925935
0.937858
0.981805
0.930595
0.957587
0.966316
0.956137
0.966677
0.965592
0.959271
0.930983
0.944884
0.935795
0.977534
0.940541
0.915240
0.942365
0.967556
0.980746
0.965260
0.953765
0.945800
0.951426
0.956184
0.949764
0.969924
0.911337
0.934210
0.958328
0.949615
0.923819
0.944927
0.933385
0.960213
0.964740
0.930298
0.942342
0.961245
0.954858
0.934144
0.946646
0.934177
0.955504
0.970026
0.960850
0.964314
0.963936
0.964123
0.963640
0.934493
0.966333
0.948115
0.958267
0.927977
0.969133
0.968405
0.946885
0.963564
0.963758
0.969549
0.937488
0.929820
0.923079
0.940822
0.933982
0.963012
0.966623
0.945889
0.956465
0.948943
0.927616
0.940762
0.930717
0.956224
0.950440
0.957416
0.946232
0.938233
0.959905
0.966724
0.964956
0.938347
0.937483
0.950204
0.954459
0.947280
0.975039
0.928729
0.960491
0.967185
0.970845
0.959772
0.947865
0.966298
0.959689
0.934809
0.947237
0.969989
0.933349
0.947001
0.949449
0.920156
0.961581
0.941615
0.944023
0.948626
0.941666
0.943201
0.908965
0.930590
0.966863
0.948611
0.954546
0.963048
0.973215
0.955228
0.947770
0.961273
0.964041
0.948829
0.949390
0.954694
0.944699
0.961366
0.952741
0.963212
0.958837
0.963903
0.914889
0.962484
0.956702
0.973461
0.963442
0.962051
0.936604
0.960873
0.958953
0.948924
0.937661
0.943532
0.943431
0.956296
0.972979
0.938322
0.961369
0.959496
0.924712
0.933347
0.949166
0.964823
0.939692
0.953314
0.946019
0.961985
0.949408
0.968549
0.944699
0.936523
0.939471
0.946599
0.957874
0.922404
0.948197
0.933871
0.939022
0.948445
0.944045
0.962556
0.924860
0.950794
0.927361
0.971867
0.942435
0.966272
0.945543
0.974277
0.962537
0.953963
0.949733
0.956749
0.960310
0.932002
0.969889
0.939901
0.948814
0.959877
0.928424
0.958966
0.943419
0.930069
0.965618
0.971352
0.922813
0.944376
0.944208
0.968744
0.932596
0.938072
0.960081
0.941954
0.958691
0.937253
0.957468
0.970341
0.953723
0.931399
0.970918
0.967819
0.970528
0.929571
0.925690
0.955414
0.963197
0.917539
0.961592
0.954954
0.924579
0.966907
0.953728
0.954392
0.946300
0.950874
0.935768
0.942239
0.969409
0.933791
0.962925
0.975171
0.928098
0.929775
0.949586
0.935893
0.939497
0.974703
0.938603
0.969095
0.956963
0.963386
0.922078
0.968431
0.960504
0.936479
0.954763
0.932128
0.964037
0.964627
0.945261
0.966383
0.966462
0.975757
0.952259
0.953582
0.981036
0.932443
0.968680
0.960318
