# 参数名称：backbone.features.5.conv.1.bias
# 参数形状：(192,)
# 参数数据类型：float32
# 参数值（保留6位小数）：
0.003107
0.004766
0.007804
0.006021
0.001184
-0.000727
0.011503
0.005379
-0.000273
0.004170
0.000051
0.001068
-0.006773
0.000072
-0.001851
0.000470
0.000553
0.002885
0.003718
0.001645
-0.001796
0.004333
0.003984
0.009117
0.002515
0.009042
0.006154
0.001787
0.006144
0.001805
0.003189
-0.002498
0.000992
0.006531
0.007737
-0.002460
-0.001144
0.003419
0.007136
0.003749
0.006235
-0.008804
0.004192
-0.007206
-0.001423
-0.001785
-0.002852
-0.006343
0.004792
-0.006114
0.006107
-0.001444
0.001256
-0.001589
0.000980
-0.000972
-0.003798
0.000861
0.012267
0.004327
-0.001754
0.004563
-0.001851
-0.004923
0.005039
-0.000692
-0.000955
0.000719
0.005921
-0.000137
-0.001171
0.001404
0.003058
-0.002021
0.002860
-0.004812
-0.003775
0.003066
-0.001700
0.007842
0.001255
-0.006976
-0.002167
0.003507
0.009783
-0.000106
0.000639
0.000645
-0.000496
-0.002484
-0.002489
-0.006927
-0.004024
0.002221
-0.000273
-0.007118
-0.001929
-0.007656
0.002210
0.001577
0.000382
-0.000802
0.002807
-0.003547
-0.003108
-0.002146
-0.001840
0.003928
0.005477
0.006934
0.003157
-0.004194
0.000933
0.005269
-0.001787
-0.003220
0.003763
-0.001998
-0.006825
0.010735
-0.002615
-0.000337
-0.000807
-0.006623
0.000689
0.000009
0.003703
0.003683
-0.000912
0.000855
0.002943
0.008581
0.002976
0.001934
0.007098
-0.008731
0.005938
0.002613
0.002291
-0.002956
0.002201
0.000642
0.003874
0.007425
-0.001491
-0.003698
-0.000605
0.004124
0.002067
0.000947
-0.004136
0.007796
-0.001661
0.001906
0.002227
0.006428
0.007862
0.007137
-0.004778
0.000715
-0.004597
-0.000660
0.002181
0.007480
0.002266
0.002029
0.000562
0.000601
0.002624
-0.002129
-0.004094
0.008009
0.008708
-0.001353
0.005374
0.001551
-0.009460
-0.004917
0.003139
-0.008596
-0.001740
0.008916
0.002125
-0.001714
0.005629
-0.000132
0.000883
0.003659
0.001985
-0.000978
-0.000254
0.000963
