# 参数名称：backbone.features.8.conv.7.running_var
# 参数形状：(64,)
# 参数数据类型：float32
# 参数值（保留6位小数）：
5.058324
4.727743
4.319875
4.898786
4.069962
4.754456
4.843289
3.999891
4.305791
3.721080
4.481966
4.920322
4.070665
3.794972
4.220207
3.734344
6.121890
4.457667
8.324760
4.754528
5.773283
5.359386
5.106698
4.541922
5.268303
5.420371
5.750554
6.779233
5.256593
5.302743
4.881476
4.448595
4.295988
4.607844
5.646793
4.362228
3.486202
4.124129
6.364249
5.045650
6.455971
3.855041
4.264015
4.906355
4.791988
3.898390
3.832203
5.871844
4.865234
4.995451
3.567163
6.124056
5.572455
4.292218
4.961480
6.443200
4.319284
6.379439
3.504526
7.683629
4.106236
3.719210
4.600440
4.078789
