# 参数名称：backbone.features.17.conv.4.running_var
# 参数形状：(960,)
# 参数数据类型：float32
# 参数值（保留6位小数）：
0.000496
0.001165
0.001447
0.000379
0.000924
0.000169
0.000545
0.000363
0.000211
0.000669
0.000713
0.001323
0.001402
0.001957
0.000710
0.000521
0.000643
0.000325
0.000589
0.000647
0.000672
0.000861
0.000529
0.000675
0.000299
0.001017
0.000085
0.000491
0.000199
0.000737
0.000722
0.000580
0.000913
0.000365
0.000473
0.002409
0.000775
0.000958
0.001077
0.000144
0.000312
0.001054
0.000306
0.000075
0.000341
0.000451
0.000457
0.000257
0.000776
0.001140
0.000972
0.001165
0.000469
0.001554
0.000452
0.000594
0.000408
0.000140
0.000788
0.000486
0.001482
0.000246
0.000348
0.000682
0.000752
0.000403
0.001497
0.000570
0.000050
0.000994
0.000835
0.000479
0.001004
0.000662
0.001816
0.000127
0.000727
0.000496
0.000549
0.000194
0.000368
0.000551
0.001092
0.000458
0.000632
0.000760
0.000759
0.000246
0.000391
0.000201
0.001003
0.000283
0.000461
0.000600
0.000217
0.000861
0.000514
0.000575
0.000362
0.000269
0.000305
0.000446
0.000113
0.001656
0.000198
0.000208
0.002224
0.000671
0.000609
0.000978
0.001834
0.000385
0.000754
0.000946
0.000566
0.000473
0.000258
0.000639
0.000256
0.000493
0.000406
0.000669
0.002468
0.000910
0.001140
0.000991
0.000612
0.000745
0.000484
0.000813
0.000694
0.000254
0.000281
0.002074
0.001100
0.000833
0.000729
0.000244
0.000276
0.001152
0.000300
0.000377
0.000639
0.000670
0.000580
0.000384
0.000352
0.000959
0.000843
0.000739
0.000839
0.000827
0.000548
0.000182
0.000345
0.002207
0.000191
0.000774
0.001894
0.000244
0.001395
0.000363
0.001148
0.000483
0.000746
0.000671
0.000675
0.001147
0.000402
0.000923
0.000265
0.001501
0.000651
0.000721
0.000968
0.000311
0.000426
0.000733
0.000309
0.000310
0.000951
0.000879
0.000939
0.000610
0.000976
0.000244
0.000624
0.000900
0.000916
0.000920
0.000334
0.000640
0.000450
0.001471
0.000549
0.000683
0.000203
0.000534
0.000223
0.000513
0.000314
0.000426
0.000091
0.000578
0.000923
0.001025
0.000208
0.000177
0.001184
0.000248
0.000381
0.000456
0.000683
0.000219
0.000242
0.000709
0.002305
0.000605
0.000388
0.000412
0.001651
0.001160
0.000380
0.000075
0.000294
0.001585
0.000119
0.000830
0.001039
0.000867
0.000403
0.000538
0.000914
0.000655
0.000429
0.000597
0.001039
0.000352
0.000923
0.000517
0.000217
0.000314
0.001179
0.000310
0.000193
0.000268
0.000381
0.000640
0.000882
0.000566
0.000338
0.000840
0.000800
0.000299
0.000287
0.000328
0.000459
0.000528
0.001695
0.001181
0.000756
0.001506
0.001179
0.000894
0.000295
0.000913
0.001585
0.001638
0.000450
0.000308
0.000801
0.000690
0.000436
0.000636
0.000993
0.000193
0.000342
0.000838
0.001171
0.000447
0.000692
0.001355
0.001353
0.000493
0.000786
0.000130
0.000403
0.000345
0.000477
0.002595
0.000712
0.000996
0.001111
0.000446
0.000499
0.001118
0.001773
0.001402
0.000454
0.000827
0.000720
0.000687
0.000154
0.000683
0.001370
0.000441
0.000304
0.001289
0.000181
0.000548
0.000275
0.000326
0.000588
0.000285
0.000260
0.001034
0.000407
0.000296
0.000090
0.000438
0.001135
0.001227
0.000727
0.000677
0.000104
0.000717
0.000189
0.001326
0.000609
0.000790
0.001043
0.001385
0.000317
0.000707
0.000476
0.000990
0.000108
0.000908
0.001263
0.001837
0.000279
0.000386
0.000631
0.000908
0.000476
0.000679
0.000584
0.000653
0.000350
0.000250
0.000607
0.001155
0.000547
0.000390
0.000590
0.000763
0.001115
0.000094
0.000268
0.000315
0.000564
0.001121
0.000307
0.000374
0.001723
0.000415
0.001588
0.000419
0.002283
0.000547
0.000789
0.000197
0.000954
0.000662
0.001759
0.000197
0.000886
0.000267
0.000584
0.000310
0.000263
0.000533
0.000478
0.000137
0.001182
0.000301
0.000326
0.001145
0.000674
0.000234
0.000684
0.001000
0.000835
0.000528
0.000860
0.000486
0.000150
0.001242
0.000242
0.000914
0.000663
0.000461
0.000303
0.000741
0.000563
0.001228
0.001117
0.003993
0.000312
0.000345
0.000334
0.000306
0.001265
0.000774
0.001710
0.000716
0.000790
0.000161
0.000293
0.000572
0.000379
0.000409
0.001388
0.000237
0.000917
0.000373
0.000340
0.000828
0.000440
0.000491
0.000405
0.000316
0.002426
0.000362
0.000386
0.000626
0.001721
0.000679
0.000795
0.000539
0.000731
0.000270
0.000607
0.001089
0.000432
0.000936
0.000322
0.000589
0.000362
0.001134
0.000233
0.002289
0.001241
0.001152
0.001112
0.000788
0.000276
0.001372
0.000640
0.000590
0.000279
0.002412
0.000413
0.001064
0.000657
0.000373
0.000104
0.000682
0.000164
0.001371
0.000420
0.000266
0.000763
0.000367
0.001126
0.000480
0.000552
0.000203
0.000368
0.000322
0.001429
0.000223
0.000753
0.000395
0.000320
0.000253
0.000412
0.000478
0.000235
0.001913
0.001337
0.000477
0.000335
0.001035
0.001075
0.001207
0.001619
0.000300
0.000432
0.000193
0.000962
0.000362
0.000425
0.000431
0.000155
0.000206
0.000398
0.003251
0.000372
0.000373
0.000121
0.000646
0.000486
0.000285
0.000969
0.000156
0.000295
0.004507
0.000927
0.001350
0.000290
0.001018
0.000860
0.000344
0.000668
0.001306
0.000155
0.001151
0.000423
0.002498
0.000602
0.000363
0.000159
0.000545
0.001497
0.000799
0.000468
0.000584
0.000451
0.001156
0.000526
0.000613
0.000278
0.000599
0.000083
0.000705
0.000595
0.000183
0.000436
0.000569
0.000209
0.000323
0.000800
0.000147
0.001785
0.000984
0.001432
0.001973
0.000388
0.000608
0.000273
0.000183
0.000790
0.000781
0.000515
0.001444
0.000872
0.000657
0.000540
0.000292
0.000517
0.001184
0.000263
0.003608
0.000768
0.000646
0.000315
0.000289
0.000410
0.000659
0.001546
0.000293
0.000278
0.000553
0.000342
0.000371
0.000728
0.000656
0.000801
0.000373
0.000164
0.000645
0.000925
0.001542
0.000352
0.000635
0.000379
0.000434
0.000203
0.000448
0.000764
0.000439
0.000166
0.000447
0.001032
0.000426
0.000638
0.000661
0.000207
0.000389
0.000626
0.001078
0.000597
0.000475
0.001238
0.000380
0.000142
0.000246
0.000480
0.001132
0.001984
0.001458
0.000554
0.002698
0.001628
0.000530
0.000411
0.000615
0.001499
0.001615
0.000298
0.000363
0.000526
0.000518
0.000617
0.000222
0.002169
0.000388
0.000284
0.000586
0.000994
0.000809
0.001446
0.000223
0.000572
0.000281
0.000495
0.000450
0.000831
0.001670
0.001692
0.001181
0.001219
0.000749
0.000363
0.000243
0.000978
0.000730
0.000665
0.001034
0.000624
0.000519
0.000482
0.000621
0.000408
0.000295
0.001001
0.000311
0.001933
0.001045
0.001456
0.000681
0.001089
0.001010
0.000867
0.000957
0.000587
0.000461
0.000451
0.000320
0.000836
0.000531
0.000477
0.000904
0.001332
0.000779
0.000265
0.000361
0.001416
0.001167
0.001661
0.000282
0.001251
0.000728
0.001286
0.000193
0.000604
0.000696
0.000289
0.001192
0.000366
0.000917
0.001305
0.001569
0.000387
0.001084
0.000372
0.000601
0.000435
0.000743
0.001022
0.000909
0.000505
0.000610
0.000599
0.001342
0.000720
0.001614
0.000290
0.000274
0.000426
0.001816
0.000493
0.000698
0.000211
0.002139
0.000522
0.001139
0.000642
0.002006
0.001443
0.000196
0.000808
0.000547
0.000277
0.000542
0.000232
0.000831
0.000500
0.000580
0.000131
0.000349
0.000629
0.000672
0.000865
0.000143
0.000550
0.000192
0.000732
0.000363
0.000288
0.000457
0.000335
0.000574
0.000242
0.000509
0.000637
0.000932
0.000519
0.000605
0.000717
0.001590
0.000040
0.000496
0.000573
0.000763
0.000921
0.001013
0.000501
0.001426
0.000929
0.000723
0.000308
0.000470
0.000232
0.000455
0.000948
0.000559
0.000182
0.000839
0.000840
0.001195
0.000232
0.001756
0.000393
0.000409
0.000384
0.001322
0.001100
0.000876
0.000707
0.000448
0.000702
0.000491
0.001218
0.001880
0.000382
0.000243
0.001980
0.000636
0.000162
0.000369
0.000793
0.000812
0.000759
0.000724
0.000301
0.000700
0.000181
0.001195
0.000345
0.000474
0.000778
0.000786
0.000321
0.000129
0.002128
0.000774
0.000348
0.001502
0.000113
0.000654
0.000469
0.000396
0.000307
0.000194
0.000313
0.000692
0.000715
0.000902
0.000639
0.001794
0.000348
0.001916
0.000471
0.000415
0.000961
0.000871
0.000398
0.000548
0.000184
0.000586
0.000204
0.001640
0.000432
0.000187
0.001534
0.000620
0.000501
0.000497
0.000270
0.000558
0.000327
0.000834
0.000577
0.001330
0.000677
0.000595
0.001188
0.000585
0.000536
0.000681
0.000337
0.000145
0.000625
0.000461
0.001097
0.001727
0.000770
0.000304
0.000747
0.000546
0.000156
0.000500
0.000515
0.000317
0.001133
0.000871
0.000483
0.000671
0.001161
0.000182
0.000524
0.001391
0.000718
0.000416
0.000625
0.001298
0.001476
0.002795
0.000659
0.000195
0.001138
0.000933
0.000467
0.000225
0.003860
0.001399
0.000511
0.000630
0.001203
0.000361
0.001607
0.001684
0.001912
0.000127
0.000407
0.000563
0.000255
0.001338
0.000579
0.000428
0.001242
0.000496
0.000437
0.000234
0.000888
0.000582
0.000453
0.000649
0.000676
0.000346
0.000837
0.000116
0.000305
0.000289
0.000420
0.000995
0.000280
0.000137
0.000399
0.000376
0.000293
0.000774
0.000882
0.000425
0.000343
0.000695
0.000184
0.000445
0.000546
0.000197
0.000700
0.000994
0.000402
0.000431
0.000334
0.000395
0.002404
0.000282
0.000222
0.002017
0.000669
0.001135
0.000375
0.000955
0.000563
0.001006
0.000154
0.000970
