# 参数名称：backbone.features.15.conv.1.running_var
# 参数形状：(960,)
# 参数数据类型：float32
# 参数值（保留6位小数）：
0.207146
0.232019
0.303688
0.311237
0.194461
0.214080
0.148765
0.222621
0.275730
0.329026
0.150185
0.198673
0.230057
0.415574
0.419440
0.246167
0.198229
0.211027
0.216518
0.182627
0.200599
0.269111
0.190225
0.337629
0.277990
0.303906
0.399666
0.527578
0.353097
0.241978
0.443695
0.566918
0.535621
0.282881
0.192137
0.296587
0.172031
0.199983
0.347942
0.227316
0.305327
0.310996
0.294478
0.499755
0.235091
0.208592
0.223601
0.290091
0.203498
0.152602
0.512242
0.202056
0.190333
0.288480
0.256005
0.240341
0.366596
0.260399
0.314815
0.634370
0.402548
0.396242
0.451850
0.361749
0.200855
0.270630
0.432292
0.326124
0.322193
0.245034
0.263167
0.239743
0.362173
0.406671
0.875506
0.421998
0.132727
0.349279
0.244974
0.203151
0.337399
0.151100
0.276433
0.427068
0.218229
0.433372
0.319682
0.316085
0.198455
0.506074
0.493034
0.409888
0.245797
0.232907
0.427660
0.262945
0.285650
0.266897
0.315176
0.207875
0.343728
0.167396
0.392013
0.448540
0.176458
0.287716
0.214130
0.268977
0.402639
0.256286
0.256193
0.203138
0.197260
0.269198
0.634704
0.357792
0.461632
0.400322
0.175361
0.302912
0.283570
0.234302
0.257213
0.382251
0.450207
0.197453
0.435928
0.290592
0.367859
0.139744
0.276764
0.187479
0.627846
0.326547
0.356830
0.132314
0.184334
0.384655
0.332262
0.229606
0.201098
0.541590
0.234755
0.654232
0.280069
0.232244
0.309908
0.379505
0.334245
0.607749
0.331583
0.445341
0.641500
0.648828
0.191785
0.652197
0.441848
0.486634
0.377294
0.452360
0.291791
0.671027
0.206543
0.483406
0.210170
0.435795
0.177365
0.324070
0.235924
0.132563
0.150156
0.200480
0.367914
0.309412
0.454017
0.197716
0.359800
0.265684
0.307535
0.287047
0.371576
0.432524
0.194698
0.267279
0.201685
0.204746
0.301027
0.344338
0.262530
0.237643
0.364117
0.306006
0.430890
0.419147
0.276114
0.317116
0.274822
0.566034
0.414512
0.540092
0.310775
0.590631
0.240120
0.261258
0.224134
0.285603
0.330021
0.296680
0.276007
0.415300
0.339646
0.285069
0.334369
0.332191
0.218871
0.278713
0.275236
0.398357
0.538668
0.385130
0.660752
0.242187
0.421436
0.334352
0.347018
0.288850
0.206833
0.234074
0.341672
0.278283
0.168940
0.182046
0.332440
0.354506
0.154903
0.201116
0.255167
0.306862
0.195477
0.137876
0.479783
0.328753
0.277926
0.328851
0.345131
0.210912
0.344156
0.322834
0.185832
0.295031
0.283848
0.203378
0.209261
0.419344
0.269865
0.301434
0.204958
0.149161
0.200320
0.201041
0.302852
0.989640
0.280625
0.141638
0.175978
0.176737
0.185942
0.431997
0.214458
0.216578
0.284393
0.209557
0.313102
0.206760
0.263832
0.126893
0.263850
0.220968
0.325055
0.361967
0.234852
0.196691
0.180834
0.273369
0.212203
0.275339
0.228557
0.682448
0.148332
0.211936
0.402468
0.254856
0.346174
0.288138
0.343315
0.194547
0.359123
0.421591
0.292356
0.224952
0.250686
0.263013
0.176900
0.271835
0.210993
0.208364
0.334227
0.310853
0.355342
0.303308
0.403731
0.158787
0.180736
0.220474
0.258670
0.302261
0.237802
0.360702
0.258602
0.206101
0.258696
0.402118
0.469738
0.275243
0.347408
0.251400
0.201261
0.408860
0.251484
0.207935
0.226457
0.254117
0.274880
0.262097
0.277981
0.215356
0.266444
0.201148
0.265600
0.193850
0.466348
0.266527
0.183298
0.431790
0.217263
0.191294
0.528266
0.242144
0.159821
0.327474
0.416562
0.407958
0.286222
0.289688
0.311524
0.267780
0.247359
0.145643
0.336527
0.264466
0.221966
0.425053
0.446832
0.347532
0.167048
0.228628
0.256714
0.339032
0.305323
0.262304
0.671813
0.375234
0.210003
0.173332
0.316081
0.273803
0.912793
0.299517
0.514182
0.506405
0.345086
0.644192
0.511948
0.557815
0.158829
0.389218
0.282958
0.352340
0.299127
0.303239
0.252816
0.532778
0.344568
0.212471
0.897168
0.248116
0.175045
0.205852
0.383163
0.492323
0.521305
0.223391
0.464287
0.374477
0.662482
0.253784
0.301530
0.291028
0.413885
0.351912
0.357625
0.413187
0.353391
0.348001
0.132587
0.188205
0.431027
0.188092
0.219511
0.250257
0.344501
0.434492
0.330871
0.246939
0.270140
0.602564
0.433895
0.239421
0.179772
0.187357
0.338419
0.495181
0.682963
0.303216
0.207066
0.393236
0.444790
0.595309
0.341587
0.238400
0.310674
0.538381
0.387154
0.411854
0.379913
0.194363
0.451138
0.292403
0.393224
0.266233
0.293706
0.240888
0.395554
0.289257
0.381908
0.420380
0.708925
0.336962
0.274704
0.289567
0.607929
0.252323
0.495631
0.399354
0.362409
0.183654
0.311943
0.230810
0.392498
0.267442
0.387547
0.296588
0.284852
0.205457
0.392898
0.195145
0.395378
0.447652
0.418143
0.173974
0.364327
0.256736
0.200351
0.199403
0.213110
0.279411
0.224730
0.199584
0.230088
0.280047
0.319938
0.194560
0.265855
0.393224
0.204607
0.261428
0.185306
0.140204
0.304276
0.270442
0.679742
0.260042
0.307324
0.259895
0.332841
0.500007
0.264072
0.160430
0.309340
0.220454
0.319172
0.279148
0.457496
0.357412
0.115699
0.389117
0.573823
0.181923
0.267872
0.173473
0.357020
0.305499
1.120634
0.161575
0.440733
0.185158
0.194603
0.542100
0.251125
0.465489
0.222211
0.176639
0.320267
0.296722
0.346183
0.457922
0.480484
0.349586
0.191363
0.236617
0.358615
0.559842
0.477273
0.313980
0.200100
0.541071
0.368008
0.320484
0.299694
0.206318
0.217588
0.483292
0.301596
0.277620
0.855286
0.170072
0.254343
0.280083
0.302829
0.315832
0.322003
0.393982
0.288430
0.206778
0.198918
0.251778
0.303192
0.308469
0.874112
0.217947
0.414157
0.279683
0.253825
0.159791
0.306840
0.226777
0.282237
0.153483
0.274350
0.281113
0.492558
0.511697
0.415164
0.356993
0.155125
0.325735
0.162773
0.426752
0.173463
0.497482
0.282894
0.308834
0.402379
0.200570
0.440860
0.238789
0.189552
0.308915
0.321662
0.330145
0.336958
0.243779
0.191722
0.167649
0.469678
0.312245
0.306407
0.146893
0.442192
0.166964
0.377664
0.547370
0.235957
0.139725
0.252851
0.248538
0.208806
0.325909
0.263576
0.331562
0.218104
0.275502
0.265415
0.244918
0.155719
0.517904
0.350065
0.321012
0.352932
0.272673
0.143510
0.165567
0.242431
0.249644
0.292956
0.188414
0.167698
0.483453
0.237546
0.305078
0.449816
0.304877
0.246492
0.186764
0.194995
0.340223
0.346256
0.149059
0.294614
0.278808
0.251495
0.242295
0.252865
0.258516
0.186410
0.269479
0.350641
0.279051
0.254162
0.186809
0.359359
0.603926
0.615911
0.174451
0.338198
0.171985
0.273031
0.199025
0.289725
0.182536
0.399063
0.630630
0.222769
0.325173
0.329447
0.375115
0.275591
0.178838
0.191966
0.215041
0.203181
0.263340
0.283074
0.284775
0.277661
0.331546
0.296767
0.359763
0.230626
0.298745
0.303407
0.454838
0.422421
0.262084
0.162577
0.254180
0.289800
0.342390
0.217709
0.198657
0.190648
0.223957
0.122596
0.223188
0.294789
0.409778
0.346703
0.256234
0.206716
0.256267
0.240326
0.335054
0.330290
0.419386
0.396782
0.325712
0.311627
0.293581
0.238950
0.185811
0.151078
0.318503
0.263730
0.316045
0.387699
0.255925
0.288615
0.174722
0.253008
0.236149
0.201913
0.269616
0.430387
0.239379
0.286023
0.251227
0.207894
0.258571
0.409726
0.205026
0.214582
0.279647
0.450734
0.565154
0.381370
0.196094
0.331149
0.250007
0.216785
0.321005
0.666635
0.516901
0.312987
0.259723
0.243423
0.448910
0.382403
0.247884
0.591844
0.268125
0.254473
0.242505
0.259002
0.277097
0.433747
0.249831
0.241681
0.251543
0.372423
0.370248
0.446433
0.220527
0.270475
0.318432
0.138784
0.298078
0.433768
0.496681
0.450937
0.246610
0.148399
0.298938
0.528195
0.288372
0.260805
0.477841
0.269766
0.281640
0.171031
0.181315
0.503909
0.239262
0.269810
0.402748
0.286081
0.350324
0.262047
0.197060
0.200045
0.313057
0.255337
0.334622
0.197330
0.205356
0.680079
0.153851
0.300210
0.191314
0.311747
0.527215
0.204047
0.300929
0.285899
0.128270
0.404854
0.257738
0.123976
0.254546
0.282497
0.289245
0.260978
0.445441
0.434475
0.251365
0.219960
0.470494
0.458466
0.410228
0.319044
0.321888
0.307132
0.224438
0.435135
0.364857
0.353817
0.627101
0.363086
0.231701
0.148318
0.389690
0.341544
0.227111
0.343830
0.485860
0.324521
0.214048
0.232313
0.263957
0.107254
0.303512
0.354738
0.346234
0.196914
0.220711
0.279257
0.317437
0.167907
0.255627
0.179697
0.255019
0.250356
0.281803
0.273142
0.263021
0.237768
0.260186
0.456177
0.297817
0.414797
0.231700
0.283194
0.173792
0.404327
0.226469
0.214137
0.337393
0.283100
0.589887
0.304739
0.272978
0.446541
0.302983
0.209576
0.182764
0.494962
0.173800
0.181870
0.176570
0.251654
0.290252
0.316629
0.150052
0.369082
0.286679
0.320259
0.235323
0.541496
0.233513
0.213855
0.179455
0.252273
0.716951
0.433900
0.329736
0.220678
0.343880
0.538422
0.413040
0.252590
0.334504
0.307828
0.234407
0.261611
0.198260
0.255760
0.226465
0.176413
0.173044
0.335826
0.325311
0.449134
0.267960
0.216825
0.321908
0.321088
0.278979
0.194125
0.497674
0.289306
0.220736
0.230047
0.332484
0.294111
0.425346
0.207236
0.695591
0.136142
0.487652
0.358355
0.160223
0.231989
0.397566
0.209511
0.229431
0.221958
0.215296
0.486231
0.572363
0.188409
0.508022
0.388885
0.552179
0.147458
0.361488
0.419586
0.266332
0.325081
0.230621
0.225719
0.371877
