# 参数名称：backbone.features.13.conv.7.running_mean
# 参数形状：(96,)
# 参数数据类型：float32
# 参数值（保留6位小数）：
0.344991
1.018028
0.065426
-0.744405
0.142779
1.573522
0.688392
0.893584
0.586444
1.960712
0.259224
0.043706
0.628160
0.453353
-1.230972
0.122918
-1.013999
1.669146
-0.529567
-0.064394
1.067636
0.467762
-2.179745
-2.042721
0.370363
-0.236115
-1.188453
-1.028522
0.069288
-0.105357
-0.540620
0.209215
0.218152
-0.132716
0.273107
1.183387
1.131248
0.695153
2.335152
0.757815
1.237896
-1.511902
-0.691363
0.941734
-1.834589
0.877467
-1.445120
0.513561
0.113083
0.172725
1.015531
0.869838
-1.244008
0.245489
0.200383
-0.010824
-0.931001
0.077001
0.006349
-0.139597
0.639985
0.125525
-0.449215
1.680120
2.342113
0.035397
0.842504
-0.735192
-0.495287
-1.289167
-1.302618
-0.035828
-0.549242
0.350019
0.775903
-0.908229
-0.048237
0.959575
-0.233763
0.823025
-1.668783
-0.462516
-0.308131
0.649696
-1.284474
-0.557030
0.531785
-2.571570
-1.095468
0.392624
-0.481860
-0.283529
2.899197
-1.097819
-0.977429
-0.134855
