# 参数名称：backbone.features.9.conv.1.weight
# 参数形状：(384,)
# 参数数据类型：float32
# 参数值（保留6位小数）：
0.858569
0.868723
0.859209
0.873349
0.919755
0.906473
0.861243
0.932361
0.873320
0.885434
0.863272
0.948676
0.857559
0.892229
0.870190
0.857408
0.901797
0.890840
0.889105
0.860305
0.885438
0.867362
0.865951
0.875781
0.858072
0.857831
0.890477
0.861612
0.858545
0.886922
0.886719
0.917520
0.857527
0.877401
0.876826
0.857502
0.861604
0.899856
0.906941
0.911075
0.857141
0.880133
0.918224
0.858137
0.908042
0.943774
0.899071
0.929838
0.931080
0.863950
0.884145
0.918231
0.892169
0.859965
0.951613
0.915779
0.951689
0.924334
0.859190
0.857388
0.916537
0.863434
0.901896
0.857668
0.870914
0.882290
0.863725
0.857835
0.883679
0.857473
0.877629
0.861163
0.862288
0.884740
0.857460
0.865251
0.872581
0.862881
0.857346
0.863209
0.903816
0.906787
0.857294
0.929678
0.881336
0.870436
0.871322
0.858561
0.895744
0.911645
0.866881
0.903559
0.894107
0.858072
0.897897
0.860617
0.863588
0.862815
0.861671
0.860930
0.903169
0.858250
0.857902
0.868760
0.919730
0.870060
0.920961
0.859367
0.857684
0.870647
0.875645
0.879088
0.889476
0.882072
0.897238
0.857479
0.857503
0.934731
0.863931
0.910507
0.859869
0.896414
0.928883
0.880830
0.940272
0.931326
0.893260
0.866005
0.897384
0.858317
0.860120
0.860825
0.863796
0.862348
0.905664
0.914793
0.857731
0.892848
0.914080
0.899657
0.859159
0.941061
0.905609
0.857498
0.908637
0.862545
0.924861
0.869978
0.900176
0.943469
0.867683
0.864319
0.858112
0.930660
0.913381
0.859402
0.861396
0.858144
0.887378
0.866647
0.926358
0.859748
0.859103
0.923633
0.910831
0.858782
0.881912
0.861097
0.878947
0.857524
0.858623
0.897657
0.867818
0.896407
0.877527
0.860265
0.857971
0.858005
0.875916
0.866378
0.896141
0.949609
0.857978
0.882796
0.870355
0.947581
0.860277
0.861546
0.870358
0.861806
0.860242
0.879519
0.869317
0.874523
0.890411
0.872116
0.872920
0.925788
0.858406
0.860417
0.922980
0.871904
0.863175
0.861577
0.857608
0.862114
0.858931
0.911376
0.892689
0.858814
0.870773
0.936633
0.910697
0.857762
0.904010
0.896226
0.861465
0.867930
0.944317
0.906809
0.857557
0.911384
0.861137
0.944055
0.857346
0.880150
0.936288
0.898967
0.937613
0.861010
0.868824
0.871344
0.909561
0.879672
0.884138
0.885267
0.886772
0.876999
0.867601
0.857620
0.885572
0.869859
0.857368
0.868849
0.859121
0.889627
0.858781
0.879417
0.878881
0.858092
0.921569
0.857220
0.860260
0.869560
0.857473
0.862857
0.857274
0.860467
0.910879
0.870879
0.858198
0.919212
0.857505
0.881337
0.905935
0.866712
0.929352
0.859923
0.857280
0.901282
0.904720
0.885417
0.894886
0.857400
0.857339
0.887423
0.869074
0.918223
0.879426
0.857579
0.906882
0.887001
0.858376
0.858542
0.897798
0.882103
0.937491
0.867312
0.928499
0.916934
0.870863
0.890712
0.915834
0.865287
0.899246
0.858007
0.883480
0.868449
0.857586
0.861618
0.857519
0.860141
0.864246
0.857417
0.869358
0.925592
0.929740
0.859897
0.857576
0.905573
0.905988
0.860766
0.899612
0.874418
0.868146
0.869000
0.858282
0.858197
0.879043
0.857261
0.895018
0.906318
0.884619
0.888943
0.875473
0.919007
0.873906
0.936593
0.890774
0.865832
0.861009
0.890285
0.859487
0.934382
0.872634
0.860661
0.873378
0.903418
0.858159
0.886578
0.898591
0.858301
0.857388
0.931692
0.866093
0.929827
0.889659
0.887554
0.878987
0.857878
0.916117
0.875023
0.871655
0.889281
0.861743
0.858520
0.857295
0.858560
0.861185
0.871578
0.859366
0.908504
0.859394
0.857396
0.858210
0.882611
0.859103
0.887771
0.858862
0.867368
0.857936
0.882226
0.910678
0.887900
0.857220
0.860062
0.858514
0.903970
0.905570
0.858328
0.859343
0.859112
0.912962
0.877207
