# 参数名称：backbone.features.3.conv.6.weight
# 参数形状：(24, 144, 1, 1)
# 参数数据类型：float32
# 参数值（保留6位小数）：
-0.315123
-0.334771
-0.165814
0.264222
0.018647
0.026921
-0.193932
-0.469832
0.564164
0.113646
-0.002041
-0.004674
0.427121
0.271639
0.007724
0.130224
-0.161587
0.312335
0.709104
0.390208
-0.051716
0.043714
0.170983
0.288976
-0.292906
-0.022234
0.014281
0.378812
-0.340708
0.296920
0.201624
0.163721
0.443807
0.292600
-0.082354
-0.127252
0.213190
0.344662
0.210999
-0.001273
0.077126
0.214031
0.451363
-0.372253
0.247304
-0.035117
0.202693
0.187961
-0.205878
-0.278206
0.385712
-0.275753
-0.126932
0.205256
0.414794
0.363043
0.241529
-0.202976
-0.388729
0.033855
0.015965
0.043575
-0.187001
0.000386
0.352788
-0.260713
-0.110501
0.080215
-0.123044
0.237798
-0.264027
0.155607
0.147252
0.228468
0.067742
0.293906
0.331309
0.343179
-0.005386
0.194432
0.002858
0.119267
-0.230762
0.140329
0.237766
0.025039
-0.161634
-0.119971
0.033479
-0.033974
0.115877
-0.376604
-0.263902
-0.038532
-0.143502
-0.043401
0.793670
0.243518
-0.533901
-0.328738
-0.180977
0.230887
-0.085048
0.241523
0.069755
-0.123947
0.175995
-0.292702
-0.340534
-0.308811
-0.038288
-0.260875
0.034080
-0.131705
-0.386945
-0.222505
0.478050
0.108559
-0.458251
0.284758
0.456918
-0.377759
-0.119396
-0.139161
0.162386
-0.219917
-0.444401
-0.017733
0.323253
-0.126937
-0.593102
-0.305105
-0.008801
0.291776
0.228960
0.450614
-0.115221
-0.253602
0.047710
0.444235
0.210320
-0.435272
0.089823
-0.472840
0.070563
0.199266
-0.184887
-0.424845
-0.043339
-0.550178
0.024337
-0.019121
-0.476887
0.091460
0.016798
0.424938
0.220172
0.270354
0.010496
-0.552549
0.070825
0.133913
0.583851
0.364972
0.662412
-0.050730
-0.028055
0.133032
0.457587
-0.056429
0.228108
0.019177
-0.376450
-0.221911
-0.085275
0.212892
0.355688
0.234395
-0.071173
-0.311619
0.208738
0.096623
0.147772
0.449740
0.332789
-0.772797
-0.253574
0.368261
-0.031178
0.343304
-0.553229
0.168287
0.044915
0.051223
-0.159774
-0.025058
0.503271
0.266201
0.223698
0.278456
-0.185255
-0.186603
0.012760
0.333286
0.050820
0.000684
0.211004
-0.134196
-0.195130
0.039151
0.032618
-0.135195
0.305878
0.112160
0.020750
-0.241818
0.436807
-0.269996
-0.090721
0.396776
-0.029986
0.175218
-0.055914
0.063382
-0.408579
0.091461
0.606728
-0.207686
-0.084984
0.087624
-0.299947
0.734695
-0.243557
-0.255587
-0.028017
-0.615552
-0.158134
0.282079
-0.306431
0.047362
0.471806
-0.670101
-0.048097
0.054977
0.045408
0.408161
-0.376892
-0.311393
0.264454
-0.316540
-0.330440
0.128953
-0.269500
0.315022
-0.340853
0.009510
-0.085023
0.378207
0.230366
-0.557567
-0.286297
0.364128
0.159113
-0.124172
-0.108764
-0.547929
-0.023764
0.124748
-0.624108
0.480283
-0.288854
-0.066535
-0.036447
-0.085940
-0.340596
-0.029340
-0.346362
0.068880
-0.205894
-0.276814
-0.154724
0.112398
-0.312718
-0.196252
-0.007585
0.198326
-0.268010
-0.261613
0.170974
-0.333288
-0.147339
0.640153
0.061845
-0.443362
-0.135310
-0.034040
0.027424
0.195240
-0.007610
0.051815
-0.086824
0.122564
0.167708
-0.300976
-0.137609
-0.019497
-0.245305
0.314192
0.083163
0.418525
-0.487002
0.067707
-0.053591
-0.033172
-0.608214
0.165869
0.349301
0.291608
0.481153
-0.088483
0.205112
0.047722
0.186148
-0.082411
-0.059587
-0.072804
0.123352
-0.102581
-0.104432
0.405392
-0.041555
0.011015
-0.027589
-0.237889
-0.170740
0.152349
0.954761
0.032660
-0.681677
0.128609
-0.113276
-0.180958
-0.312190
0.089396
0.047715
-0.188068
0.162877
0.397091
0.264585
-0.008093
0.083952
-0.519433
0.283215
0.398417
0.177682
-0.166126
-0.696385
-0.264962
0.172430
0.041250
-0.068076
0.395388
-0.041380
-0.120582
0.196441
0.076397
0.209608
-0.193761
-0.392590
-0.457272
-0.251997
0.131162
-0.059393
0.546453
-0.003067
-0.027468
0.145874
-0.128821
-0.108231
0.172520
0.180320
0.299689
-0.146907
-0.213111
-0.217273
0.255242
-0.181765
0.115509
0.010064
0.343952
0.581595
0.143984
0.077462
0.044429
-0.116277
0.164080
0.169495
-0.076946
0.274110
-0.252617
-0.326926
-0.100090
0.183637
-0.138943
0.552613
-0.048669
0.174934
-0.455303
0.349135
0.063253
0.152856
0.487497
-0.058442
-0.007033
0.453119
-0.018721
-0.335418
-0.215127
-0.128514
-0.797640
0.069592
0.106241
-0.012537
-0.160783
-0.009278
0.351474
0.226843
0.130646
0.122415
-0.129486
0.521151
-0.390594
-0.013434
0.866538
-0.098612
0.064226
0.543571
-0.545899
0.087391
0.244999
-0.139192
0.054763
-0.404237
0.282197
0.036236
-0.222424
0.321458
-0.517456
0.238622
-0.074771
0.116003
-0.162531
-0.331928
0.101892
-0.350275
-0.108732
0.089128
-0.281230
0.176058
-0.182752
0.043687
-0.215138
0.395861
-0.038290
0.140762
0.186528
0.489452
0.063088
0.535747
-0.136535
-0.449430
0.097256
0.103447
-0.447098
-0.112840
-0.051591
0.022049
-0.549373
0.030856
-0.485406
0.150741
0.048966
0.089959
-0.223011
0.349438
0.272272
-0.150408
0.154297
0.139297
-0.399954
0.224651
0.085494
-0.056467
-0.006872
-0.284228
-0.281623
0.056316
-0.362165
-0.148513
0.377596
0.288659
-0.094374
-0.500880
-0.211878
0.491849
0.655543
0.113761
0.098534
0.086798
-0.165568
0.039809
-0.500911
-0.073373
-0.137616
0.093208
0.013437
-0.456323
0.088746
-0.022143
-0.092093
-0.284504
0.262277
0.170957
-0.191858
-0.784113
-0.032500
-0.036100
-0.199728
0.029350
0.044105
0.088132
0.282546
-0.209827
0.164228
0.101273
-0.222053
-0.290394
0.545517
-0.035990
0.026457
0.553495
-0.597288
-0.499556
0.003034
0.026802
-0.370977
-0.055410
-0.387554
-0.425852
0.186504
0.175217
-0.270551
0.285395
-0.527574
-0.423625
0.029506
-0.104197
0.303507
-0.058641
-0.092690
-0.353772
0.336395
-0.830028
-0.572887
0.041742
-0.034407
-0.130188
-0.029885
-0.220404
0.130546
0.308853
-0.162863
-0.306202
0.024689
0.033833
0.651357
0.305583
0.311642
-0.270716
0.097886
0.270332
0.952315
0.190424
-0.270466
0.193922
-0.330681
0.120942
0.332624
0.288782
0.289543
0.217133
0.675896
-0.043386
0.198343
0.189498
0.233690
0.201663
0.144924
0.006780
-0.264284
-0.154021
-0.124194
0.114375
-0.295750
0.235372
0.431289
-0.048160
-0.046363
0.368403
-0.196641
-0.112598
-0.525310
-0.278272
-0.147516
-0.195899
0.268985
0.101301
-0.023575
-0.261412
-0.041110
0.432938
-0.305522
0.106372
-0.240399
0.103126
-0.376084
-0.169452
0.309864
0.021993
-0.358824
-0.401310
0.067707
-0.553046
0.011560
-0.015179
-0.127810
-0.170385
-0.561785
0.132735
0.079723
0.209451
0.254489
-0.029842
0.093867
0.056969
-0.260001
0.244488
0.078627
-0.053306
0.515870
-0.120440
0.326447
0.546860
-0.550280
-0.180155
0.199210
-0.277553
-0.116691
0.851202
0.332316
0.083682
0.360460
0.326763
-0.443915
-0.225198
0.126356
0.340361
0.247059
-0.019466
0.274569
-0.212705
0.483189
0.009014
-0.095297
-0.102294
-0.027949
0.375770
1.089141
-0.095919
0.619953
0.010641
-0.119934
0.545743
0.134587
0.287887
0.236412
-0.416626
-0.042837
-0.206159
-0.038195
-0.551838
0.480963
0.159257
-0.005788
0.232628
0.256542
-0.045418
-0.008228
0.084082
-0.000820
-0.624163
0.409144
0.051344
0.015852
0.286437
0.030626
0.147240
-0.029984
0.242738
-0.383057
0.046648
0.146768
0.006765
0.254962
-0.173892
-0.014483
-0.351587
0.325787
0.159959
-0.726504
-0.058447
0.169271
-0.219740
0.266191
0.015446
0.242922
0.051741
-0.412217
-0.105396
-0.132096
-0.130907
-0.209138
0.124594
0.429576
0.081873
-0.194346
0.113861
-0.404810
-0.033487
0.046888
-0.243619
-0.512472
0.620173
0.130114
0.410034
-0.242958
-0.194196
0.052845
-0.069633
0.328817
-0.306041
0.471693
-0.577461
-0.626224
-0.643708
0.437168
-0.204401
0.044354
0.191257
-0.125616
-0.154709
-0.023792
-0.003932
-0.435082
-0.252231
0.275420
-0.223950
0.109603
0.198484
-0.216771
0.086572
-0.016412
0.270334
0.193746
-0.573346
-0.155814
-0.076878
0.147714
0.012508
0.423481
-0.204468
0.042097
-0.193446
-0.324427
0.300594
-0.579333
-0.189309
-0.286984
0.041670
0.541609
0.158262
0.442281
-0.163834
0.387650
-0.013062
-0.076518
-0.385193
-0.093037
-0.048655
0.509142
-0.104589
0.268481
-0.032865
0.135493
-0.297821
-0.162971
-0.288248
-0.276088
-0.477461
0.148185
0.002211
-0.277898
-0.205130
0.250325
0.085626
-0.374436
-0.134630
0.216295
-0.208397
-0.277008
0.271223
0.004911
0.081146
0.114098
-0.381852
-0.430936
0.260263
0.331884
-0.278204
-0.257845
0.176966
-0.261609
0.416795
-0.005205
0.155949
-0.162023
-0.075686
-0.049199
0.396895
0.050734
0.250994
0.181485
-0.212068
-0.060920
0.197871
0.033068
-0.553063
0.010882
-0.283354
-0.419764
-0.036094
-0.020747
0.445980
-0.427483
-0.258942
0.305881
-0.517826
0.215697
0.263548
0.305175
-0.419885
0.124458
-0.012066
-0.215874
0.131156
-0.152680
0.584437
0.001612
-0.030262
-0.394729
-0.007127
0.179429
-0.148589
0.375646
-0.593552
0.689392
0.282642
-0.047923
0.040033
0.073618
-0.224655
-0.337012
0.324898
-0.330606
0.163678
-0.277403
-0.552837
-0.144007
0.360221
-0.183991
0.034980
-0.534343
0.129390
-0.289499
-0.125905
0.452629
-0.422426
-0.054070
0.273698
-0.459585
0.084153
-0.497802
0.020607
-0.441864
0.155057
0.015692
0.146092
0.494076
0.166376
0.455884
0.202552
0.009564
0.101739
0.015821
0.145841
-0.531063
-0.333436
0.389106
-0.267374
-0.146965
-0.228825
0.339718
-0.046694
-0.416244
0.161746
0.012719
0.163569
0.683243
0.225404
-0.675665
-0.064432
-0.166166
-0.019016
-0.147692
-0.139236
-0.205516
-0.135039
0.137203
-0.850347
-0.277634
0.058999
-0.047260
-0.221590
-0.132659
0.376969
0.247436
-0.206691
0.048044
-0.259223
-0.422783
-0.111504
-0.667178
0.059227
0.080746
-0.469969
0.193845
0.135254
0.279866
-0.202527
-0.046362
0.171119
-0.079326
-0.056889
0.065792
0.313738
0.243095
0.052351
-0.358097
-0.221619
0.214933
-0.009990
0.068039
0.041683
0.000610
0.087918
0.197318
-0.035114
0.234782
0.155244
0.091694
0.037974
-0.284013
0.113392
-0.039018
-0.128075
0.385418
-0.071780
-0.191873
-0.518315
0.162942
-0.260087
-0.064440
0.127929
-0.100546
0.048978
0.319041
-0.240958
0.033275
0.146234
-0.104618
0.415999
0.079631
0.111304
-0.156348
-0.253279
0.167945
0.432367
0.572445
0.325186
0.454925
0.425143
-0.231978
0.288866
0.082283
0.251286
-0.209580
0.025591
0.313471
-0.032940
-0.070535
0.793262
-0.135966
-0.168653
0.486288
0.226377
-0.198770
0.402666
0.494564
-0.157607
0.420605
-0.377771
0.356786
0.094879
0.103860
0.158246
-0.117794
-0.183861
-0.486538
0.177652
0.012000
0.224274
-0.218005
-0.487784
0.512721
-0.081046
0.313343
-0.280716
-0.334150
-0.266954
0.377257
0.534831
0.087051
0.355868
-0.356099
-0.433141
-0.024508
-0.317866
-0.229483
-0.535215
0.535003
0.487767
-0.334925
-0.166354
-0.235838
0.090647
0.152547
-0.103374
0.402537
-0.083335
-0.413615
-0.010092
0.240804
-0.314575
0.057090
0.521258
0.424777
0.368043
-0.126497
-0.413606
0.137775
-0.042620
-0.112187
-0.289526
0.282980
-0.427599
0.271225
0.419150
0.210592
-0.527827
-0.031522
0.015446
0.183789
-0.313005
0.101943
-0.059260
0.187119
-0.763519
0.073155
0.870276
-0.065907
0.567078
0.249890
-0.103052
0.237378
-0.185468
0.189538
0.389154
0.319997
-0.174045
0.128729
-0.104989
-0.021040
0.089653
0.192540
0.392842
0.102495
-0.132621
0.031112
0.296390
0.016723
-0.022422
-0.203566
-0.009301
0.269675
-0.528410
0.124888
0.317944
-0.414306
0.223109
-0.466349
0.025423
-0.345204
0.012222
-0.273833
0.170514
0.436561
-0.134507
0.340436
0.346612
0.114387
0.225984
0.155520
0.728139
-0.262449
-0.104961
-0.132957
0.333852
-0.340242
-0.367162
0.193588
0.170395
0.350683
-0.174265
-0.151728
-0.191101
-0.276818
-0.594302
0.212767
0.255368
-0.043239
-0.645666
-0.248905
0.010963
-0.223973
0.298713
-0.010972
-0.574890
-0.011266
-0.277262
0.354289
-0.650441
-0.188305
0.209647
0.330013
-0.200700
0.334843
-0.398180
0.401240
-0.305425
0.178289
0.146667
-0.038240
0.051651
-0.217870
0.261677
-0.127108
0.261711
0.138739
0.233772
-1.111326
0.155304
0.011747
0.079902
-0.238466
-0.190506
-0.330905
-0.106189
-0.302394
0.201647
-0.045026
0.103235
-0.285248
-0.575583
-0.357657
0.017014
-0.046678
0.253409
-0.411751
-0.265431
-0.124358
0.006670
0.314685
0.037306
-0.004419
0.280520
0.131230
0.603654
-0.067045
0.540303
0.000006
0.197518
-0.294276
-0.542619
-0.055625
0.229346
-0.517937
-0.005788
-0.030468
-0.031187
-0.150739
0.267562
0.109749
0.271946
-0.063542
0.314720
0.009382
-0.099624
0.012816
-0.275412
0.038295
0.343120
0.306657
0.322069
0.166085
-0.170919
0.118880
-0.078488
0.440653
-0.251285
0.138467
0.052452
-0.265939
-0.005859
-0.179117
0.294692
-0.223647
0.000959
0.104730
-0.011390
-0.214858
-0.385683
0.014754
-0.174264
-0.094737
-0.225483
-0.225366
0.402297
-0.000525
-0.163214
0.327862
-0.012513
-0.249560
-0.172986
0.059193
0.242328
0.223481
0.176514
0.277602
0.489799
0.298822
-0.190023
-0.306430
0.068817
-0.057587
0.385510
-0.075478
0.152664
-0.178542
-0.157596
-0.446688
-0.052865
-0.305743
0.307981
-0.109049
0.150562
0.054568
0.490647
0.638535
-0.494113
0.098589
0.428238
-0.404455
-0.071716
0.140963
-0.369768
0.055225
-0.580168
-0.221155
-0.330319
0.185228
0.031354
0.136043
0.026441
-0.065344
-0.111906
0.297915
0.241314
-0.125711
0.034860
-0.464111
0.034038
-0.087115
-0.114745
-0.067858
0.174900
-0.166687
-0.477077
0.470805
0.021967
0.428625
-0.334591
-0.070396
-0.860944
-0.083586
0.539716
0.296528
-0.122241
-0.099107
-0.055883
-0.350158
-0.072772
0.047149
0.391247
-0.323766
0.247604
-0.191097
-0.082044
-0.180584
0.644728
-0.205574
0.036883
0.252299
0.045609
-0.297060
-0.017205
-0.171163
-0.361674
-0.015129
-0.228167
0.262248
-0.266073
0.014418
0.042646
-0.057838
0.087284
0.275660
0.163903
0.061655
-0.410343
-0.066188
-0.043404
-0.030563
0.161558
0.227919
0.131595
-0.107412
0.280433
0.609050
0.150216
0.201511
0.188984
-0.000467
-0.381498
-0.380451
0.259725
-0.034590
-0.000864
-0.090409
-0.315087
0.591309
-0.381563
0.263346
0.095766
0.347643
-0.202988
0.146083
0.361642
0.211994
-0.098225
-0.101038
-0.127921
0.403894
-0.504377
-0.311483
0.079382
-0.338276
0.393216
-0.205854
0.334991
0.653801
-0.009249
-0.536790
0.289116
-0.218125
-0.375856
0.081094
-0.012441
0.260299
0.490538
0.111686
0.177288
0.125834
-0.356602
-0.296079
0.230561
-0.140213
-0.021726
0.136336
-0.357235
-0.118782
0.012569
-0.331792
-0.184011
0.592025
-0.208431
0.469548
-0.417575
-0.124661
-0.342592
0.146018
-0.122546
-0.216987
0.137804
0.124793
-0.337250
-0.088247
-0.201499
0.151535
-0.351336
-0.267382
0.194932
-0.259385
0.870676
-0.243863
-0.110507
-0.595141
0.142329
0.242848
-0.045767
0.184054
-0.520112
0.069451
-0.124137
0.416660
-0.301791
-0.196643
0.247530
0.450257
0.005269
0.410639
0.169632
-0.238708
0.115428
0.442381
0.199461
-0.120617
0.410075
0.091033
0.452561
0.161459
-0.513965
-0.034167
0.616932
-0.277530
0.120690
-0.388606
-0.177505
-0.155624
-0.374078
-0.137691
0.664481
-0.472248
0.211509
0.302756
-0.406099
0.253845
0.330256
0.376823
0.189356
-0.139951
-0.261728
0.081795
0.105406
0.077384
-0.431214
0.338884
-0.253108
0.166550
0.122834
-0.112157
-0.383555
-0.111447
0.394075
-0.369089
-0.095838
-0.306947
-0.463743
0.124859
-0.058024
-0.552775
0.318028
0.132386
-0.123762
0.179728
0.236335
-0.126116
-0.066852
0.184656
0.108217
0.132889
0.160964
0.353610
0.272422
0.188423
-0.123062
-0.337350
-0.035860
0.071681
0.232656
0.197691
-0.376347
0.057881
-0.133495
0.195840
-0.054216
-0.434988
-0.290573
-0.041295
-0.079064
0.474621
0.029053
0.178066
0.104953
0.030648
0.018446
0.037230
-0.015738
-0.237409
0.610738
0.077030
-0.085356
0.129210
-0.086334
-0.034744
0.533464
-0.799190
0.410165
0.185595
0.071369
0.171448
-0.132580
0.218030
0.351112
0.252017
-0.406384
-0.189627
-0.065493
-0.495345
-0.821524
0.504704
-0.213608
-0.178400
-0.010504
-0.233647
-0.167458
0.020585
0.324315
-0.102390
-0.299791
-0.036469
0.163494
0.517130
0.175736
-0.014726
0.071560
0.616217
-0.098032
0.191864
0.089585
-0.046549
0.158499
0.657211
0.092861
-0.113987
-0.260766
-0.288194
-0.329288
0.256064
0.265414
-0.290999
-0.203248
0.362575
0.474140
0.068362
0.122450
-0.463434
0.127250
-0.057010
-0.344541
0.030632
0.029474
0.137208
0.123888
-0.111501
0.068882
-0.159584
-0.711950
-0.400552
0.395875
0.105995
-0.095899
0.083028
0.652570
0.007405
-0.180910
-0.124879
0.271395
0.019113
-0.283168
0.115298
-0.148634
-0.102516
0.182526
-0.199358
0.229349
0.303407
0.630677
0.110993
-0.082353
-0.066528
0.167055
-0.370003
-0.359037
0.483823
0.103970
0.159270
0.016974
-0.068451
0.299911
-0.143226
0.156913
0.009854
-0.007328
-0.274692
0.377151
-0.034201
0.448677
0.013993
0.472638
-0.364286
-0.019945
-0.449329
-0.065368
-0.356292
0.098907
0.170541
-0.031721
0.355029
0.807243
-0.094741
0.494671
-0.278055
0.316065
0.044743
-0.106682
-0.202444
0.089524
-0.115105
-0.214061
0.335114
-0.041319
-0.236470
0.026399
0.031174
0.101868
0.069687
0.055825
-0.059550
0.078265
-0.336167
0.157026
0.082364
-0.102236
-0.101619
0.336914
0.555719
0.430305
-0.665274
-0.303937
-0.096505
-0.267169
0.164669
-0.174012
-0.226565
-0.104499
-0.571945
0.127740
-0.183902
0.018434
-0.907997
-0.148092
-0.421954
0.359935
-0.406660
-0.258305
-0.142926
0.089859
0.483320
-0.040583
-0.420020
-0.611275
0.033950
0.076633
0.562494
-0.023560
-0.271105
-0.173703
-0.028422
-0.450706
-0.289941
0.051781
-0.109659
0.408173
-0.378523
-0.590982
0.489076
0.110769
0.083264
-0.356450
-0.347396
0.202820
-0.238669
0.063447
-0.258433
-0.225194
-0.222254
0.047320
-0.098942
-0.305888
-0.023424
-0.165194
-0.440511
-0.496944
0.254624
0.208239
0.184652
0.086148
-0.241360
-0.355100
0.238765
-0.309594
0.089981
-0.170934
-0.548318
0.215433
-0.057674
-0.304169
0.238926
-0.025594
0.202612
0.034777
0.225276
0.019041
-0.043924
-0.511078
-0.194227
-0.169116
0.158679
0.266695
0.404774
-0.414664
0.200636
0.171490
-0.373354
0.129877
-0.058906
0.132675
0.268421
-0.125425
0.166891
-0.087665
0.087652
0.500542
0.281242
0.336301
-0.241478
0.116243
-0.097665
0.170149
0.075174
0.109004
-0.089464
0.150353
0.157193
-0.207474
-0.030298
0.149922
-0.060829
0.238490
-0.484670
0.354461
0.040672
0.013598
0.011843
-0.536722
-0.190334
0.122263
-0.357631
0.232030
-0.321870
0.082834
0.133923
0.232360
0.123730
-0.012459
0.095611
0.021901
0.261715
-0.161784
0.312257
0.034182
-0.034881
0.166040
0.159394
0.143111
-0.052382
-0.052739
0.269644
0.058674
-0.121062
-0.106389
0.502505
0.228142
0.284415
0.010062
0.199680
0.063832
0.121540
0.572495
0.371845
0.167283
-0.108125
0.214679
-0.057341
-0.240533
-0.259972
0.014820
-0.471466
0.048234
-0.606911
-0.123166
0.154630
-0.014128
-0.156475
0.624467
0.468247
-0.130681
-0.105863
0.160511
0.099021
0.078958
0.169331
0.041398
-0.082632
0.638681
0.014407
-0.360740
0.100165
-0.143275
-0.280292
0.216118
0.483089
0.196461
-0.119858
-0.421015
0.162982
0.392080
-0.382429
-0.290943
0.123985
0.169530
0.218594
0.189308
0.399446
0.116855
0.086112
-0.272641
-0.181907
0.042997
0.665531
0.321271
0.460112
0.228242
0.182912
-0.267841
0.175314
0.603697
0.132019
0.552965
0.143510
0.185954
0.022639
0.344925
0.345670
-0.113600
0.027964
0.153981
-0.045064
0.201380
0.218295
0.063996
-0.457240
0.112200
-0.086406
0.120324
0.269892
0.036513
-0.169885
0.277747
0.071418
0.115803
-0.039497
0.247432
0.041666
-0.188766
-0.722974
-0.420814
-0.025542
0.139209
0.232546
-0.314377
0.189659
-0.160591
-0.364013
-0.014476
-0.124632
0.345084
-0.248327
0.103977
-0.022038
-0.284437
-0.135802
-0.169850
0.555262
0.101791
0.118627
-0.535189
-0.043011
0.169488
-0.147135
-0.032169
-0.549771
-0.217969
0.270151
-0.213680
0.306481
-0.110876
-0.292031
-0.103218
0.030636
-0.244976
-0.174893
0.190834
0.048910
0.026295
-0.240442
-0.032108
0.094308
0.290841
0.107635
0.428662
-0.233940
-0.160167
-0.233563
0.409432
-0.044289
0.290018
-0.152043
0.118413
-0.081585
0.039858
0.432045
0.230934
-0.221797
-0.318696
-0.155480
-0.477936
0.033983
0.168398
-0.009078
0.154158
0.445525
0.135760
0.026409
-0.184594
-0.056810
-0.183301
-0.032117
-0.255822
-0.296028
0.219522
0.063542
0.422191
-0.287661
-0.528873
0.151986
-0.018182
-0.000532
-0.090522
0.100715
0.299359
0.251295
-0.128101
-0.044094
0.362942
-0.292009
-0.541650
-0.274297
0.194794
0.195050
0.492402
-0.616462
0.318036
0.059776
-0.314808
-0.025383
0.072244
0.121450
0.170743
-0.691166
0.209284
0.190962
0.176710
0.181837
-0.022632
0.048900
-0.240768
0.055583
0.269693
-0.347744
-0.099086
-0.212709
0.279803
0.113010
-0.241578
-0.274921
-0.494305
0.282148
-0.306236
-0.420463
0.306569
-0.612578
0.050019
-0.366881
0.479431
-0.306641
-0.307614
0.271020
-0.307831
-0.110206
-0.117924
-0.065365
0.348698
0.199738
-0.261667
0.964008
0.102734
0.258126
-0.354455
0.035829
0.137057
-0.017589
-0.429356
0.187229
-0.301004
-0.259392
0.077383
-0.302759
-0.250034
0.087359
0.407856
0.298094
0.137350
0.169132
0.415355
-0.287721
-0.314295
-0.172818
0.137714
0.260753
-0.038690
-0.098552
-0.066306
0.066684
-0.539376
0.331456
-0.211596
-0.191790
0.223323
-0.010402
-0.169207
0.217197
-0.157288
-0.339081
-0.369340
-0.517266
-0.143738
0.328317
0.320823
-0.376752
-0.201178
0.344891
-0.294467
0.034299
0.307790
-0.170660
-0.009196
-0.070943
0.630802
-0.473207
0.088734
-0.305784
-0.262245
0.233258
0.357265
-0.038256
-0.531773
-0.071375
0.579387
-0.158590
0.210004
-0.421239
0.140426
0.002696
-0.315991
-0.056189
-0.184197
0.028695
0.096228
-0.041366
0.003112
-0.377620
-0.561331
0.330509
-0.431218
-0.648346
-0.065366
-0.054422
-0.316394
0.370411
0.016501
0.332014
0.613023
0.254017
-0.337134
0.160438
0.293554
0.353020
-0.326427
-0.339589
0.216457
0.037429
0.077465
0.275245
0.172415
-0.039722
0.048326
-0.153799
0.176295
0.236586
0.409700
0.409630
-0.166025
0.142448
0.216147
0.087770
-0.212132
0.279231
-0.435031
-0.021803
-0.117370
0.092818
0.211154
-0.020950
-0.134663
-0.209493
-0.051783
-0.384709
-0.493612
-0.152214
0.200407
0.023610
-0.403301
-0.139280
0.089874
-0.133152
0.117261
0.027435
0.259198
0.334125
-0.512685
0.062873
-0.217353
-0.210943
-0.098901
-0.044496
-0.327807
0.123250
0.351180
0.183663
0.583216
-0.146749
-0.067558
0.038375
-0.192895
-0.110820
0.117692
0.161402
0.066705
0.179072
0.295752
-0.325878
0.151017
-0.123677
0.149919
-0.141690
-0.172049
-0.454235
0.084295
0.081330
0.222533
0.191726
-0.249637
0.258961
-0.141053
-0.189987
-0.331543
-0.194034
0.413977
-0.079100
0.135024
0.043897
-0.018368
-0.199057
0.240932
-0.474170
0.314446
0.213475
-0.035992
-0.102232
-0.182912
0.219129
-0.425882
0.058418
-0.136707
0.133953
0.351481
0.378977
0.420620
-0.439039
0.367417
0.301150
0.047758
0.408343
0.155113
0.398277
-0.108616
0.014707
-0.503334
0.232561
-0.660701
0.270331
-0.470437
-0.018895
-0.143875
0.014741
-0.229385
-0.018258
0.374472
0.062578
-0.408665
-0.072174
0.160433
0.015781
0.076777
-0.207403
0.135187
-0.256194
0.684044
-0.027176
0.391217
-0.087546
0.544177
0.051642
-0.013868
0.025755
0.007128
0.245489
-0.057947
0.450186
-0.322418
0.321042
-0.153767
0.240046
0.331965
-0.034106
0.486624
-0.277882
0.327065
0.080231
-0.198224
-0.251596
0.307847
0.135013
0.035114
0.237675
-0.370136
0.129591
0.164069
0.210696
-0.045751
-0.085015
-0.033862
0.364258
-0.175790
0.019288
0.110164
0.053600
-0.276650
0.113891
-0.427522
0.221175
0.013242
0.298876
-0.124946
-0.309399
0.033702
0.159698
0.131723
-0.263311
-0.096543
0.901657
0.045448
-0.175424
0.297247
-0.115558
-0.174510
0.338954
0.062544
0.047229
0.101362
0.185917
-0.792907
0.086078
0.321423
0.185374
-0.123745
-0.090377
0.103149
-0.052406
-0.115596
0.189815
-0.131702
-0.439636
-0.489546
-0.561652
0.121728
0.140140
-0.207831
0.164200
-0.339350
0.331763
-0.315288
0.150022
-0.152413
-0.239279
-0.591101
0.453585
-0.236652
-0.235482
-0.242650
-0.089360
-0.211200
0.039827
0.575187
0.030063
0.000857
-0.209546
-0.214635
-0.201618
0.106552
0.243346
0.170367
0.391773
-0.146140
0.007116
-0.277811
0.339687
0.167171
0.180339
0.075300
0.143486
0.050442
-0.467143
-0.614710
-0.080946
0.331736
-0.193191
-0.507149
0.039327
-0.138281
0.240436
0.931163
0.223418
-0.272301
0.351282
-0.462895
-0.279427
0.438289
0.318214
-0.463919
0.178069
0.839727
-0.129121
-0.684709
-0.316820
0.233706
-0.325037
-0.109873
-0.174899
-0.158167
0.029637
-0.753333
-0.153739
-0.145794
-0.186011
-0.168401
0.097967
0.062817
-0.181439
-0.220029
-0.445201
0.380927
-0.339539
-0.077246
0.456811
-0.117632
0.162289
-0.225751
-0.121651
0.231145
-0.326988
-0.515977
0.452007
0.244779
-0.397731
-0.081275
0.256265
-0.319828
0.428213
0.534967
0.154797
0.093431
-0.213114
0.367208
0.246059
0.066748
-0.490923
-0.281215
0.195539
0.334754
0.536959
0.148304
-0.169322
-0.737651
-0.382703
0.467051
-0.233284
0.454316
0.179440
-0.036672
-0.062046
0.146574
-0.018513
0.195884
-0.029636
-0.280245
0.062530
-0.250200
-0.102985
-0.414733
-0.152159
-0.175011
-0.213320
0.292112
-0.047382
-0.148707
0.369535
-0.057625
0.154229
-0.296004
-0.158456
-0.228399
0.147675
0.150225
0.158975
-0.090116
-0.210621
-0.216954
0.114616
0.198363
-0.025059
0.281364
0.378262
-0.030226
0.283653
-0.090106
0.136178
0.191060
-0.044764
0.095152
-0.396176
0.263706
-0.119110
0.062920
-0.362418
-0.115189
-0.424157
-0.477094
0.025090
-1.013543
-0.108199
0.494677
0.708338
-0.093016
0.060986
-0.288415
0.078033
0.174510
0.054547
-0.295495
0.100436
0.294035
-0.504217
-0.142927
0.091856
0.257237
0.451905
0.487689
-0.041510
0.350399
-0.043792
-0.442462
-0.137924
-0.118639
0.579919
0.123579
0.154424
-0.020942
-0.010749
0.204205
-0.083783
-0.549430
-0.083450
-0.303338
-0.411721
-0.471142
-0.085142
-0.111242
0.041071
0.083524
-0.163616
0.748360
-0.354631
0.635446
0.568671
0.065219
-0.069752
0.076132
0.419854
-0.402456
-0.035401
0.070579
0.139534
0.012014
0.069865
0.173976
-0.122206
-0.232999
0.728946
0.267382
-0.041640
-0.533944
0.279464
-0.112852
-0.242033
0.408185
-0.176871
-0.009704
0.158392
-0.103779
-0.204425
0.260986
0.050343
-0.325531
-0.206727
0.778374
0.088628
0.266877
-0.398557
-0.217181
0.240601
0.010669
-0.112637
0.182011
-0.973425
-0.015320
0.043320
-0.323581
0.276636
0.269057
0.134287
0.014604
0.251181
-0.041076
0.221924
-0.277310
0.081284
-0.176475
-0.202143
0.208383
-0.390426
-0.500602
-0.404381
-0.206842
0.248909
0.178319
0.198984
-0.506108
-0.306170
-0.023760
-0.009163
-0.175428
-0.335428
0.463171
0.194019
-0.473700
-0.070548
0.284450
0.054404
0.008242
-0.309012
0.164649
-0.069221
-0.229866
-0.181198
0.279945
-0.157735
0.180535
-0.626456
0.226586
-0.355928
0.150921
-0.021898
-0.174192
0.275805
-0.038466
-0.007692
-0.225489
0.111388
-0.078778
-0.106597
0.063274
-0.185799
-0.169847
0.306466
-0.000231
-0.119335
0.175874
-0.062471
0.191540
-0.023251
0.055674
-0.148949
-0.214094
0.233502
0.343113
0.457230
0.099871
-0.472259
-0.036769
-0.263981
-0.072039
0.254078
-0.065679
-0.192063
-0.011181
0.207459
-0.150652
0.038266
0.712464
-0.124229
0.236037
-0.214110
-0.040937
-0.156003
0.117910
0.072939
-0.011968
0.562615
0.445539
0.191792
0.201340
-0.412518
-0.046132
-0.174484
0.332752
0.161037
-0.414169
-0.240121
-0.367484
0.276713
-0.034238
0.131994
0.602104
0.445563
0.101420
0.096927
-0.138240
-0.299946
-0.403502
0.034863
-0.126877
0.231474
0.019049
-0.512601
0.320606
-0.022431
-0.396859
-0.283594
0.327887
0.206676
0.145753
0.171616
-0.012486
-0.387280
0.260783
-0.193085
0.192263
-0.374776
-0.338136
0.224047
-0.124404
-0.097280
-0.250325
0.121925
-0.144255
-0.062934
-0.108145
0.350625
-0.203369
0.338720
0.361460
0.114300
-0.106347
-0.109232
-0.303451
-0.441751
-0.750079
0.123174
-0.254045
0.462537
0.353213
0.265593
-0.216111
-0.325833
-0.143994
0.193545
0.077988
-0.160202
0.023940
0.660414
0.326836
-0.173200
-0.132603
-0.031859
-0.232069
0.063794
0.024727
0.474207
-0.349081
-0.231731
0.137245
0.281812
-0.035413
0.304214
-0.088541
-0.110413
0.091967
0.279703
-0.387510
-0.378552
0.031508
0.304413
0.584378
-0.329640
-0.599916
0.297149
0.181972
0.120374
0.516614
0.597671
0.268891
-0.006091
-0.037269
0.279467
0.146896
0.302677
0.035112
-0.078972
0.277747
0.119895
0.483874
-0.144861
-0.360331
-0.124689
-0.349959
-0.241861
0.394670
-0.294989
-0.232438
-0.249796
-0.445229
-0.436614
-0.192494
-0.226732
0.355504
0.297637
0.345982
-0.443842
-0.215558
0.106036
-0.071771
0.179813
-0.079331
-0.095287
-0.312614
0.133649
0.044494
0.074036
-0.004268
0.019058
0.110410
0.070394
0.478803
-0.402623
-0.035229
0.295348
0.084438
-0.601294
0.640627
0.129571
0.316141
0.162351
0.446185
-0.091310
0.139581
0.125596
0.147267
-0.197197
0.032184
0.166329
0.283158
-0.076884
0.107698
0.328684
-0.177450
-0.098028
0.046069
-0.263356
-0.181075
0.180886
-0.231117
0.133951
-0.064862
0.118450
-0.149779
0.075157
-0.068121
-0.146086
-0.336012
0.287954
-0.346066
0.346541
-0.132336
-0.084491
-0.190006
-0.132372
-0.545769
-0.036918
-0.027009
-0.184753
-0.122122
-0.081215
0.444864
-0.147073
0.061080
-0.015885
0.029755
-0.757205
0.278955
-0.063108
0.621055
-0.130564
-0.482288
-0.210004
0.044899
-0.048226
-0.075783
0.107477
0.139213
0.346242
-0.135136
-0.271202
-0.345449
0.034969
-0.069787
0.064517
-0.462666
0.298065
-0.115904
0.544262
-0.096453
0.068242
-0.104486
-0.027900
0.002030
0.148104
0.018358
0.050288
0.157562
-0.192089
-0.330444
0.108270
0.115431
0.124588
0.042727
-0.407145
0.288560
0.109782
0.404170
-0.247531
0.158427
-0.041320
-0.594208
0.231714
-0.077119
0.334699
0.019932
-0.379728
0.271002
0.282445
0.033971
-0.261005
0.180758
0.515522
-0.119051
0.070790
0.002914
-0.057308
-0.309954
0.221140
0.114042
-0.053742
-0.379725
0.187098
-0.044226
-0.037118
-0.056771
-0.027410
-0.081002
0.116017
0.040573
0.305315
-0.534541
-0.326367
0.235323
0.090787
-0.209648
0.339850
0.469067
0.004418
-0.324464
-0.190363
-0.237069
0.454917
0.251957
0.523402
0.329602
0.227459
-0.248241
0.284392
-0.355918
-0.215004
0.066631
-0.194326
-0.457512
0.325753
0.247326
-0.054987
0.757230
0.290900
0.146389
0.458469
0.237658
-0.418530
0.039047
-0.081379
0.530810
-0.070501
-0.065129
0.132065
0.391613
0.132038
-0.441637
-0.038043
0.078655
-0.186413
0.106024
0.155533
-0.191925
-0.138790
-0.040586
0.346832
0.070468
0.000038
0.030205
-0.063214
-0.173023
0.816362
0.259813
0.280864
0.284261
-0.192203
0.324202
0.233439
-0.089226
-0.223085
0.120638
0.147439
0.164847
0.230068
0.491595
0.258405
0.624388
0.271825
0.170260
0.056286
0.129213
-0.094170
-0.290998
0.062968
0.225736
0.367393
-0.185466
-0.119216
0.205599
0.055328
0.336141
-0.040820
0.014927
-0.121638
0.031742
-0.104745
-0.074519
0.169364
-0.136874
-0.287425
0.070558
-0.422005
0.035317
0.079985
-0.192937
-0.721444
-0.176006
-0.352892
0.410599
-0.447593
-0.368331
-0.044896
0.143084
-0.008524
0.181375
0.462560
-0.117791
0.352009
-0.329159
0.032118
-0.391943
-0.146833
0.256774
-0.120421
0.085252
0.147548
0.040978
-0.180791
0.099064
0.010792
-0.177235
0.241636
-0.187432
0.163259
-0.343887
-0.438506
-0.502416
-0.259993
-0.105221
-0.485522
0.073039
0.224608
-0.084592
0.284107
0.083961
-0.318613
0.244204
0.137321
0.013180
-0.494440
0.063397
0.183149
0.172064
-0.040665
-0.199130
0.024566
-0.024020
0.244630
0.323926
-0.642739
0.421857
0.077612
0.197564
0.174351
-0.654840
0.133093
-0.098645
-0.297724
0.149621
0.074496
-0.375677
-0.388803
-0.375127
0.192082
0.036542
-0.241938
0.360726
-0.455878
-0.023680
-0.051685
0.171333
0.498073
0.175128
-0.251639
0.335665
0.227718
-0.652804
-0.006524
0.242865
0.266997
-0.127208
0.041032
0.353877
0.017735
0.354782
0.038674
-0.603226
-0.103390
-0.344982
0.475708
0.376255
0.185227
0.562782
-0.135485
0.158070
-0.064520
-0.347160
-0.075512
0.136730
-0.075460
-0.801593
-0.060920
0.143749
0.098821
0.154166
-0.610284
0.205281
-0.489172
-0.011672
-0.039021
0.048581
0.225723
-0.516083
0.280470
-0.333611
0.226605
-0.001134
0.154918
-0.177462
-0.119565
0.075837
0.505660
0.399521
-0.036039
0.103977
-0.054798
0.066462
0.099437
0.127253
0.422108
-0.142837
0.156375
-0.092423
0.443288
0.303038
-0.294406
-0.170619
-0.030111
-0.177624
0.164557
0.264545
0.023981
0.265896
-0.260155
0.333161
0.070775
-0.520179
-0.416889
0.179434
0.100242
0.107495
-0.182848
-0.012220
0.104949
0.328382
-0.497750
0.011265
0.074848
0.027014
0.124049
0.056944
-0.116088
-0.148905
0.041503
0.456091
0.103292
0.174675
0.455212
0.120986
0.136457
-0.043405
-0.091150
0.553501
-0.258779
0.219863
0.198153
0.280767
0.316581
0.351526
-0.483856
0.357168
0.208565
-0.043884
0.058255
0.005677
-0.181253
0.174249
0.103946
-0.059627
-0.186001
0.223980
0.500711
-0.141417
0.073338
-0.407439
0.189331
-0.439394
0.240649
0.335978
-0.078933
0.096472
0.155312
-0.152300
0.068905
-0.090671
-0.187491
-0.376410
-0.227411
-0.053407
-0.068742
0.220702
0.275088
-0.313341
-0.066121
-0.067389
-0.680546
0.260182
0.155450
0.388225
-0.532414
0.464541
0.305434
-0.360471
0.037686
0.432057
0.082613
-0.394677
-0.005876
-0.108771
0.392193
-0.043824
-0.161244
0.507200
-0.050303
-0.111227
0.386449
-0.500039
-0.039402
-0.262770
0.105342
0.141005
-0.030608
-0.121345
-0.449062
-0.105424
-0.323771
-0.313347
0.218973
0.443074
0.205042
-0.347120
-0.272334
0.319698
0.093594
-1.046063
0.046232
-0.291286
0.139446
-0.374946
-0.120529
0.136030
-0.199852
-0.306233
-0.563431
-0.189310
-0.285460
0.528166
-0.254454
-0.043529
-0.126916
-0.179450
-0.586896
0.121418
-0.179859
0.265111
0.151090
0.211023
-0.052776
-0.454334
0.329742
-0.063018
0.376186
-0.225068
-0.822847
0.035908
-0.129202
-0.212330
0.213679
-0.101403
0.227260
-0.240644
-0.172419
-0.088710
-0.083657
-0.214545
-0.542381
0.107766
-0.029101
0.357474
0.047436
-0.140776
0.107050
0.315188
0.035930
0.015828
-0.664992
0.200822
-0.221193
0.098083
0.076118
0.439996
0.061127
-0.286231
-0.194478
0.017045
-0.116786
0.010574
-0.001209
-0.066737
-0.158731
-0.083943
-0.133636
-0.123521
0.007264
0.389598
-0.088519
-0.046989
-0.095575
-0.009223
-0.004666
0.507062
0.074632
0.150701
0.048415
-0.000334
-0.407128
0.134926
0.361121
0.037202
-0.256329
-0.192787
0.366936
0.447224
-0.210157
0.456198
0.213779
-0.315637
-0.376809
