# 参数名称：backbone.features.16.conv.7.running_var
# 参数形状：(160,)
# 参数数据类型：float32
# 参数值（保留6位小数）：
3.717037
3.478279
3.087738
2.371534
2.491058
2.977897
3.583244
2.475876
2.519412
3.336714
2.782117
3.090358
4.667777
3.892428
4.925617
2.676050
2.893936
3.836121
2.818440
5.138265
4.839850
2.693165
5.211841
2.948711
2.886371
2.702852
2.829152
2.598288
3.030452
2.916003
4.507915
4.010837
3.337120
3.485147
3.443601
2.753000
3.836622
2.164257
3.104200
3.568640
2.684241
2.381839
3.370651
4.497086
4.198073
2.658967
4.083139
2.960620
3.800544
2.300672
4.015074
2.245137
4.698123
4.074508
5.206859
2.587804
3.446267
3.483895
2.814049
2.834358
2.367914
2.856541
2.754956
5.561074
2.829164
3.203604
2.689874
2.669336
2.302377
3.673208
2.415093
2.748052
2.908712
2.360184
5.249164
3.645054
5.545360
3.582840
2.241924
4.355660
2.058609
3.417350
3.205710
2.031827
1.967118
2.192357
3.245538
3.513655
3.589438
1.868298
2.116803
2.250548
2.727034
2.351169
2.630175
4.225963
2.661295
3.011932
2.740877
2.613644
2.972775
2.751918
3.730432
3.515345
3.201052
3.677249
3.033987
4.804084
3.595088
3.859046
2.783984
2.461370
2.665271
3.114588
2.668447
5.026875
2.502591
2.464015
3.839396
2.815767
2.251301
2.746537
2.758032
4.427947
2.430422
2.300937
4.400886
3.794814
2.125575
2.864765
3.837141
2.859481
2.243182
3.539111
3.464186
2.868974
3.902855
2.812385
2.497225
2.778324
3.325485
3.805207
2.613334
2.907572
3.233281
2.473395
4.800231
4.471334
2.757019
3.431183
3.451403
3.264686
3.369582
3.214274
2.745532
2.627839
5.003618
2.353861
2.448111
2.343453
