# 参数名称：backbone.features.8.conv.1.running_var
# 参数形状：(384,)
# 参数数据类型：float32
# 参数值（保留6位小数）：
0.465228
0.257474
0.517304
0.325158
0.250978
0.202165
0.236537
0.254567
0.257404
0.244108
0.325622
0.392420
0.181695
0.304687
0.164085
0.450775
0.538350
0.286328
0.262467
0.468071
0.305315
0.336229
0.358977
0.359125
0.368410
0.404124
0.268141
0.669428
0.606246
0.415812
0.394567
0.293671
0.408759
0.311624
0.473215
0.609878
0.477060
0.227077
0.193692
0.217723
0.246785
0.370204
0.256966
0.218207
0.248063
0.429559
0.306812
0.230564
0.233357
0.182761
0.238719
0.367339
0.264723
0.587120
0.416149
0.251798
0.387764
0.206960
0.262379
0.291412
0.342556
0.355044
0.334660
0.231309
0.277389
0.391785
0.269003
0.279169
0.174833
0.370562
0.288315
0.297596
0.318625
0.355294
0.193646
0.376666
0.448837
0.248088
0.563116
0.364534
0.272008
0.354591
0.238161
0.312208
0.246061
0.261111
0.393078
0.258529
0.225842
0.246812
0.465249
0.344142
0.294917
0.283806
0.412961
0.301629
0.283644
0.250544
0.430070
0.394426
0.225718
0.261733
0.191918
0.387090
0.366405
0.252448
0.391418
0.368765
0.278059
0.302114
0.349183
0.431654
0.326755
0.256511
0.428563
0.560566
0.356968
0.200203
0.268448
0.333942
0.307469
0.383614
0.240304
0.470485
0.221529
0.352297
0.357926
0.241980
0.164440
0.303997
0.454811
0.269910
0.282441
0.447917
0.246716
0.232038
0.206208
0.223017
0.404716
0.369882
0.204506
0.628352
0.303059
0.339426
0.301165
0.284507
0.384037
0.214201
0.222560
0.380993
0.359633
0.267242
0.311113
0.188914
0.506815
0.278521
0.248133
0.318098
0.647954
0.338879
0.302712
0.326713
0.212531
0.317035
0.361807
0.249972
0.371255
0.303952
0.304005
0.233376
0.345980
0.203006
0.391486
0.223711
0.373971
0.289389
0.226520
0.357508
0.459374
0.336875
0.401113
0.264794
0.250675
0.429895
0.281176
0.262536
0.394045
0.253588
0.230344
0.449381
0.353448
0.238063
0.244390
0.317486
0.383458
0.279064
0.402723
0.293366
0.342227
0.510419
0.343374
0.217716
0.330698
0.428063
0.241200
0.239301
0.462576
0.545497
0.225881
0.296719
0.412949
0.209628
0.246392
0.406451
0.425136
0.361493
0.401433
0.363423
0.357298
0.249508
0.315912
0.449737
0.490191
0.378292
0.253749
0.815814
0.440164
0.298319
0.322164
0.361077
0.337434
0.295949
0.413809
0.320993
0.141846
0.355963
0.175619
0.286435
0.295006
0.446885
0.275677
0.274197
0.357359
0.524408
0.409647
0.299427
0.349928
0.198976
0.246640
0.293566
0.288381
0.299479
0.296420
0.268613
0.348832
0.351440
0.423734
0.506120
0.253980
0.420619
0.463245
0.274819
0.373454
0.427012
0.201566
0.250059
0.260229
0.227209
0.266986
0.212386
0.421873
0.218691
0.254539
0.225421
0.277336
0.293077
0.485883
0.364140
0.255578
0.343068
0.307417
0.409217
0.292156
0.335416
0.354124
0.234110
0.356797
0.319351
0.530099
0.326415
0.426786
0.304096
0.234933
0.380200
0.253249
0.234306
0.631084
0.248494
0.272574
0.432818
0.346644
0.358481
0.285194
0.311852
0.363862
0.224553
0.279341
0.362174
0.307044
0.334697
0.339070
0.233455
0.287126
0.404590
0.241202
0.369157
0.273406
0.279808
0.209834
0.396711
0.361462
0.367318
0.362430
0.262594
0.296661
0.346207
0.541282
0.571666
0.277103
0.249538
0.239912
0.386979
0.496236
0.420065
0.370764
0.402139
0.362606
0.141828
0.653209
0.400646
0.640408
0.301729
0.218200
0.157932
0.450017
0.212870
0.217290
0.465212
0.319163
0.466616
0.300687
0.228270
0.386966
0.270698
0.249116
0.387425
0.349233
0.352207
0.177364
0.193880
0.282359
0.440664
0.398185
0.268889
0.240439
0.226652
0.297820
0.475276
0.247374
0.176337
0.221542
0.225520
0.374354
0.490331
0.447602
0.349565
0.407029
0.253763
0.284218
0.312751
0.173210
0.508919
0.378572
0.324480
