# 参数名称：backbone.features.12.conv.7.weight
# 参数形状：(96,)
# 参数数据类型：float32
# 参数值（保留6位小数）：
0.972690
0.976115
0.980392
0.978491
0.971224
0.973494
0.970476
0.965120
0.967800
0.975134
0.983631
0.968607
0.968466
0.972488
0.987664
0.965352
0.977066
0.969571
0.980972
0.973044
0.976330
0.967518
0.977719
0.979544
0.980798
0.970404
0.973962
0.970207
0.968489
0.979648
0.968588
0.966636
0.975978
0.969408
0.979164
0.976420
0.972677
0.970027
0.970315
0.980431
0.967053
0.973194
0.974650
0.972657
0.991912
0.986998
0.970185
0.965636
0.974523
0.966211
0.976786
0.978445
0.966396
0.967537
0.980831
0.980047
0.976989
0.984114
0.969041
0.987504
0.989002
0.981262
0.979209
0.982865
0.962178
0.967677
0.973880
0.961296
0.975068
0.984215
0.968553
0.970097
0.970539
0.978727
0.974400
0.973536
0.975849
0.983520
0.973318
0.980345
0.976865
0.980606
0.967674
0.984296
0.977501
0.979797
0.977341
0.971703
0.973793
0.969919
0.980207
0.974317
0.980874
0.984928
0.976867
0.967479
