# 参数名称：backbone.features.8.conv.1.bias
# 参数形状：(384,)
# 参数数据类型：float32
# 参数值（保留6位小数）：
-0.002798
0.001743
0.002355
0.000659
0.006887
-0.003188
0.000750
-0.003022
0.000500
0.000172
0.005584
-0.000230
-0.003603
0.000877
0.003954
0.006007
-0.004844
0.002726
-0.003215
-0.000414
0.004327
-0.001824
0.001385
-0.001354
0.001657
-0.003109
0.004661
0.003981
-0.000443
0.001048
0.003416
0.000619
0.004096
-0.000194
-0.001845
-0.000409
0.001472
0.004882
-0.002514
0.005185
-0.006104
-0.003765
-0.002311
0.002686
0.001496
0.000928
0.001391
0.001799
0.000917
-0.000236
0.001958
-0.007293
0.000470
-0.002161
0.000163
-0.003585
0.004102
-0.004695
-0.000174
0.005076
0.003484
0.002191
-0.001285
0.001747
0.004762
-0.000539
0.001499
0.003055
-0.003601
0.001680
0.006981
-0.003928
0.003399
0.001869
0.006376
0.004532
-0.000422
0.006637
-0.001213
0.002176
0.005829
0.000811
0.002830
-0.004634
-0.001111
0.005178
-0.000792
0.003742
-0.000239
-0.001383
-0.000061
0.002788
0.003758
0.000313
0.006450
-0.007723
0.003440
0.008090
0.008608
0.000750
0.006409
0.000417
-0.003428
0.005766
0.002666
-0.000928
-0.000303
0.003631
0.001934
0.002139
0.003365
-0.001868
0.003600
-0.001444
0.003452
0.001939
0.000705
-0.001921
0.002008
0.002749
0.002885
-0.000184
0.004257
0.005339
-0.004848
-0.000361
0.003397
0.000010
0.003083
-0.001709
0.002003
-0.006427
-0.001267
0.006608
0.007721
0.001730
0.004817
0.000473
-0.002947
0.000840
-0.000017
0.004253
0.002100
0.001370
-0.002630
0.002991
0.002967
-0.000931
0.000797
0.001302
0.000802
0.001128
-0.003546
0.000110
-0.000718
0.007874
-0.002317
-0.001979
0.004503
-0.003119
0.000078
-0.001170
0.002971
-0.000972
0.003813
0.001346
-0.001333
0.006061
0.003096
-0.002396
-0.002668
0.001100
0.006498
-0.002424
0.000539
0.001262
0.001329
-0.001382
0.000869
0.000052
0.004082
-0.006297
0.000746
-0.003325
-0.000378
0.004380
0.001476
0.003709
0.003605
0.001246
-0.003197
0.004940
0.002744
-0.000118
0.007261
0.006715
-0.001830
-0.002015
0.000043
0.006607
0.004330
-0.001935
-0.005085
0.001597
-0.004419
0.002784
-0.002040
-0.006642
-0.004503
-0.002667
0.002310
0.004179
0.000381
-0.010324
0.000906
0.000575
0.001530
-0.004280
0.000038
0.002631
0.005121
-0.005038
-0.005238
0.003598
0.002588
-0.001037
0.006403
0.000327
0.007934
0.004952
-0.002879
-0.001954
-0.003260
-0.003389
0.001569
0.003161
0.000546
0.005614
0.005393
-0.005525
0.002962
-0.001516
0.003325
-0.004039
0.000366
0.002184
0.002534
-0.002598
-0.002176
-0.004709
-0.002731
-0.004544
0.001555
0.002355
0.001087
0.004759
0.007174
0.000781
0.001670
0.003627
0.002754
0.000889
0.001882
-0.003147
0.003835
-0.000699
0.002331
0.000654
0.000487
0.002330
0.001800
-0.007133
0.002112
0.002146
-0.001085
-0.004075
0.003916
-0.003684
0.000639
0.001797
0.000088
0.000357
0.000523
0.000801
0.006165
-0.003263
0.000099
-0.004279
-0.000660
0.004167
0.000820
0.001748
0.002903
0.001705
0.000504
0.001430
-0.001846
0.000666
-0.000311
0.002452
0.009774
0.003112
0.001624
-0.001551
-0.002491
-0.003007
0.000167
-0.000979
0.003181
0.001432
-0.004297
0.007887
-0.000424
-0.000417
0.001838
0.002443
-0.000701
-0.004472
0.007070
-0.007918
-0.000327
-0.000612
0.001189
0.003728
0.000148
0.007656
-0.004221
-0.000661
0.002484
0.003316
-0.004204
0.002019
0.002251
0.003640
0.002300
0.000754
0.003414
0.005647
-0.001129
0.004129
0.012491
-0.002231
0.005307
0.002681
-0.002794
0.006194
0.000320
-0.002155
0.000904
-0.002396
-0.002387
-0.001806
0.002073
-0.001139
0.003596
-0.003032
0.004244
0.000761
-0.001379
0.004343
-0.001387
-0.000210
0.001358
-0.002283
0.003325
-0.003785
0.003610
-0.000835
-0.001444
-0.000111
0.003149
-0.000549
-0.002892
0.004818
-0.003386
-0.003402
0.006964
-0.003641
0.000802
-0.007708
0.003372
-0.005217
-0.001955
0.004442
