# 参数名称：backbone.features.5.conv.4.weight
# 参数形状：(192,)
# 参数数据类型：float32
# 参数值（保留6位小数）：
0.989812
0.993002
0.997505
0.993172
0.998971
0.991164
0.993655
0.996227
0.984243
0.997665
0.982938
0.989272
0.986934
0.994542
0.990825
0.987575
0.987771
0.987823
0.988597
0.989979
0.992444
1.003809
0.996918
0.982351
0.985971
1.001108
0.989662
0.988007
0.993879
0.989286
0.991047
0.988767
0.986807
1.000432
0.993214
0.983852
0.996619
0.991952
0.991661
0.996347
0.995523
1.001260
0.984926
0.997186
0.989943
0.991872
0.978260
1.000650
0.993425
0.984719
0.998847
1.008332
0.998515
0.994750
0.991170
0.989206
0.993113
0.985544
0.993883
0.998491
0.983752
0.991007
0.984056
0.986237
0.982178
0.988762
0.993048
0.990025
0.981039
0.986423
0.993445
0.979841
0.991422
0.990069
0.991666
0.996807
0.986644
0.995529
0.993356
0.992844
0.991116
0.991509
0.992123
0.983145
1.002077
0.988057
0.989699
0.983620
0.986032
0.985455
0.991685
0.994146
0.999029
0.995218
0.988410
0.987297
0.989282
0.998703
0.996594
1.008594
0.992125
0.996654
0.983625
0.993263
0.999793
1.004902
0.996770
1.001152
0.992334
0.981594
0.989765
0.999047
1.000140
0.993872
0.998264
0.989038
0.986992
0.985972
0.985943
1.002078
0.991191
0.994347
1.000422
0.998691
0.998003
0.991477
0.990702
0.995716
0.991553
0.985720
0.985922
0.989908
1.001096
0.991851
0.998899
0.983691
0.982765
0.994100
0.984204
0.986658
1.000066
1.002830
0.990394
1.001147
0.988288
0.980041
0.997410
0.997319
0.993497
0.994819
0.985722
0.983002
0.989135
1.000573
0.982616
0.995034
0.976509
0.989189
0.999983
0.989438
0.998735
0.994556
0.993246
0.992429
0.997287
0.990458
1.002764
0.995169
1.001570
0.984093
0.986501
0.994313
1.004470
0.996352
0.996210
0.991661
0.985532
1.007267
0.993110
0.994281
0.987354
0.975923
0.985548
1.008401
0.981448
0.995701
0.993882
1.005086
0.987299
0.996657
1.006148
0.980440
