# 参数名称：backbone.features.13.conv.4.running_var
# 参数形状：(576,)
# 参数数据类型：float32
# 参数值（保留6位小数）：
0.002072
0.001855
0.001117
0.000317
0.000690
0.000569
0.002063
0.001260
0.000875
0.001268
0.001317
0.002153
0.001937
0.000880
0.000168
0.001165
0.002234
0.000407
0.002524
0.000961
0.000795
0.001280
0.000438
0.001261
0.001056
0.000573
0.003357
0.000261
0.001550
0.001196
0.000794
0.000884
0.000601
0.000132
0.001189
0.001157
0.001302
0.000354
0.000822
0.000659
0.001068
0.004077
0.004097
0.000477
0.002280
0.001859
0.003833
0.000718
0.001911
0.000584
0.002129
0.000367
0.001288
0.001343
0.000480
0.000993
0.000463
0.000262
0.001453
0.001452
0.001363
0.000980
0.000874
0.000354
0.000584
0.000793
0.000531
0.000672
0.000631
0.000577
0.000724
0.000687
0.001158
0.001903
0.003193
0.000682
0.001593
0.000837
0.003174
0.000382
0.000846
0.000287
0.000805
0.002456
0.001632
0.001866
0.000686
0.003011
0.001254
0.001434
0.000871
0.000715
0.001019
0.002894
0.000898
0.001258
0.000534
0.001262
0.005533
0.006233
0.000986
0.000684
0.001855
0.002099
0.000975
0.002445
0.000774
0.001360
0.000255
0.000408
0.001580
0.001529
0.001129
0.001496
0.000733
0.000836
0.001894
0.002909
0.000923
0.000127
0.001037
0.000455
0.001585
0.001409
0.000977
0.000596
0.000226
0.000695
0.000816
0.000418
0.000522
0.000174
0.000389
0.000424
0.000730
0.000217
0.001537
0.000359
0.002965
0.000681
0.002022
0.001400
0.001458
0.003286
0.003680
0.001516
0.000442
0.001272
0.001142
0.002273
0.000361
0.001515
0.001283
0.001415
0.000413
0.001668
0.001003
0.000089
0.000514
0.001627
0.004515
0.000357
0.000936
0.000842
0.000311
0.002769
0.000740
0.000785
0.001343
0.000623
0.000785
0.000507
0.001656
0.000623
0.000771
0.001228
0.000662
0.000508
0.001027
0.001133
0.002044
0.001941
0.001198
0.002851
0.001211
0.000525
0.003147
0.003133
0.001151
0.001366
0.000498
0.000160
0.000922
0.001005
0.000852
0.004356
0.001323
0.000651
0.003649
0.000426
0.001753
0.001471
0.000880
0.002420
0.001254
0.000515
0.003264
0.001519
0.000767
0.000229
0.000884
0.000693
0.001466
0.001143
0.000761
0.002756
0.000637
0.000592
0.000572
0.000712
0.002614
0.001127
0.000337
0.000750
0.000632
0.000329
0.001549
0.001614
0.000572
0.001055
0.000865
0.000261
0.001018
0.000475
0.000689
0.001600
0.000145
0.000587
0.000094
0.002843
0.002417
0.001261
0.000272
0.000521
0.001158
0.000702
0.001211
0.000919
0.000571
0.000831
0.001148
0.001712
0.000223
0.000436
0.000260
0.001253
0.000801
0.000214
0.000542
0.000834
0.001213
0.000969
0.001257
0.001369
0.001054
0.000253
0.002013
0.001128
0.002149
0.001084
0.000461
0.001140
0.000740
0.000887
0.000840
0.001795
0.000462
0.002707
0.003017
0.000496
0.001051
0.000653
0.002050
0.000059
0.002666
0.000917
0.000547
0.000667
0.000461
0.000344
0.000600
0.000557
0.001037
0.001467
0.000623
0.000505
0.000448
0.000791
0.000791
0.001567
0.000665
0.000889
0.000914
0.000587
0.000407
0.001169
0.004012
0.000459
0.004233
0.002475
0.000680
0.003373
0.001588
0.005462
0.001750
0.001296
0.000341
0.002119
0.000177
0.000586
0.001290
0.000669
0.000489
0.003801
0.002662
0.001211
0.000907
0.001474
0.001680
0.002396
0.001323
0.001288
0.000423
0.001490
0.001088
0.000370
0.004170
0.001141
0.000999
0.001441
0.001815
0.000572
0.000540
0.002317
0.000453
0.000172
0.001685
0.000345
0.000554
0.000264
0.000348
0.000123
0.002499
0.001149
0.000182
0.001512
0.000834
0.000899
0.002595
0.000318
0.010883
0.002109
0.002303
0.000450
0.000972
0.001363
0.000289
0.000638
0.000414
0.001354
0.000693
0.001004
0.000748
0.000806
0.001700
0.002251
0.000881
0.000941
0.000165
0.000793
0.000967
0.001307
0.000340
0.000628
0.000694
0.000620
0.000378
0.000966
0.002008
0.000264
0.000732
0.001079
0.000803
0.000401
0.000599
0.000709
0.000391
0.001082
0.000670
0.000869
0.000351
0.002901
0.000526
0.000461
0.000828
0.000934
0.003030
0.000498
0.000897
0.000338
0.001093
0.002814
0.001045
0.005092
0.000720
0.003963
0.000638
0.002506
0.000964
0.002522
0.001129
0.000844
0.000375
0.000356
0.000591
0.001136
0.000327
0.000487
0.000704
0.000495
0.000307
0.000425
0.000421
0.001293
0.001346
0.000385
0.001873
0.000271
0.000663
0.000576
0.000727
0.000713
0.001362
0.000599
0.000352
0.001045
0.002212
0.001001
0.000244
0.001010
0.000562
0.002415
0.001146
0.000990
0.000913
0.000816
0.002140
0.001668
0.000659
0.000695
0.001938
0.000374
0.001353
0.000457
0.000435
0.001147
0.000193
0.002917
0.001076
0.000764
0.002071
0.000349
0.002214
0.001318
0.001356
0.001554
0.002236
0.002142
0.000611
0.000910
0.001537
0.002072
0.000954
0.001838
0.000530
0.000472
0.000756
0.001440
0.000230
0.002060
0.000994
0.001734
0.002973
0.001446
0.000429
0.001414
0.001712
0.000396
0.001189
0.000337
0.000684
0.001897
0.000934
0.001448
0.000574
0.000543
0.000447
0.000729
0.000495
0.000395
0.004104
0.000728
0.000708
0.000887
0.002724
0.001051
0.000652
0.002024
0.000113
0.000921
0.000249
0.000841
0.000134
0.001020
0.000487
0.000783
0.000550
0.000920
0.000514
0.000489
0.001763
0.000644
0.004552
0.001383
0.000538
0.000141
0.006101
0.000724
0.003064
0.000353
0.002229
0.000135
0.000369
0.002164
0.001112
0.000582
0.001397
0.000415
0.002385
0.000927
0.001219
0.000879
0.000219
0.001955
0.000702
0.002756
0.000381
0.001493
0.000964
0.001122
0.001615
0.002549
0.001110
0.000562
0.001129
0.001983
0.000591
0.000467
0.000691
0.001109
0.000384
0.000422
0.000396
0.000991
0.000408
0.002330
