# 参数名称：backbone.features.9.conv.4.running_var
# 参数形状：(384,)
# 参数数据类型：float32
# 参数值（保留6位小数）：
0.000694
0.001799
0.005614
0.001103
0.001751
0.001401
0.001345
0.003068
0.000659
0.002558
0.001393
0.004978
0.001863
0.004390
0.001584
0.001481
0.000833
0.001077
0.001692
0.003851
0.001228
0.002593
0.001637
0.002116
0.000509
0.001439
0.001235
0.003171
0.001553
0.002754
0.000857
0.001194
0.000872
0.001257
0.001319
0.001307
0.001090
0.003321
0.002048
0.003440
0.006741
0.001388
0.004491
0.000578
0.001879
0.000551
0.002629
0.000782
0.003452
0.000370
0.000945
0.001337
0.002538
0.001061
0.007783
0.003485
0.004982
0.000662
0.000689
0.001396
0.000501
0.001537
0.002082
0.001449
0.001346
0.000549
0.001755
0.000691
0.002234
0.001230
0.001553
0.000549
0.000774
0.002353
0.001313
0.000392
0.001294
0.000899
0.001407
0.000230
0.001668
0.001586
0.001480
0.000943
0.003797
0.001487
0.000909
0.001388
0.001394
0.002093
0.000695
0.002782
0.001018
0.001668
0.001926
0.002745
0.000461
0.002337
0.000676
0.001991
0.000493
0.001099
0.000687
0.000210
0.003269
0.000739
0.001012
0.000348
0.002872
0.001559
0.001023
0.001790
0.002945
0.000803
0.000882
0.000882
0.001384
0.001211
0.001914
0.002559
0.000254
0.000702
0.001577
0.005133
0.000962
0.003951
0.002759
0.001255
0.003870
0.001111
0.002895
0.000434
0.001207
0.000661
0.004076
0.001152
0.000711
0.001030
0.006004
0.001653
0.000474
0.001574
0.001096
0.002029
0.002361
0.000200
0.003731
0.001414
0.001075
0.004754
0.003632
0.000623
0.002001
0.003336
0.000637
0.002062
0.000730
0.000872
0.002649
0.001138
0.000992
0.000778
0.000541
0.001340
0.001132
0.000408
0.001565
0.001944
0.003115
0.000766
0.000381
0.000372
0.001780
0.002285
0.001034
0.001615
0.000680
0.000717
0.005265
0.001580
0.003905
0.001048
0.000851
0.000773
0.001437
0.001078
0.000263
0.000976
0.001816
0.000326
0.002014
0.002748
0.002268
0.000887
0.001630
0.002714
0.000835
0.001843
0.001167
0.000759
0.002832
0.000609
0.000298
0.000484
0.000864
0.001473
0.000469
0.001351
0.003424
0.000390
0.001159
0.002608
0.002931
0.000832
0.002189
0.001493
0.001288
0.001649
0.002307
0.004094
0.002604
0.003266
0.001565
0.002826
0.001330
0.001119
0.001883
0.002231
0.003353
0.002358
0.001675
0.001134
0.002758
0.000866
0.008100
0.000925
0.002894
0.001373
0.001617
0.003443
0.001194
0.000979
0.001637
0.000136
0.001065
0.001737
0.001255
0.001633
0.001242
0.001207
0.001904
0.003096
0.001557
0.001041
0.001027
0.001223
0.000780
0.002493
0.000408
0.002315
0.000456
0.001351
0.000953
0.000291
0.001639
0.000206
0.002204
0.000589
0.006760
0.001150
0.000968
0.002163
0.000774
0.001359
0.002637
0.001756
0.004231
0.001320
0.000508
0.001425
0.000797
0.002497
0.000597
0.001596
0.001286
0.000653
0.000841
0.001533
0.002169
0.003101
0.001019
0.007505
0.002596
0.002500
0.000726
0.000822
0.001627
0.000781
0.001072
0.003803
0.001304
0.001694
0.002202
0.001063
0.000738
0.001994
0.001947
0.001650
0.000661
0.001545
0.003017
0.001887
0.000797
0.000931
0.000433
0.002081
0.000706
0.000582
0.002487
0.001119
0.004072
0.003132
0.002147
0.001393
0.001737
0.002339
0.001328
0.002232
0.003589
0.001541
0.000403
0.001779
0.001788
0.002088
0.002238
0.001007
0.001814
0.001946
0.000531
0.001441
0.002633
0.000676
0.001332
0.001270
0.001102
0.002471
0.001733
0.001536
0.001142
0.000694
0.000741
0.000936
0.002456
0.000826
0.002995
0.000608
0.001756
0.001142
0.000450
0.002213
0.000449
0.001444
0.000828
0.001090
0.001127
0.000899
0.000305
0.001402
0.000449
0.000876
0.001644
0.002369
0.009539
0.001158
0.001377
0.000309
0.001656
0.000922
0.000666
0.000541
0.000314
0.003104
0.002541
0.002247
