# 参数名称：backbone.features.10.conv.1.weight
# 参数形状：(384,)
# 参数数据类型：float32
# 参数值（保留6位小数）：
0.859249
0.863063
0.896021
0.876126
0.861450
0.857310
0.940047
0.859906
0.860628
0.890313
0.870670
0.858906
0.867733
0.860362
0.927280
0.886109
0.858744
0.865038
0.898451
0.934291
0.866816
0.881628
0.904949
0.920769
0.859352
0.925386
0.858118
0.857272
0.866774
0.885992
0.857296
0.881711
0.859400
0.886432
0.866030
0.859247
0.857760
0.858055
0.890859
0.857259
0.865921
0.862641
0.858231
0.857363
0.929501
0.896923
0.860706
0.880233
0.947426
0.869749
0.909404
0.862925
0.918515
0.857105
0.877902
0.864951
0.923709
0.878416
0.858422
0.858243
0.857849
0.900158
0.920227
0.919367
0.884695
0.857285
0.857443
0.917612
0.859310
0.858987
0.889331
0.879890
0.864452
0.857505
0.865476
0.863355
0.877504
0.928300
0.858123
0.861705
0.894519
0.863089
0.866396
0.857649
0.900335
0.857683
0.893928
0.858934
0.858264
0.876596
0.857251
0.881024
0.857909
0.857455
0.872873
0.857977
0.863978
0.877520
0.923725
0.868990
0.935118
0.891832
0.905719
0.861418
0.861083
0.859367
0.901976
0.879963
0.907986
0.858850
0.868086
0.857767
0.863145
0.883509
0.860305
0.897953
0.865453
0.868176
0.874577
0.859275
0.865688
0.916553
0.909737
0.861166
0.883030
0.863133
0.861012
0.870456
0.904902
0.857132
0.914824
0.877183
0.876093
0.859728
0.910602
0.903199
0.857576
0.925756
0.862712
0.859779
0.881416
0.857433
0.900813
0.907104
0.862431
0.881131
0.857611
0.859556
0.858455
0.870500
0.906837
0.890397
0.893315
0.860999
0.858365
0.859333
0.863459
0.867789
0.903266
0.873350
0.878659
0.857633
0.880937
0.862649
0.873036
0.902859
0.900493
0.894633
0.857166
0.884379
0.898543
0.869035
0.865264
0.877898
0.858889
0.859051
0.857578
0.872362
0.863197
0.858869
0.900379
0.869707
0.889158
0.857353
0.860198
0.857390
0.865212
0.857870
0.903855
0.906284
0.900093
0.867973
0.857401
0.859644
0.869586
0.862722
0.858688
0.859595
0.859413
0.869463
0.858825
0.857377
0.865883
0.858221
0.859917
0.862128
0.865347
0.857233
0.877719
0.861460
0.862865
0.857729
0.873341
0.897745
0.862412
0.933715
0.881506
0.866336
0.876044
0.882051
0.860491
0.932696
0.911094
0.879008
0.857318
0.857707
0.857408
0.943029
0.917531
0.858812
0.873308
0.862655
0.891227
0.859410
0.949401
0.878648
0.859236
0.885020
0.877211
0.857646
0.888268
0.870348
0.905354
0.913517
0.893029
0.857412
0.859937
0.863968
0.863703
0.864064
0.871383
0.861554
0.869684
0.868057
0.859631
0.870608
0.857688
0.888541
0.881594
0.875802
0.859732
0.944801
0.857470
0.876245
0.895468
0.857681
0.879913
0.875942
0.858986
0.857958
0.859790
0.859821
0.857424
0.858610
0.857875
0.922891
0.906801
0.912546
0.904314
0.857631
0.858087
0.870902
0.913245
0.871071
0.867430
0.869550
0.858914
0.857603
0.857867
0.879004
0.858239
0.858831
0.857281
0.871827
0.857424
0.859534
0.893921
0.897313
0.902272
0.910859
0.857612
0.863166
0.886068
0.858506
0.858212
0.896828
0.858325
0.920084
0.857225
0.883750
0.857657
0.871587
0.859813
0.861875
0.861303
0.857456
0.867904
0.904264
0.860306
0.864711
0.936978
0.857180
0.888093
0.895326
0.883435
0.908460
0.857498
0.894233
0.886860
0.864765
0.857184
0.867200
0.869021
0.857427
0.858377
0.871958
0.858530
0.876692
0.886008
0.889022
0.897397
0.913540
0.858315
0.898119
0.857366
0.872697
0.877743
0.860214
0.889879
0.876526
0.920420
0.857604
0.926231
0.859714
0.863337
0.885934
0.877381
0.897006
0.917020
0.897727
0.864064
0.861162
0.879944
0.862286
0.884807
0.961853
0.887096
0.859354
0.858183
0.890416
0.859681
0.881889
0.907264
0.912029
0.859999
0.868266
0.857485
0.893043
0.857472
0.912365
0.869227
0.859698
0.859123
0.924048
