# 参数名称：backbone.features.14.conv.4.running_mean
# 参数形状：(576,)
# 参数数据类型：float32
# 参数值（保留6位小数）：
-0.005991
0.010491
-0.001480
-0.032851
0.000267
0.009370
0.009063
-0.001916
0.005434
0.022482
-0.003504
0.016580
-0.025521
0.004893
0.002886
0.019589
-0.012031
0.019086
0.009603
0.011819
0.027967
-0.031680
0.018467
-0.003949
-0.011793
0.005272
0.020011
0.013432
-0.012167
0.030297
-0.006978
-0.015927
0.011425
0.009244
0.022913
-0.019731
-0.028735
0.011094
0.018275
0.037999
-0.013459
-0.029957
-0.008938
0.019902
0.014713
0.003642
-0.016581
0.014542
-0.014232
-0.000992
0.007339
0.015195
-0.026815
-0.005690
0.006141
-0.006772
-0.013294
-0.022873
-0.012146
0.027682
0.023226
-0.007467
0.006481
-0.017959
-0.035086
-0.000227
-0.008342
-0.012969
-0.020471
-0.018572
0.014697
0.015161
0.000661
0.038482
0.003639
0.002954
-0.027701
0.015430
0.007454
0.012795
-0.019849
-0.008625
-0.016376
0.011808
-0.027794
0.017786
-0.041267
-0.004455
0.028340
0.011229
-0.019193
-0.020424
-0.002899
0.002919
-0.007586
-0.004791
0.033012
-0.015856
-0.007687
-0.015191
0.013952
-0.012328
0.025082
0.019034
0.019786
0.029309
0.005720
-0.009058
-0.009492
-0.025826
0.007480
0.036140
-0.010381
0.006626
-0.003262
0.014200
-0.035720
0.013790
-0.002128
-0.011125
0.008764
0.025024
-0.021358
-0.010484
0.002630
-0.045393
0.010620
-0.031436
-0.019933
-0.000109
0.004327
0.017207
0.012395
-0.017770
0.007491
0.022728
-0.017817
-0.012208
-0.000001
0.000261
-0.004427
0.004940
-0.015477
0.001598
-0.004194
0.020150
0.018672
-0.037635
0.036910
-0.031049
0.011954
-0.033338
0.014595
0.016540
-0.013096
-0.041153
-0.027680
-0.028111
0.030286
-0.000216
0.016692
-0.007841
0.012240
0.006070
0.020698
0.024558
0.007492
-0.024621
-0.011981
0.028313
-0.000672
-0.020392
-0.005568
0.006579
-0.010765
0.007070
0.009049
0.021122
-0.011161
0.011334
0.015165
0.002526
-0.018912
-0.000377
-0.006288
0.021245
-0.019158
-0.006866
0.000483
-0.002708
0.028861
0.007104
0.005692
-0.046304
0.014499
0.025346
0.015536
-0.022200
-0.028370
0.018421
0.011522
0.002218
0.014152
-0.010132
0.020240
0.027298
0.009307
-0.004804
-0.018189
-0.027999
0.009535
-0.059209
-0.012029
0.009083
-0.014900
-0.014075
-0.008601
-0.002659
-0.004340
-0.017614
0.012701
-0.019601
0.028407
0.024067
0.013112
-0.043761
0.001569
0.011966
-0.006591
0.016722
0.013367
0.018465
-0.023150
0.000069
0.008438
0.006014
0.030708
0.000694
0.043472
0.001661
-0.021537
0.009399
-0.019337
-0.035045
-0.000775
0.015464
0.019913
0.043867
0.009089
-0.010228
0.003029
-0.016411
-0.001756
0.022291
0.005721
0.023946
-0.002528
0.010535
0.007407
0.005736
0.014697
0.019361
-0.000770
-0.028613
0.007979
-0.016477
0.028497
0.030067
-0.015705
0.029816
-0.038390
-0.022028
-0.015614
-0.002472
0.022583
-0.021574
0.000708
0.012534
-0.009162
-0.005920
0.007351
0.025141
0.024441
0.008038
-0.023676
0.020028
-0.014565
0.009384
-0.001157
-0.023173
0.006809
-0.025933
-0.002011
-0.010288
0.010293
0.012737
0.015808
-0.012213
-0.012335
0.003513
-0.003636
-0.014731
-0.022410
0.000480
0.014606
0.018816
0.010638
0.004404
0.011613
0.016970
-0.024817
-0.019274
0.026459
-0.011950
0.018624
0.013260
-0.001814
-0.001493
0.024019
0.024009
-0.026285
-0.011848
0.007968
-0.009187
-0.000654
0.012604
0.042402
0.016038
0.014974
0.008158
-0.012639
-0.003139
-0.015029
0.040873
-0.017695
-0.033256
-0.009093
0.024538
0.015564
0.015459
0.007314
0.002462
-0.015815
0.013159
0.000884
0.023134
-0.023138
-0.011250
0.014653
-0.002509
-0.025413
-0.011448
-0.022512
-0.002913
0.043379
-0.011220
0.008995
0.003088
0.001369
-0.013666
-0.003720
-0.003328
0.012908
0.009235
0.014418
0.012359
0.026153
0.022003
0.003095
-0.012836
0.018499
-0.016144
-0.005346
-0.017656
0.036844
0.040408
0.003337
0.038235
0.019039
0.019635
-0.005407
-0.028068
-0.032847
-0.013614
-0.013978
0.004988
0.015652
-0.005105
0.007351
-0.002534
-0.012232
-0.006638
-0.031783
0.015747
0.016747
0.001481
0.002550
-0.006671
0.023239
0.010437
0.030882
-0.021956
-0.018251
0.008466
0.014794
-0.006043
0.009809
-0.005913
0.006860
0.011985
0.017167
0.016151
-0.013260
0.013564
-0.000421
-0.001111
0.006369
0.058316
-0.012700
-0.004561
-0.000835
-0.028626
0.012522
-0.013077
0.001419
0.003600
-0.002419
0.008694
-0.014419
-0.020342
-0.006963
-0.000651
0.000348
0.026025
0.022926
0.002844
-0.012028
0.016018
0.006660
-0.002803
-0.004456
-0.002292
-0.004364
0.016372
-0.000233
0.005314
-0.011565
0.027886
-0.019999
0.027548
0.001488
0.012595
0.007981
0.010549
-0.042283
0.021888
0.023346
0.002504
-0.013891
-0.012849
-0.003014
0.036862
0.009199
-0.030668
0.018507
0.011477
-0.029604
-0.017946
0.007072
0.008198
-0.010530
0.000025
-0.007601
0.010107
0.014146
0.028743
-0.015743
-0.029107
0.007253
-0.003670
0.003180
-0.008900
-0.017301
-0.012490
-0.020706
-0.000412
-0.023948
-0.006614
-0.026548
0.011837
-0.033066
0.031397
-0.003879
0.015735
-0.003696
0.023045
0.003986
-0.010764
0.001659
-0.000153
0.004733
-0.012365
0.011579
-0.011617
0.009932
0.013485
-0.016506
0.019440
0.006288
-0.014973
0.016935
0.027969
-0.027121
-0.000589
-0.011515
0.020941
-0.017914
-0.002171
-0.001996
-0.021219
0.014078
-0.008678
0.022630
0.014527
0.022604
-0.033943
0.031991
0.013309
0.039898
-0.014241
-0.015320
0.003297
0.016874
-0.017110
0.010528
0.003602
-0.022436
0.011017
0.013889
0.014879
0.004229
0.019944
-0.011411
-0.012190
0.014062
-0.013251
0.004592
0.010046
-0.028734
-0.026413
-0.001907
-0.030116
-0.018030
0.008823
-0.002631
0.024707
0.012700
0.008196
-0.023890
0.006797
0.011841
-0.019633
-0.009464
-0.025611
0.016939
0.015719
0.033201
0.019000
0.005979
0.041548
0.009639
-0.007794
0.031534
-0.019554
0.026625
0.024744
