# 参数名称：backbone.features.11.conv.7.weight
# 参数形状：(96,)
# 参数数据类型：float32
# 参数值（保留6位小数）：
0.993754
0.983198
0.979326
0.985400
0.980331
0.987684
0.978043
0.977396
0.994652
0.975808
0.992450
0.982775
0.987451
0.993641
0.982353
0.988420
0.989424
0.983483
0.978742
0.989392
0.972250
0.978589
0.993467
0.987404
0.980914
0.989524
0.992153
0.975944
0.987464
0.987289
0.986621
0.988068
0.981043
0.985193
0.982982
0.985931
0.975594
0.980817
0.990289
0.988194
0.983277
0.972740
0.994196
0.982966
0.990488
0.977894
0.977026
0.982686
0.991936
0.981902
0.995268
0.984459
0.981878
0.983704
0.987405
0.990565
0.979734
0.989507
0.987325
0.971881
0.991255
0.992310
0.985874
0.978310
0.979326
0.977139
0.971260
0.989175
0.991806
0.977185
0.989155
0.988998
0.983316
0.993763
0.980428
0.978611
0.972183
0.983061
0.979801
0.984448
0.977397
0.983821
0.994476
0.985335
0.988016
0.991997
0.989928
0.988670
0.981855
0.991981
0.990767
0.983749
0.996211
0.988593
0.989475
0.985149
