# 参数名称：backbone.features.7.conv.3.weight
# 参数形状：(192, 1, 3, 3)
# 参数数据类型：float32
# 参数值（保留6位小数）：
0.016179 -0.036991 -0.000706
0.013227 -0.064295 0.003853
-0.035878 -0.041451 -0.025997
-0.076240 -0.002109 -0.038624
0.000583 -0.011125 -0.034151
0.045826 -0.017305 0.020909
0.039996 0.010440 0.047556
0.070162 -0.022563 0.009328
-0.008596 -0.010391 0.030136
-0.013504 0.015435 -0.027760
0.063636 -0.043429 0.009928
-0.012152 -0.045143 0.002735
0.061072 -0.022250 0.013210
0.094811 0.028949 0.032548
-0.002434 -0.070182 0.027703
-0.006292 -0.013326 -0.017213
-0.059961 -0.006407 -0.032521
-0.066924 -0.006324 0.028396
-0.061102 -0.015538 -0.008869
-0.022216 0.017186 -0.013718
-0.001180 -0.019756 -0.021478
-0.029309 0.024012 -0.034880
0.074883 0.015684 0.019654
0.061431 -0.019052 0.023650
0.015208 -0.027876 0.013834
-0.001867 -0.039593 0.070040
0.022457 0.056610 -0.014889
-0.005304 -0.057419 -0.005864
0.018804 0.017332 0.041940
0.010097 0.041532 -0.048748
0.043937 0.021305 -0.041818
-0.055576 -0.032080 -0.106255
-0.071539 0.049694 0.050209
0.039783 0.078390 -0.014385
0.017168 -0.045339 0.000789
0.011580 -0.004649 0.037523
0.011363 -0.012538 0.037199
0.010140 -0.129546 0.058904
-0.013417 -0.040958 -0.004421
-0.003643 -0.053321 0.002694
0.052385 0.005894 -0.019200
0.079595 -0.004858 -0.075868
-0.026176 -0.019000 0.037010
-0.001220 0.023598 0.042120
0.015034 0.021431 0.018817
-0.029200 -0.014761 0.006376
-0.006625 -0.026284 0.002034
-0.027573 -0.000144 0.026773
0.009966 -0.017100 0.082542
-0.019356 0.019744 -0.032946
-0.054684 0.045836 -0.009046
0.023500 0.039727 -0.053186
0.001467 -0.003366 0.027163
0.017796 -0.007709 -0.023513
-0.008611 0.045237 -0.050068
0.000629 -0.002563 0.070267
-0.031714 0.058573 -0.030161
-0.057339 0.045896 0.027996
-0.011855 -0.034026 -0.003205
0.010601 0.031701 -0.089931
0.061829 -0.012393 0.001577
-0.075764 -0.023359 -0.039893
0.018591 -0.044549 0.008843
-0.037489 -0.000193 0.020341
0.003793 0.075777 0.078200
-0.018672 -0.031447 0.021167
-0.010947 -0.041966 0.002890
-0.014477 0.040140 0.069465
0.025930 0.033211 0.009679
0.015120 0.010970 0.059313
0.031241 -0.040446 -0.030047
0.003975 -0.019188 0.026702
-0.011886 0.067300 -0.007581
-0.122938 -0.046950 -0.026962
-0.022920 -0.004867 -0.000765
-0.040329 -0.010947 -0.020856
0.015951 -0.006086 0.026813
-0.003083 0.031485 0.035350
0.006175 -0.069222 -0.041943
0.001862 0.019608 -0.002141
-0.004371 -0.014478 0.023185
0.036716 0.000441 -0.064040
-0.005411 0.042537 -0.025445
0.017276 0.014360 0.008313
-0.033380 -0.021942 -0.019511
-0.042281 0.021202 -0.033528
0.077665 0.017560 0.033141
-0.015028 0.014909 0.012875
-0.003500 -0.023560 0.011999
-0.014958 -0.031152 0.047142
0.019029 -0.029488 0.025331
0.003957 -0.010162 0.034037
0.010363 -0.009051 0.016266
0.023559 0.005228 0.001402
0.022940 -0.026466 0.014095
-0.043697 0.008706 -0.015729
-0.078252 -0.009071 -0.014970
-0.003999 -0.028085 0.032577
0.056575 0.062152 0.008146
0.028716 0.006395 -0.046979
0.038364 0.011267 0.016630
-0.041956 -0.031879 -0.018673
0.013692 0.022861 0.018942
0.043904 0.037743 -0.015822
-0.019611 0.021637 -0.043523
-0.027572 0.028617 -0.012837
-0.019600 -0.064472 0.045525
0.006989 0.022054 -0.033078
-0.028530 -0.019809 0.034885
0.005106 -0.019571 0.014626
0.040453 -0.001889 0.007825
0.028260 -0.007539 -0.016630
-0.013849 -0.075088 0.006349
-0.001740 0.022932 -0.002102
-0.003591 -0.046025 -0.038775
0.035974 -0.021109 -0.015340
-0.043740 0.038154 0.025679
0.031496 -0.000105 0.007987
-0.016659 0.060735 0.003389
0.047176 -0.005896 -0.001057
0.036021 0.020963 0.003779
0.019232 -0.026887 0.024651
0.034300 -0.020202 0.003960
-0.080982 0.046507 0.008419
-0.025637 -0.014451 0.034958
0.015178 -0.020828 0.011687
-0.018570 -0.017124 0.048918
0.071312 0.002015 0.041737
-0.013084 -0.044589 0.003169
-0.008592 -0.010275 0.041049
-0.027630 -0.005046 0.013064
-0.021643 -0.004282 -0.005652
0.020081 -0.017660 0.067131
-0.043415 -0.015977 -0.024405
-0.001285 -0.060935 0.006130
0.009905 -0.036756 -0.030224
0.037430 -0.033112 -0.007860
-0.083606 0.042231 0.011862
0.031679 0.049770 -0.029164
0.047637 -0.051814 0.013009
0.071446 -0.050141 -0.006175
-0.052262 0.035202 -0.032703
-0.045111 -0.023160 -0.020334
0.020471 0.019950 0.021306
0.028536 -0.032587 -0.013302
-0.023808 0.026901 0.012730
0.072781 -0.057599 -0.053534
-0.028866 0.051872 -0.061895
-0.017199 -0.072687 0.007862
0.019073 -0.009129 -0.058523
-0.000590 0.021683 -0.066692
0.015269 -0.003150 -0.014456
-0.078621 0.031339 0.012503
-0.008541 0.033158 0.034802
-0.013928 -0.000066 0.050342
-0.024179 0.033029 -0.011326
-0.021763 0.023423 0.048304
0.011279 0.019407 -0.025954
-0.013502 0.058253 -0.019932
0.016181 -0.032369 0.080644
0.042042 0.016218 0.039776
-0.035616 -0.040715 -0.035546
0.019702 -0.020652 -0.038900
-0.052668 -0.010603 0.018323
-0.017690 0.090603 0.007035
0.028289 -0.016837 0.032328
0.004094 -0.002090 -0.050627
-0.000654 -0.017440 -0.014688
0.071437 -0.036709 -0.043785
0.032486 0.029594 0.027497
-0.016295 0.012325 -0.004787
-0.013032 0.075243 -0.026681
0.015682 -0.008358 -0.052964
0.002707 0.001648 -0.023263
0.003632 -0.071814 -0.040375
-0.057175 0.024873 0.023802
-0.021368 -0.055414 -0.011210
0.013190 0.026071 0.041205
0.069297 0.044841 -0.048105
-0.069558 0.011288 0.004238
-0.037774 0.000533 -0.041286
0.029164 0.042364 -0.016242
0.051619 0.051850 0.062165
-0.015337 0.039368 0.031091
0.032079 0.045406 -0.015733
0.017168 0.053712 0.015680
0.027881 0.025587 -0.049193
-0.017603 -0.036421 -0.016821
-0.010146 -0.061867 0.016954
-0.030726 -0.012997 -0.052235
0.055658 -0.035955 -0.003866
0.034071 0.027250 -0.039522
0.005228 0.044331 -0.004683
-0.002193 -0.003239 -0.019491
-0.031633 -0.034306 -0.051977
0.049700 -0.076094 -0.000167
-0.019740 -0.019452 -0.049459
-0.032231 -0.026001 0.034064
-0.005010 -0.031303 -0.020444
0.041143 0.036410 0.057524
0.003215 -0.029945 0.041074
-0.054119 -0.005336 0.005717
0.002985 -0.042847 0.023180
0.011418 -0.023651 -0.010854
0.033925 -0.000528 -0.046431
0.006473 0.014618 0.017626
0.037681 -0.011726 -0.019658
0.068297 -0.003521 0.000199
-0.002812 0.001988 0.051130
0.035955 0.056856 0.046609
0.008437 -0.005693 -0.038812
0.002278 0.010083 0.006495
-0.022425 0.012298 0.042477
-0.000438 -0.042761 -0.046544
-0.005050 0.005101 0.030657
0.081397 -0.048569 0.038343
-0.015220 -0.046437 0.021686
0.008674 0.020237 0.029478
-0.012572 0.042039 0.030604
0.025642 -0.036746 0.041442
-0.014987 0.032946 -0.002789
-0.055103 0.038533 -0.066668
-0.038045 -0.004788 -0.031116
0.052262 -0.005099 0.012731
0.072194 -0.013969 -0.024876
-0.036265 -0.021987 0.038654
0.029101 -0.031106 -0.026124
-0.033540 0.011814 0.026088
0.018847 0.038795 0.058160
0.019666 0.018032 0.014788
0.024277 0.058983 0.026531
-0.008970 -0.032565 -0.008670
-0.070425 0.014761 -0.033028
-0.008816 0.043175 -0.012723
-0.005469 -0.033972 0.015484
0.048402 -0.037303 -0.037676
-0.014080 -0.048698 0.034369
-0.038709 0.096293 0.029055
0.061946 -0.017816 0.066905
0.047087 -0.044772 -0.009452
0.021648 -0.033816 -0.050601
0.020864 0.018944 0.069053
0.016148 -0.001244 0.027721
0.037182 0.021639 0.050635
0.019567 -0.031053 0.003324
0.042501 0.026403 -0.038964
-0.000367 0.047138 -0.035110
0.069323 0.000353 0.063773
-0.013700 -0.006543 0.017618
-0.042765 -0.027074 0.068144
0.004093 -0.012332 -0.047383
0.011312 -0.008710 -0.030159
0.000118 -0.003365 0.022842
-0.014014 0.020390 -0.050190
0.005244 -0.007134 0.007796
-0.016226 -0.038781 0.019903
-0.012449 -0.028876 -0.045206
-0.001862 -0.018903 0.031449
-0.031013 -0.003241 0.073023
0.019194 0.002286 -0.019324
-0.033592 0.016093 0.001383
-0.009891 -0.092549 0.046233
0.022243 0.052541 -0.004219
-0.028360 -0.014318 0.038442
0.065337 0.017484 -0.043359
0.016119 -0.018369 -0.040949
0.032517 -0.008260 0.013300
0.024542 0.006050 0.021697
-0.030246 -0.034589 -0.027254
-0.044875 0.013087 -0.021385
-0.037665 0.012645 -0.036844
0.065323 0.018215 0.014951
-0.034565 0.036395 -0.012028
-0.019437 -0.007466 0.040288
-0.023184 -0.031392 -0.028545
-0.011518 -0.041604 -0.046866
0.037174 0.049390 -0.068601
0.020515 0.034444 0.005278
-0.008991 0.022632 -0.010920
-0.018695 -0.025851 -0.016887
-0.020601 -0.003394 0.010645
0.036945 0.009757 -0.030640
-0.049232 -0.015060 0.023767
0.027934 0.022702 0.032638
0.062105 -0.003099 -0.015453
0.011671 -0.037961 0.051705
0.033659 -0.018076 -0.009687
0.002887 0.069858 0.018746
0.006252 -0.021884 -0.011420
0.007640 0.000248 0.037010
0.025658 -0.007231 -0.017224
0.052181 -0.049071 0.020163
0.007878 0.030868 0.001799
-0.003986 0.043228 0.002382
0.037134 -0.018029 -0.043483
-0.022447 -0.006928 -0.050108
-0.045945 0.020589 0.036736
-0.003047 0.033929 -0.014730
-0.045850 0.042923 -0.013782
0.012720 -0.043911 0.023121
-0.026028 -0.019139 -0.034245
0.004804 -0.060101 0.008235
0.046445 0.001393 0.018148
0.010629 -0.012510 -0.050816
0.014756 0.024509 0.006333
0.005296 -0.036671 0.090840
-0.005458 -0.011099 -0.052361
0.070816 0.029345 0.006551
0.020255 -0.005951 -0.031716
-0.026011 -0.048528 -0.009246
0.073992 0.025847 0.038788
0.008290 0.031203 0.011005
0.046868 -0.062643 0.039208
0.036793 0.033337 -0.039791
-0.029826 0.000411 0.011758
-0.048991 -0.053441 -0.060343
-0.034176 0.037520 -0.035782
-0.029446 -0.006737 -0.040662
0.014477 -0.017971 0.007051
0.008486 0.060438 0.024105
-0.031260 0.076310 0.001599
-0.008925 -0.022537 0.045014
0.047980 -0.036331 0.004330
-0.009266 -0.013169 -0.024298
0.005413 -0.025766 -0.015097
-0.051260 -0.025249 0.069144
0.032235 0.044796 -0.006827
-0.040725 -0.023902 0.029890
-0.003386 -0.015990 0.048017
0.089822 -0.007630 -0.035408
0.089147 -0.002307 0.019854
0.077627 -0.027268 0.005101
-0.010123 0.009824 0.019505
0.029802 0.027120 -0.012475
-0.011301 -0.011331 -0.016325
0.009283 0.040665 -0.007420
0.079001 0.008159 -0.035362
-0.012833 0.008625 0.028739
0.069066 -0.008342 0.006474
0.001375 0.032719 -0.009437
-0.029184 -0.022228 0.006164
-0.082584 -0.032871 0.061852
0.008668 -0.082911 -0.000877
-0.056214 0.009255 0.039441
0.054425 0.014478 -0.016236
0.043391 -0.005910 0.017809
0.045191 0.061976 0.076057
0.013340 0.010700 -0.010747
0.021591 -0.037520 -0.051309
-0.003289 -0.021103 0.019588
-0.000724 0.005307 0.043531
-0.038786 -0.053655 -0.014934
-0.025268 -0.045733 -0.074393
0.023130 -0.085966 0.003792
-0.012621 -0.055331 0.037747
-0.003997 0.024969 0.049062
-0.036614 -0.015133 -0.023867
-0.012111 0.054828 0.007287
0.014963 -0.060306 -0.015484
0.105634 0.002392 -0.036674
0.024766 0.013756 -0.053030
0.045230 -0.048856 0.020832
0.055626 0.002949 0.043256
-0.037782 0.024829 0.019800
0.015927 0.013194 0.015826
-0.005253 -0.032484 0.000299
-0.029086 -0.056273 -0.025478
-0.004287 0.026011 0.027599
0.019676 -0.014930 -0.023949
0.018369 0.048860 -0.042699
-0.005909 0.014992 0.005339
0.062476 -0.021658 -0.044530
-0.023080 0.042347 0.066589
0.020939 -0.002061 -0.028910
-0.023888 -0.011756 -0.017313
0.038241 0.043782 0.026531
-0.011889 -0.004365 0.115636
0.050756 0.029154 -0.010141
0.026312 0.009425 -0.019861
-0.027344 -0.036921 0.040285
-0.033111 0.026064 -0.027234
-0.050141 -0.016083 0.003147
0.015325 0.020853 0.024573
-0.020149 0.022913 0.031678
0.027015 0.021656 0.034119
-0.004709 0.031709 0.041177
0.005946 0.016802 0.059630
-0.012743 -0.025777 -0.017309
-0.015773 0.018902 0.076268
0.026421 -0.007408 0.022607
-0.036799 0.009839 -0.004054
-0.018755 0.027798 -0.004524
-0.017265 0.056087 -0.029544
0.020847 -0.029389 -0.022037
-0.029986 -0.024578 -0.015454
-0.028826 0.033435 0.014955
0.026284 -0.046971 -0.017106
-0.083060 0.026426 -0.014061
-0.023734 0.044148 0.047239
0.033416 0.067884 -0.074585
-0.027511 0.077547 0.012798
-0.009890 -0.040960 0.030426
-0.046756 0.061043 -0.005403
-0.019327 -0.002171 0.004501
0.002380 0.010762 -0.000150
0.015270 -0.008504 0.037614
0.030732 -0.046211 0.032032
0.025039 0.050213 -0.023256
0.036602 -0.028224 0.052788
-0.012604 0.035309 0.017515
-0.097741 0.007289 0.045399
-0.002615 0.022923 -0.003542
0.007713 0.063997 0.006211
0.001388 0.002125 0.032576
0.011938 0.037067 0.040920
0.020624 -0.017126 -0.004218
0.014442 -0.002969 0.039220
-0.015802 0.009510 0.041882
-0.014411 -0.062652 -0.065409
0.008567 0.103808 0.004988
-0.014738 0.052335 0.024303
-0.034358 -0.008526 -0.003593
0.000176 -0.008470 0.038571
-0.006601 -0.007001 -0.017354
0.002600 -0.004514 -0.032175
0.012336 -0.018265 -0.007442
-0.033241 -0.031036 -0.029396
-0.001600 -0.030066 0.026327
0.027678 -0.034665 0.032948
0.016074 -0.006303 -0.009608
-0.013736 0.009842 -0.024923
-0.045539 -0.024093 -0.093636
0.025753 -0.010687 -0.037271
-0.000564 0.013935 -0.025921
-0.028000 0.071477 -0.013994
-0.018459 0.029866 -0.068028
-0.026651 0.043926 0.011127
-0.052577 -0.017746 0.051679
-0.047892 -0.039440 -0.005191
0.052410 0.048438 -0.070492
-0.054881 -0.028434 -0.035080
0.043547 0.036388 0.039731
-0.063486 0.024594 0.037042
0.008834 0.014424 -0.038523
-0.025215 -0.054830 0.035540
0.007249 0.022080 0.066409
0.016853 -0.066600 -0.037017
0.028641 -0.026072 0.031431
-0.006329 0.041161 -0.041234
0.026088 -0.013464 0.072608
0.020698 0.011007 -0.024248
-0.012349 0.019865 0.032826
0.010494 -0.022361 0.029134
0.054269 -0.061953 -0.013863
0.041166 0.017460 -0.004936
0.007267 0.059336 -0.006105
0.014855 0.013385 -0.010512
-0.035484 0.004221 -0.023292
0.045259 0.023727 0.010475
-0.023876 0.002248 0.028618
-0.010088 0.010652 -0.038223
0.001738 0.008578 -0.031938
-0.069909 -0.059426 0.003814
-0.024286 0.052054 0.043205
0.027728 0.013753 0.022214
-0.040646 -0.008610 -0.020553
-0.050856 0.046159 -0.019062
0.025386 -0.004473 0.025009
0.039117 -0.053311 0.026944
-0.005628 0.001464 -0.043087
-0.010031 0.021560 0.035645
-0.050697 -0.001069 -0.011022
-0.051329 -0.035384 0.011944
0.028095 -0.039562 0.025348
0.059551 -0.035037 0.067489
0.010346 -0.015574 -0.006018
-0.067748 0.017558 0.024309
0.039351 0.067854 0.039121
-0.010321 -0.013714 0.001396
-0.027380 -0.013674 0.004083
-0.004990 0.006937 -0.005543
0.011477 0.013452 -0.003630
-0.017027 -0.029574 -0.065755
-0.074711 0.044049 0.013127
0.038059 0.003687 0.037619
0.066203 -0.004526 0.037613
0.053039 -0.005604 -0.025873
-0.009524 -0.039615 0.030751
0.014826 0.004505 -0.061319
0.007027 -0.006696 -0.007728
0.055258 -0.011516 -0.009551
0.024539 0.011154 0.003399
0.030704 0.033143 0.008426
-0.013925 -0.068229 -0.023971
0.016302 0.048136 0.045170
0.000950 0.046834 -0.050434
-0.044794 -0.059185 0.019655
0.004130 0.000523 0.029950
-0.031401 -0.008545 -0.049896
-0.007004 -0.049286 -0.012820
0.076654 0.036606 -0.003406
0.014343 0.008083 0.021803
-0.003700 0.021393 0.044175
-0.006645 0.013374 -0.018917
-0.033209 -0.019239 -0.017819
0.016734 0.074899 0.030198
0.012298 -0.028190 -0.072118
0.051500 -0.015389 -0.021515
-0.018537 0.023421 -0.024281
0.001021 0.006416 0.050346
-0.016382 0.020213 -0.049816
0.015792 -0.017228 -0.012496
0.001769 -0.011074 -0.043386
0.014761 -0.001200 -0.064470
-0.014457 0.022642 -0.001640
-0.020832 0.051419 -0.044774
0.014447 0.017108 0.010953
-0.050072 0.019722 -0.015843
0.043764 -0.060863 0.035300
-0.000471 0.045096 0.022309
-0.015610 0.043066 0.047107
-0.049518 0.002337 0.010728
-0.008968 -0.044660 0.006795
0.010056 0.044936 0.025018
-0.027166 0.018908 -0.000085
-0.020766 -0.014528 0.049442
0.017473 0.053443 -0.068392
-0.028300 0.017865 0.067166
-0.037483 0.088746 0.049121
-0.010013 -0.020965 0.012444
-0.005646 -0.033072 0.069559
-0.006219 -0.041357 -0.004015
-0.022035 0.044643 -0.037955
-0.033217 -0.044567 0.040746
-0.019560 -0.002347 -0.045932
-0.031387 -0.038586 -0.022142
-0.029407 -0.023687 -0.001735
0.010271 0.046532 0.040602
-0.004576 0.012908 0.018567
-0.040004 -0.066246 -0.021820
-0.050017 -0.020314 -0.025225
0.026335 -0.015604 0.025940
-0.002387 -0.015165 -0.052141
0.043832 0.023222 0.003034
0.021895 0.034790 0.009160
0.002638 -0.000122 0.029368
-0.020666 -0.055335 -0.019239
0.022298 -0.041704 0.046773
-0.017586 0.006757 0.016906
0.015476 0.038104 -0.050169
-0.011508 0.058005 -0.025307
0.042817 0.031669 -0.007196
0.003986 -0.011809 -0.065614
0.013038 0.012861 0.013148
-0.022234 0.027204 -0.024343
0.028602 -0.007953 -0.017485
-0.012986 0.071706 -0.036992
-0.050930 0.054028 -0.031391
0.011031 -0.009836 0.008480
-0.040922 -0.029649 0.016812
0.032621 -0.053997 -0.012569
0.033032 0.010771 0.019921
0.045541 -0.063309 -0.028169
0.055259 0.051504 0.034761
-0.002272 -0.023493 0.040689
0.011341 0.006931 0.017392
0.029627 -0.025236 0.001924
-0.000181 0.044211 0.010291
0.041567 0.002031 0.026598
-0.030755 0.004478 0.010038
0.013076 0.056930 0.020053
-0.052021 -0.008634 0.036896
-0.083105 -0.007344 -0.031154
0.000773 0.025371 -0.036777
-0.008434 -0.084814 -0.037256
0.006654 -0.006294 0.048827
