# 参数名称：backbone.features.17.conv.1.running_var
# 参数形状：(960,)
# 参数数据类型：float32
# 参数值（保留6位小数）：
1.083463
2.115413
0.986526
0.728516
1.136840
0.986058
1.847480
0.978930
1.257661
0.961197
1.879364
1.264127
0.993559
1.343502
1.223188
0.744723
0.705563
1.578482
1.602094
1.308051
0.805769
0.881490
0.633826
0.609088
1.188969
1.785884
0.871830
2.026404
1.629656
0.936887
0.805804
1.565210
0.563053
0.987647
1.177299
2.555662
0.790498
0.787214
1.104399
1.326205
1.155201
0.901729
1.972439
1.733282
1.509076
1.183502
1.439419
1.661156
1.259673
0.973368
1.141836
0.863265
0.600938
1.433033
0.916016
1.287213
0.687521
0.939279
1.409242
1.205543
0.859861
1.061667
0.696578
1.235702
1.117992
1.924949
1.124961
0.957815
1.515915
1.388515
1.337916
1.106082
2.163898
0.915225
1.114249
0.778538
0.922895
0.635544
1.196246
1.925011
1.090306
0.481325
1.441642
0.496474
1.549644
1.134830
1.940238
0.916594
1.772992
0.912604
1.042357
0.767218
0.927969
1.099638
1.469282
1.449742
0.925890
2.057449
1.108315
0.933820
1.910512
0.952477
2.060698
1.020078
1.923207
1.211338
0.934703
2.172296
0.866808
1.287818
2.123198
1.233680
1.018654
1.488307
0.935134
1.265463
0.673885
1.504296
1.655677
1.927625
1.766520
1.211780
0.984087
1.042025
1.569980
1.089583
1.205891
1.132814
0.743433
1.532415
0.794501
0.924386
1.033045
0.896267
1.131391
1.138084
0.925006
1.916890
1.107013
1.664923
2.058595
0.946949
1.493757
0.894669
2.220425
1.812517
1.232041
1.893357
0.962952
1.574731
0.769227
0.775751
0.988883
1.343714
0.788670
0.902130
1.272206
1.221981
1.195865
0.849629
1.081486
1.334441
1.493809
0.600533
0.711021
1.263195
1.399255
1.729725
1.305769
1.791025
0.771776
1.402275
0.996072
1.062942
1.074361
1.197002
0.954660
0.931657
1.331540
0.857279
0.940142
1.199211
0.751749
0.957604
0.845264
0.602464
1.328623
0.663446
0.758801
1.186700
0.660611
1.002414
1.686310
0.924182
0.701949
1.243672
0.811819
0.635900
1.034117
1.187136
1.170828
1.693680
1.556738
1.989314
1.638366
0.981241
1.339994
1.894428
1.650606
1.428622
1.345070
0.980868
1.566051
1.424228
2.279985
2.024198
1.331722
1.232862
1.000967
1.124776
1.194852
0.871494
0.742638
1.206821
1.109781
0.818002
2.155820
0.757639
1.009596
1.345648
1.770856
1.522719
1.110306
0.967647
2.202541
1.001988
1.390678
1.138888
1.004324
0.738388
0.734559
1.763150
1.118832
0.855326
1.195362
0.738275
1.164165
0.798286
1.500015
2.045347
1.221873
0.697054
1.140894
1.356283
0.997634
0.966953
1.077420
0.943686
1.255922
1.846198
1.118999
0.957403
0.936722
1.674049
0.948601
0.807085
1.883279
0.767064
1.579306
0.904595
1.138263
0.842961
1.377003
0.859259
0.804509
1.655839
1.734743
0.742789
0.715283
2.014616
1.691110
0.853667
0.637798
1.118092
1.981398
0.693659
1.464260
1.936563
1.847477
1.059813
0.696790
0.914475
1.452976
0.692703
0.909808
1.501501
0.577779
1.740257
0.870838
1.568460
1.171151
1.483766
0.787683
0.834062
1.068184
1.308846
1.545165
1.189113
1.384883
1.015596
1.458377
1.593219
0.509695
1.828495
0.727387
1.042245
1.120828
2.471329
1.130257
1.087811
1.146889
0.821420
1.352192
0.862568
1.776096
1.691500
1.491833
0.841248
1.316790
0.827097
3.100296
1.272973
1.510862
0.828425
0.923552
1.047826
0.986680
0.749876
1.462674
1.261767
0.773658
1.330099
1.105445
1.324883
2.826117
1.361202
1.421137
1.372551
1.573224
1.562924
0.682287
0.956683
0.759472
0.815012
1.493178
2.309835
1.338735
1.558111
0.868696
1.823678
0.990928
0.944995
1.380224
2.164067
0.756184
0.894071
0.692045
1.106438
0.834749
1.115619
1.908724
1.033278
0.745501
0.778905
1.276233
0.971146
1.196292
1.393737
1.175279
0.599334
1.560538
1.318790
1.156129
1.246914
0.693770
1.605274
1.120513
1.355254
1.518532
1.174481
1.393912
0.823856
0.595962
0.681789
0.644822
0.934571
0.631773
0.763823
0.789911
1.638663
0.924417
0.955747
1.898974
1.253925
1.202202
1.107624
0.600883
1.395239
0.736801
1.191155
0.882864
1.598792
0.622660
2.017889
0.898412
0.854283
1.487003
2.072343
0.820761
0.827495
0.965233
1.609972
1.677854
1.860701
0.790251
1.009173
0.700450
0.780726
2.700853
0.509176
0.976508
0.699043
0.714029
1.811144
1.090920
1.968588
1.353103
0.817847
0.625925
0.849010
1.508244
0.949611
0.647873
1.193481
1.314962
1.373112
0.796461
1.125455
0.997161
0.768597
0.874490
1.322958
1.137630
2.390192
1.140625
0.739750
1.602214
1.015886
1.584224
0.897778
1.243988
2.332176
1.184698
1.088136
1.190997
1.095551
1.156139
1.941757
1.185116
0.902949
0.901747
0.907094
1.030038
0.795316
1.282662
0.835662
0.992994
1.369160
1.474033
1.941864
1.104057
1.082782
1.196794
1.062127
0.959079
1.180833
1.535333
1.309153
0.922117
1.022590
2.061670
0.814568
0.710489
0.795318
0.776753
0.912020
0.799189
1.287854
0.916725
1.111966
1.711210
0.966806
1.176502
1.273360
1.256845
1.696598
1.432766
1.333180
2.172238
1.303630
2.145735
1.222837
0.977413
0.786075
1.486747
2.217836
1.850952
1.465687
2.138999
1.040073
1.043446
1.988832
1.214924
1.089244
1.103767
1.016594
1.119327
2.313544
1.187690
2.460805
0.864624
1.543734
1.399275
1.097837
1.254666
2.455827
0.973021
1.604553
1.915062
2.351217
1.354937
1.412087
1.244745
1.349732
1.204665
1.505189
1.240826
0.960513
0.926299
1.156918
1.355545
1.066558
1.203005
2.624900
1.105526
0.982190
1.015391
1.361038
1.495947
0.902403
0.833976
0.914186
1.351880
0.954620
1.117866
1.978832
0.698385
2.483135
1.314346
1.337963
0.560031
1.738558
0.822750
2.509667
1.115490
1.138765
1.104133
0.886589
1.034170
1.157457
1.470202
0.928954
1.441718
1.474441
0.883217
1.269507
1.728802
0.896774
0.825956
0.777742
1.922508
1.244828
0.658288
0.967998
0.934528
1.982445
1.156455
1.417475
0.829880
2.790110
1.660221
1.967742
1.467684
1.296431
1.100223
0.620153
1.220871
2.391302
1.036647
2.922545
0.934691
0.772126
1.496500
0.780176
0.804213
1.537624
1.247886
0.854378
0.828819
1.153916
2.151410
1.155628
1.719423
0.675858
0.945359
1.029671
1.040949
1.028629
2.413526
1.055087
1.714357
0.767939
1.458835
1.271338
0.809095
1.215296
1.658666
1.022622
1.121017
0.747709
1.732781
1.190980
0.993840
1.747877
0.671250
1.544550
1.099258
1.208951
1.272267
1.605565
1.466013
0.932796
1.022006
1.071263
1.178290
2.550912
0.765981
1.180901
1.785693
2.105122
0.651791
1.140883
0.791193
0.834906
0.736147
2.120412
1.156609
0.785373
0.715727
1.594204
1.050354
0.966241
1.254247
1.164046
0.793152
0.604308
1.291595
1.325317
0.822133
1.713681
1.220285
0.904196
0.875681
1.678491
1.096504
0.598008
1.314191
0.730873
2.210886
0.916978
0.656210
1.725795
2.421197
1.874634
1.205997
0.834369
0.784507
1.310051
0.870924
1.206236
0.795253
0.707115
1.153296
0.991369
0.658926
1.297715
1.050891
1.364791
0.898374
3.061267
0.985357
1.126880
2.153932
1.319374
0.730762
1.528107
1.192823
0.822536
1.398610
1.181504
1.306144
0.846890
0.910470
0.761005
0.669022
2.337626
1.016738
1.169006
1.349653
1.829078
0.898268
1.065703
1.036193
1.284615
0.700855
0.837511
1.057549
0.673753
1.612886
1.322204
1.206182
1.777981
1.854523
1.439138
1.843724
1.807829
1.230981
1.560453
1.978921
1.658360
2.218691
2.072519
1.566743
1.356648
1.207657
0.816147
1.824159
0.879116
1.080862
1.667073
1.244744
1.142076
1.431301
0.681820
0.942092
0.901680
0.953061
0.797440
0.852374
2.089680
0.793770
0.990970
1.097065
0.813039
1.069980
2.136065
1.249675
0.758885
0.929607
1.424417
1.102803
1.671219
1.072755
1.249971
0.940014
0.745084
0.796870
1.104387
1.057731
1.347295
1.125185
2.026490
1.242267
1.793608
1.267558
2.066872
0.950910
1.776489
2.226645
1.956655
1.510620
1.602375
0.828708
0.976715
1.391575
1.234274
1.063272
1.928119
3.544129
0.554392
1.516980
1.127796
1.006953
0.827637
0.923957
1.920879
1.231551
1.653607
0.695925
0.761362
1.229266
1.443788
1.204580
1.977986
0.979703
0.988534
1.554043
1.257726
1.135286
0.485708
0.972011
0.742192
0.980995
1.146119
0.657418
1.316685
1.551533
1.462164
1.405216
0.759356
1.370002
1.262704
1.980617
1.119852
2.083800
1.210707
1.206925
1.219680
1.347266
0.976873
0.862916
1.624164
0.970050
0.930166
1.126992
1.177816
2.302678
1.111282
1.410395
2.479997
0.815103
1.085861
1.725167
1.737243
0.771244
1.146226
1.806076
1.336231
1.527547
1.414414
1.995650
0.790843
0.901954
1.392316
0.883970
1.202204
1.982614
0.612892
0.865092
1.517972
0.822994
1.672598
1.007177
1.412126
0.858099
0.900703
0.822168
1.312285
1.727657
1.131051
1.018499
1.309856
1.010883
0.914123
0.733874
1.450672
0.954214
0.630499
0.876592
0.762623
1.091142
0.765184
1.114865
0.886957
1.559304
0.960767
1.238893
1.356050
0.710152
1.150043
1.296522
1.590422
0.952850
1.145787
1.913672
1.415564
1.072779
1.030012
1.223773
1.064462
1.275518
0.964519
1.075328
1.552211
1.607046
0.837953
0.903180
1.156519
0.670967
0.695542
0.995226
0.879181
1.211461
1.062180
1.001139
0.814058
1.237575
0.792134
1.120016
0.801780
1.055153
1.543184
1.265231
0.967912
1.084082
1.133628
1.062577
1.030523
1.286171
1.189041
1.819958
1.661265
1.081671
1.054731
2.594904
0.857901
0.813223
1.054311
0.617015
1.491218
