# 参数名称：backbone.features.13.conv.1.bias
# 参数形状：(576,)
# 参数数据类型：float32
# 参数值（保留6位小数）：
0.004358
-0.001164
-0.007366
0.006771
-0.000339
0.003350
0.002059
0.005620
0.000823
-0.003212
0.003017
-0.008320
-0.000787
0.008588
0.006319
-0.005516
0.009489
-0.001910
-0.004490
-0.005753
0.002886
0.006603
-0.000179
0.001777
-0.004817
0.003607
0.001057
0.002685
0.007429
-0.005755
0.000219
-0.007935
0.000557
0.003866
-0.001777
0.000815
0.009018
0.000509
0.007755
0.005596
-0.000679
0.005220
0.002403
0.005656
-0.005897
0.005722
0.006851
-0.003154
-0.001465
-0.000295
0.007657
0.006975
0.000759
-0.007752
0.001879
0.005214
0.001984
-0.000651
0.002124
0.000077
-0.000259
0.003215
0.000421
0.002767
0.012198
0.000787
0.000609
0.000640
-0.002433
0.002075
-0.004386
0.002332
0.004182
-0.004198
-0.004805
0.005865
0.000083
-0.001202
0.000760
-0.001841
-0.003878
0.002961
0.001535
0.001866
-0.002219
-0.002566
-0.001972
0.006037
-0.002870
0.004652
0.003425
0.006015
-0.002650
0.002708
0.001153
-0.000439
-0.000795
0.001253
0.010513
-0.003234
0.003272
0.005018
0.004694
0.001816
0.002007
0.008477
-0.003188
-0.003446
0.004120
0.002027
0.006386
0.003891
0.003744
0.004034
0.004149
-0.007523
-0.001107
-0.000753
-0.005190
0.004416
-0.000855
-0.000073
0.004605
0.003227
0.001995
-0.000119
-0.005823
0.004422
0.005000
-0.001320
-0.002132
-0.003371
-0.004558
-0.000578
-0.003264
0.003418
0.000499
0.002249
0.002672
0.003647
0.003064
-0.003832
0.003578
0.000561
0.004570
-0.002246
0.019514
0.006614
0.000990
-0.000581
0.003888
0.000391
0.000690
-0.001963
0.000723
0.004011
-0.000971
0.001222
-0.005143
0.001916
-0.001336
0.003196
-0.000086
0.003709
0.001358
0.000802
-0.004516
0.008714
0.006210
-0.005234
0.002998
0.001605
-0.005017
0.002776
0.006455
0.004701
0.003918
-0.003994
0.000821
0.004960
-0.001937
0.003711
-0.004447
0.003307
0.000290
0.005070
0.004818
0.002785
0.001127
0.000513
-0.003140
0.003656
0.005543
0.001836
0.000974
-0.005087
0.002191
-0.002418
-0.003272
0.001591
-0.004181
-0.001166
0.000009
0.006026
0.004788
-0.005756
-0.000438
0.000261
-0.004694
0.004546
-0.000010
-0.002301
-0.001911
0.004149
0.009396
0.000580
0.006447
0.002810
0.001621
-0.000734
-0.007840
0.000678
0.002188
0.001246
0.005384
-0.000426
0.006371
-0.000778
0.003519
0.005667
0.001471
0.012930
0.001768
0.004540
0.003134
0.003397
-0.002978
0.007758
0.005945
-0.006800
0.010189
-0.001633
0.006144
0.004856
0.000713
-0.002342
0.006191
0.001980
0.002554
-0.002919
-0.001969
0.001324
0.011558
-0.002124
0.002835
0.004860
-0.001703
0.004422
0.007024
0.002498
0.002169
-0.000387
0.000194
-0.000817
0.002492
0.000452
-0.003528
0.002639
-0.001574
0.003722
0.008277
-0.001362
-0.001458
0.008491
0.005604
0.010960
0.003256
0.005033
-0.001578
0.000919
0.001023
-0.000738
0.002607
-0.002680
0.003072
0.008949
0.000484
0.002545
0.001930
-0.005675
-0.002477
0.003841
-0.004374
0.007849
-0.002326
-0.003423
-0.000181
0.003070
-0.000479
-0.005784
0.007448
0.006888
0.000217
-0.001971
0.000736
0.005308
0.005438
0.000550
0.003962
0.003771
-0.001956
-0.001989
0.001377
-0.004255
0.007956
-0.000536
0.002918
0.003174
0.013554
0.000088
0.009748
0.008612
0.006161
-0.001349
-0.001745
-0.004363
-0.004719
-0.000680
-0.004294
0.003073
0.005240
0.000488
0.006728
-0.000261
-0.003538
-0.001022
-0.000969
-0.000862
0.002866
-0.005361
-0.002646
-0.000004
0.002766
-0.002678
0.001878
0.003517
0.000125
0.002972
-0.001945
0.001538
0.000208
0.001428
-0.004620
0.004135
0.007794
0.005902
0.007089
0.005699
-0.005120
0.000910
-0.003379
0.003274
0.004852
-0.001454
-0.000453
-0.008813
0.011289
-0.001570
0.004495
0.004510
-0.000415
0.004084
-0.000893
0.001302
-0.000793
-0.001273
0.001220
0.001303
0.001848
0.004997
0.005738
-0.000099
0.001832
0.002737
0.004305
0.001829
-0.000279
0.003025
0.002420
0.003779
-0.008880
0.005870
0.002379
0.000968
-0.003397
0.000378
0.000685
-0.001513
0.004906
0.002122
-0.006674
-0.000749
0.002009
-0.001698
-0.000027
-0.007698
-0.002496
0.001059
0.003202
-0.000669
0.002387
0.010046
0.004384
0.006918
0.005502
-0.000473
-0.002217
-0.000515
-0.003104
0.004852
-0.000004
0.005822
0.002705
-0.002551
-0.003616
-0.002267
-0.000924
-0.001027
0.000659
0.007334
-0.006810
-0.001979
0.006177
0.003125
0.002991
0.000109
0.004417
-0.002030
0.003660
-0.001476
-0.005729
-0.000431
0.012885
-0.003760
0.002949
-0.000075
0.003593
-0.002534
0.001030
-0.000771
-0.001140
-0.000952
0.003703
-0.004104
0.000235
-0.000349
-0.001664
0.002885
0.004925
-0.003604
0.001069
-0.001062
-0.001807
-0.001618
-0.002262
0.005282
-0.000331
-0.004193
0.007294
0.009684
-0.003346
0.001555
0.000221
0.005084
0.002397
-0.004575
-0.001066
0.008284
-0.003312
0.008962
-0.002805
0.002534
-0.000888
0.005743
0.001918
0.006123
0.000552
0.010211
-0.004088
0.000372
0.003886
0.001976
0.001123
0.001979
0.003266
0.003987
0.008050
-0.003341
0.004943
0.001701
0.001480
-0.000246
0.006687
0.015699
0.003144
0.003896
0.003462
0.001900
0.005013
0.001932
-0.002793
0.004937
-0.002985
0.009126
-0.003372
-0.002123
-0.008903
0.000428
0.005113
0.002447
-0.004001
0.004183
0.000347
0.004295
-0.001777
-0.000905
-0.000890
-0.000497
-0.001589
0.005490
0.012724
0.005550
-0.003270
0.013549
0.003241
0.006446
-0.001857
0.002229
0.001007
-0.001319
0.003555
0.005850
0.002791
0.002846
-0.007940
0.002521
0.000296
-0.000491
-0.007718
0.011673
0.007906
0.004099
0.000900
-0.003594
-0.001071
-0.010322
-0.000237
-0.000219
0.008644
0.002200
-0.008067
0.003683
-0.004438
-0.003628
0.004180
-0.000139
-0.001471
0.007634
0.006196
0.003432
0.008444
0.004828
0.004837
0.005220
0.002349
-0.000871
