# 参数名称：backbone.features.13.conv.7.running_var
# 参数形状：(96,)
# 参数数据类型：float32
# 参数值（保留6位小数）：
3.918085
6.466956
5.303888
4.958382
5.360451
5.755875
5.785093
4.079576
4.593637
5.947109
6.563235
5.339866
8.433349
4.582911
4.393558
6.831190
6.425982
9.023470
3.719341
3.112799
7.177644
3.545004
9.789340
9.239932
6.971174
4.918858
5.383882
5.720271
6.945494
6.217667
4.363919
4.666842
4.831386
2.511935
5.131593
4.418331
4.783734
7.842032
9.568440
6.183761
3.879980
4.531313
4.487558
5.645843
2.590642
3.068157
5.555065
6.496383
4.356047
5.823113
4.437063
3.787396
8.006543
4.328584
6.498305
6.529873
5.163475
4.797874
7.647296
3.807332
7.887427
11.866047
3.930050
9.620860
5.522411
7.009430
3.663731
4.233438
8.409210
6.793380
7.468342
4.399127
3.719240
4.877697
6.113605
6.026069
3.813853
4.517465
3.647705
5.642499
4.649562
5.751945
5.228272
6.613127
7.967547
4.661978
5.890959
6.965767
5.822356
5.173106
6.605991
5.351799
10.799217
5.279312
4.000206
4.874266
