# 参数名称：backbone.features.2.conv.3.weight
# 参数形状：(96, 1, 3, 3)
# 参数数据类型：float32
# 参数值（保留6位小数）：
-0.045425 0.040497 0.070369
-0.018858 0.015947 0.014571
0.040613 -0.018979 0.177556
0.052645 -0.056749 0.017461
0.086298 -0.043995 -0.094979
0.057343 0.012508 0.043163
0.041219 -0.004588 -0.031623
-0.077852 -0.022738 0.069050
-0.062437 -0.001937 0.019056
-0.045511 -0.037990 0.043079
-0.016140 0.058045 -0.036320
0.006835 -0.057151 -0.090050
0.001204 0.083079 -0.077309
0.020963 -0.046150 -0.091040
-0.035898 0.002870 -0.064840
-0.068107 -0.019529 0.014702
-0.016232 0.023207 -0.021224
-0.043028 -0.054151 -0.000572
0.016631 0.027105 -0.098104
-0.014586 0.010944 0.095755
0.072868 0.122793 -0.010140
0.085839 0.003180 0.050755
-0.013050 0.016221 0.040980
0.031283 0.083256 -0.045415
-0.039746 0.060995 0.008232
0.068936 0.063469 -0.004023
-0.037605 0.023840 0.099735
0.071685 0.013984 -0.006878
0.067830 0.047338 0.030910
-0.010187 0.068362 -0.040854
-0.065303 0.004130 -0.093524
-0.009839 -0.017110 -0.004519
-0.058561 0.017829 0.014043
0.040224 -0.054781 0.001033
0.043952 0.051561 0.020004
-0.017870 -0.031724 0.034351
-0.026581 0.054700 0.036656
0.052562 0.055904 0.029046
-0.023059 0.025920 0.016555
0.016076 0.032389 -0.006161
-0.062244 -0.013808 0.049557
0.078033 0.056101 -0.065199
-0.022197 -0.030784 -0.026664
-0.024198 0.050522 0.045540
0.032335 -0.016494 0.003682
0.005640 -0.001397 -0.047574
-0.014269 0.095190 0.104321
0.013032 -0.024770 0.025115
-0.077344 -0.068363 -0.002628
0.034151 0.072851 0.035422
-0.002802 0.019128 0.029701
-0.031694 0.019601 -0.036366
0.021542 0.101541 -0.026285
0.023249 -0.048769 -0.116407
0.023121 -0.130682 -0.056471
-0.092266 -0.014258 0.039557
-0.068907 -0.043666 -0.081250
0.051441 -0.020600 -0.158452
0.029798 0.017414 -0.022922
0.068096 0.051688 -0.001240
-0.029561 -0.050492 0.060798
0.097204 0.031146 -0.033712
0.014977 -0.004236 -0.048372
-0.060244 0.021631 -0.079042
0.019676 0.047177 0.102224
-0.016823 0.108120 0.046753
0.056469 0.014005 -0.047182
-0.004169 0.082285 -0.016825
-0.041690 -0.005271 0.031704
0.056963 0.044984 -0.000865
-0.068314 0.062177 -0.087482
0.018698 0.016950 -0.017471
0.012290 -0.030364 -0.014681
0.089976 -0.021422 0.014685
0.050892 0.007847 0.002632
0.060887 0.001746 -0.040555
0.089823 -0.004480 0.045422
-0.025652 0.050244 -0.014373
0.000077 -0.002700 0.013846
-0.000063 -0.040896 0.004175
-0.001654 -0.117837 0.027754
-0.000689 0.062577 -0.023390
-0.114024 0.034868 0.035111
0.020172 -0.048363 0.021972
-0.040700 0.076559 0.002109
-0.048027 0.047610 -0.009128
-0.066917 0.079056 0.082123
0.077393 0.008097 -0.064729
-0.078208 0.034002 0.006798
-0.006506 -0.005231 -0.018333
0.023950 0.011933 0.035414
0.003467 0.014683 0.019746
-0.045300 -0.048949 -0.049770
-0.044446 -0.020538 -0.051441
-0.122153 -0.006451 0.010095
-0.074739 -0.070904 -0.004684
0.107193 0.015043 -0.045133
0.066539 0.016733 -0.079460
-0.070441 0.009810 -0.026973
0.021897 0.016988 -0.118592
-0.091563 -0.048963 0.009005
-0.021568 -0.067859 -0.054129
-0.025120 -0.047399 0.062897
0.001458 0.085307 -0.037536
-0.044935 -0.010406 -0.007325
0.061750 -0.022632 0.032062
0.029161 0.047894 -0.009598
-0.036377 -0.031242 -0.058712
-0.000974 0.009389 0.036493
-0.040707 -0.020096 -0.025908
-0.070476 -0.019650 0.017968
0.060462 -0.062781 -0.017094
0.086411 0.005079 0.050876
0.035589 -0.025704 0.002646
-0.024017 -0.013885 0.058869
0.039432 0.026695 0.045907
-0.047135 -0.001134 0.047229
0.010943 0.073369 0.057837
-0.093244 -0.002285 0.066708
0.081983 -0.062726 -0.032399
0.036737 0.008370 -0.027647
0.042236 0.011016 -0.022719
-0.033605 -0.059797 0.040601
-0.022924 0.029705 0.027917
-0.029540 0.077029 -0.037449
-0.024440 0.020339 -0.013378
0.054199 0.072691 -0.005654
-0.032835 0.022633 -0.029149
0.026614 0.012965 -0.038647
0.002687 0.014837 0.072229
-0.040837 0.025387 0.014288
0.119107 0.019761 -0.032926
0.015767 -0.089022 0.009858
-0.015573 0.018348 -0.058858
0.059577 -0.045605 -0.050943
-0.016434 -0.044796 0.028276
0.005049 0.007636 0.048983
-0.106998 0.004587 0.034455
-0.052548 0.016288 0.060940
-0.077708 0.036108 -0.049447
0.048321 -0.017399 -0.065180
-0.071123 0.031316 -0.028545
-0.075036 0.064430 -0.023393
0.032324 0.037365 -0.064195
0.014712 -0.053415 -0.004020
-0.006284 0.005475 0.012916
-0.024348 0.008687 0.019452
-0.012297 -0.042657 -0.037741
0.015683 0.026786 -0.007710
0.075504 0.043084 -0.015821
0.061527 0.032205 0.008895
0.042886 -0.058807 -0.039526
-0.034116 -0.033540 -0.014962
-0.011356 0.009182 0.044038
-0.027633 -0.040489 -0.001769
-0.016775 -0.028700 -0.023832
0.035615 0.036544 -0.086977
-0.008553 0.037954 0.027538
-0.001877 0.035483 0.038350
-0.015924 -0.120594 0.000873
0.012669 0.037624 0.116657
-0.090267 0.067977 0.129639
-0.045369 -0.041123 -0.020146
0.023669 0.019497 0.011190
-0.005769 -0.021487 -0.025107
0.058284 0.009887 0.040997
-0.047134 -0.091454 -0.050662
-0.018540 -0.057303 0.067631
0.026828 0.000935 0.038965
-0.040602 0.017983 0.090462
0.067065 -0.003421 -0.032889
-0.107239 0.055036 0.024581
0.007258 -0.013097 -0.000491
0.005022 0.066583 0.018832
-0.020671 0.023242 0.015628
0.073058 -0.059972 0.044896
0.006085 0.086384 -0.003464
-0.026759 0.094109 0.039866
0.042189 0.030368 -0.020951
0.001667 -0.041569 -0.043160
0.006690 -0.010916 -0.075056
0.001281 0.013365 0.027508
-0.050854 0.034201 0.030871
-0.011540 -0.095230 0.003149
-0.027796 0.030388 0.022721
0.035007 -0.057466 0.106724
-0.009802 0.041629 0.025053
-0.045963 0.042159 -0.066250
-0.078245 0.024065 -0.015279
-0.018087 -0.089080 -0.038356
0.060437 -0.024265 -0.011684
0.004153 0.073173 -0.010155
0.021681 0.029550 -0.039981
0.044341 0.078347 0.044097
0.012173 -0.006131 -0.028198
0.055367 -0.108952 0.067905
0.004311 -0.089761 0.030003
-0.070912 -0.089860 -0.003313
-0.031210 0.043156 -0.012546
-0.003073 -0.051507 -0.020320
-0.074917 0.009370 0.030915
-0.136058 -0.022061 -0.011598
-0.031159 0.037103 0.000917
0.019943 -0.010624 -0.043941
-0.063514 -0.039057 0.002018
0.002699 -0.022674 -0.031161
-0.089093 -0.011645 -0.028474
0.001994 -0.012399 -0.011843
-0.053133 -0.032476 0.038621
-0.095071 -0.004173 0.014259
0.044535 -0.054932 -0.092133
0.038208 0.033575 -0.031659
0.002634 0.038845 -0.032002
-0.011411 0.081922 -0.000333
-0.024855 -0.066063 0.063117
0.006926 -0.026905 0.045690
0.106300 -0.008518 0.033942
0.011202 0.045699 0.045978
0.025748 0.005202 -0.023426
0.080575 -0.000555 0.021737
0.019385 0.022754 0.053891
-0.027175 -0.036987 -0.036549
0.034902 -0.033963 -0.081815
-0.007345 -0.054178 -0.016300
-0.013284 -0.023056 0.016806
0.011342 0.044564 0.019306
0.071575 0.011328 -0.021647
0.049482 -0.047744 -0.002171
-0.017996 -0.082531 0.000869
0.018141 -0.003397 -0.011689
0.039033 -0.091257 -0.078576
-0.015755 0.014660 0.009784
0.010840 -0.036090 0.035377
0.013935 0.043742 -0.076313
-0.054640 -0.005358 0.035378
-0.050642 0.088386 0.012458
-0.025768 0.062356 -0.070945
-0.038241 -0.000626 0.052716
-0.058418 -0.027710 0.038998
0.019802 -0.023077 0.055593
0.074692 0.066093 -0.065908
0.014538 -0.034471 0.021967
-0.031798 -0.044010 -0.044911
-0.050581 0.098533 -0.019576
0.016251 0.002772 0.079650
0.058420 0.041418 -0.050599
0.027978 0.132396 0.012725
0.047695 0.027058 -0.004503
-0.068682 -0.039914 0.056854
0.023344 -0.037378 -0.013752
-0.016023 0.021578 0.007847
0.017689 0.008031 0.076528
0.070429 0.021847 -0.054492
-0.049740 -0.051747 -0.059448
-0.003802 -0.043715 0.065358
-0.072205 -0.058438 0.022005
0.044789 0.026814 -0.004151
0.005470 0.015096 -0.017251
0.017123 0.022613 0.030432
-0.012427 -0.016339 0.058204
-0.119063 -0.069582 0.032744
0.038220 -0.010578 -0.026825
0.104499 -0.020483 0.009910
-0.039986 0.032136 0.005551
0.033265 -0.054044 0.035415
-0.077555 0.027695 -0.087404
-0.077591 0.007072 -0.065544
-0.110953 -0.022846 0.023081
-0.073328 -0.047713 0.002058
-0.062289 -0.029701 -0.001920
-0.004687 0.047142 0.011380
-0.016979 0.091488 0.031821
0.067903 -0.024225 0.047742
0.140231 0.104834 -0.011423
-0.009274 -0.030611 -0.016856
0.107626 0.066329 -0.037574
-0.078949 0.072392 0.030672
-0.007517 0.063547 -0.031358
0.062612 -0.013212 -0.069423
0.032717 -0.020487 0.039532
0.069721 0.062784 0.010728
0.025245 0.029358 -0.011920
0.096950 0.054617 0.053650
0.050736 -0.028492 -0.022478
-0.031196 -0.061578 0.052911
0.071790 -0.010277 -0.014737
0.067094 0.000598 -0.061144
0.102656 -0.017450 0.045260
