# 参数名称：backbone.features.6.conv.4.bias
# 参数形状：(192,)
# 参数数据类型：float32
# 参数值（保留6位小数）：
0.001120
0.003407
-0.001690
0.000577
-0.004400
-0.004457
-0.003648
-0.000440
-0.006171
-0.004539
0.001465
0.004546
0.001185
0.007239
-0.003115
0.000951
-0.004054
0.007066
0.000043
0.013471
0.001847
0.008626
-0.002161
-0.003228
0.014781
0.005342
-0.001276
0.004232
-0.003553
0.008002
-0.001451
0.002435
-0.001830
0.002678
-0.002896
0.006504
0.002312
-0.001315
-0.000002
-0.002527
-0.003686
-0.006310
-0.003336
0.003176
-0.000328
-0.007478
-0.002416
0.004172
0.003407
-0.003070
-0.001739
-0.000467
-0.004483
-0.011459
0.006170
0.003413
-0.000101
-0.002723
-0.001659
0.000498
-0.001044
-0.002658
0.005734
0.002496
0.004956
0.000103
0.014583
0.002791
0.001053
0.003208
0.013937
0.003317
-0.003077
0.001495
-0.001040
0.003548
-0.004863
-0.007236
0.002446
-0.001518
0.007292
-0.009715
0.004263
0.003220
-0.003486
-0.000183
0.006503
0.007134
-0.009619
-0.002494
0.003999
0.002264
-0.001664
-0.000274
-0.006489
-0.000821
-0.003790
0.000085
0.001020
0.002561
0.004194
-0.001025
0.012604
0.002183
0.001533
0.009179
0.002011
-0.001557
0.000550
0.010006
0.003274
0.007256
-0.004768
0.000410
0.005021
0.000403
-0.007001
0.000360
-0.002179
0.005203
0.003524
0.004316
-0.004903
0.002541
-0.001733
-0.001703
0.009466
-0.002230
-0.006898
-0.000979
0.006079
-0.001465
-0.003291
-0.002700
0.005931
0.004871
0.002009
0.003310
-0.002883
0.005968
0.004303
-0.001915
0.002508
-0.001000
0.009767
-0.002879
0.001440
0.000264
0.012007
0.001564
0.010570
-0.003939
-0.003853
-0.002650
-0.005286
0.007876
0.002684
-0.000895
0.004158
-0.004365
-0.002363
-0.001759
0.003993
-0.007092
-0.001836
0.002159
0.009520
-0.001052
0.005344
0.001724
-0.004283
0.002896
0.002328
0.006061
0.003626
-0.007945
0.003594
-0.007027
-0.001916
0.009947
0.006784
0.000282
0.002734
-0.004994
-0.002280
0.012247
-0.005286
-0.002384
0.002899
-0.003129
-0.007261
-0.004909
