# 参数名称：backbone.features.6.conv.1.running_mean
# 参数形状：(192,)
# 参数数据类型：float32
# 参数值（保留6位小数）：
0.000400
0.000157
-0.000251
0.000144
0.000115
-0.000082
-0.000394
0.000198
0.000182
0.000322
0.000058
0.000017
0.000001
0.000113
-0.000401
-0.000270
0.000018
0.000023
-0.000178
0.000084
-0.000130
0.000165
0.000081
-0.000313
0.000413
-0.000022
0.000046
-0.000581
0.000460
0.000201
0.000129
0.000079
-0.000270
-0.000381
-0.000388
-0.000137
-0.000066
0.000244
0.000527
-0.000038
-0.000347
0.000191
-0.000152
-0.000207
-0.000018
-0.000432
-0.000172
0.000221
-0.000016
-0.000184
-0.000244
0.000035
-0.000155
0.000449
-0.000024
-0.000309
-0.000079
0.000263
-0.000138
-0.000054
0.000124
-0.000027
-0.000016
0.000306
0.000389
-0.000267
-0.000286
-0.000090
-0.000463
0.000001
-0.000072
-0.000191
0.000283
0.000021
-0.000042
-0.000216
-0.000213
-0.000221
0.000026
0.000093
-0.000153
0.000173
-0.000020
-0.000079
0.000216
0.000112
-0.000129
0.000026
-0.000204
0.000294
0.000200
-0.000074
-0.000043
0.000234
0.000052
-0.000491
0.000144
-0.000219
0.000247
-0.000301
0.000110
0.000350
-0.000231
0.000246
-0.000207
0.000411
-0.000071
0.000438
0.000328
-0.000237
-0.000014
-0.000382
-0.000204
-0.000367
0.000139
-0.000025
-0.000348
0.000154
0.000244
0.000283
0.000400
-0.000143
0.000424
0.000112
0.000133
0.000123
0.000367
-0.000070
0.000431
-0.000045
-0.000271
0.000140
-0.000146
-0.000198
-0.000321
0.000172
-0.000073
0.000131
-0.000111
0.000484
-0.000165
-0.000258
-0.000295
-0.000046
0.000071
0.000224
-0.000000
0.000138
0.000111
-0.000243
-0.000569
-0.000102
0.000131
0.000101
-0.000147
0.000071
0.000230
0.000162
0.000152
0.000327
-0.000151
-0.000179
0.000049
-0.000095
0.000001
-0.000251
0.000063
0.000379
0.000467
-0.000156
0.000496
-0.000126
-0.000113
-0.000496
0.000139
0.000341
-0.000114
0.000024
0.000208
0.000064
-0.000371
-0.000269
0.000081
0.000211
-0.000312
-0.000164
-0.000019
-0.000004
0.000200
-0.000314
0.000211
-0.000068
