# 参数名称：backbone.features.6.conv.3.weight
# 参数形状：(192, 1, 3, 3)
# 参数数据类型：float32
# 参数值（保留6位小数）：
0.001254 -0.007456 0.010900
0.020733 -0.049797 -0.009439
-0.027266 0.033593 -0.019375
0.016110 -0.018513 -0.005830
0.029935 -0.040539 -0.016223
0.019558 0.008576 0.043524
-0.001973 -0.018886 -0.013332
-0.025931 0.004073 -0.027336
0.011067 0.045690 0.013435
-0.020232 -0.100788 0.017512
-0.049871 -0.016232 0.025692
0.022753 0.009711 0.022368
0.006647 -0.009373 -0.019223
-0.017534 -0.003360 -0.033582
0.021386 0.019653 -0.042420
0.007089 -0.027405 -0.003233
-0.017826 -0.060152 0.020013
-0.012335 0.083658 -0.016949
0.027432 0.031041 -0.000492
0.039362 -0.037726 0.018913
0.027986 0.009025 -0.017079
-0.046457 0.015239 0.023500
-0.031616 -0.011217 0.003078
0.007348 -0.000758 -0.014982
-0.038257 0.035226 0.017636
0.033260 0.026010 0.027043
0.013398 0.007464 0.000640
-0.009857 -0.009497 0.014828
-0.004544 0.015287 -0.031147
0.020695 -0.010245 0.011254
-0.031181 0.069416 0.029639
0.063217 0.003468 -0.078144
0.012368 0.056133 0.020377
-0.014707 0.012770 0.112719
0.001765 -0.010665 -0.006028
0.030933 0.039441 -0.030569
-0.031555 0.043544 -0.014312
0.044345 0.011187 -0.020333
0.006312 0.014663 -0.028569
-0.003621 0.012353 -0.005649
0.019614 0.070080 -0.028945
0.038204 0.025571 -0.041973
-0.010829 -0.051309 0.016059
-0.030388 -0.008105 -0.013797
0.026759 -0.003200 -0.064055
-0.033208 0.042522 0.033497
-0.007831 -0.042715 0.070682
-0.012515 0.012731 -0.004921
0.068920 0.060453 -0.021232
-0.053361 0.005497 0.019871
0.004280 0.056641 0.050064
0.000537 -0.030355 -0.073667
-0.025107 -0.050117 -0.054838
-0.028592 -0.034751 -0.023554
-0.028764 0.034122 0.012193
0.008132 -0.011932 -0.017987
-0.037444 0.006245 0.055982
0.007806 0.047900 0.010872
0.017191 0.005553 0.018750
-0.005892 -0.018463 -0.034143
-0.077216 0.004492 -0.020850
0.025583 -0.007271 0.012448
-0.037707 0.068119 0.016873
0.020935 0.020710 -0.044537
-0.018119 -0.008861 0.011918
-0.014797 -0.008748 -0.029658
-0.031088 0.050270 -0.039816
-0.000292 0.038568 0.048998
-0.002784 0.073435 -0.049376
0.074951 0.015997 0.043637
-0.051669 0.026990 -0.025503
-0.019214 -0.037280 -0.019716
-0.009745 0.026944 0.040884
-0.030319 0.027042 -0.028351
-0.019112 0.088247 -0.038088
-0.016233 0.061422 0.045000
-0.003906 -0.030670 -0.028423
-0.035233 0.032517 -0.007445
0.061147 -0.006589 0.004255
0.033742 0.018241 0.028657
-0.062588 -0.011436 0.032417
-0.002827 -0.003339 0.028129
-0.026891 0.035183 0.008386
0.006349 -0.042166 0.025919
-0.034496 -0.067504 -0.025557
-0.028595 0.027270 0.014748
0.029984 -0.018304 0.062381
-0.016079 0.004796 0.056374
0.034761 0.002662 0.049160
0.028220 0.005765 0.024625
-0.056389 -0.016681 -0.000908
-0.045009 0.060525 -0.007643
0.024962 -0.029516 -0.032174
0.008761 0.008108 -0.001830
0.033998 0.024631 -0.023196
0.033961 0.028548 -0.022827
0.057760 0.002032 0.068310
0.012206 -0.028090 0.037613
-0.003598 -0.011262 0.009082
-0.004680 -0.014778 0.032666
0.018821 -0.012914 0.006857
-0.071327 0.011763 -0.028706
0.004026 -0.055544 0.004095
-0.017506 -0.031530 0.061828
-0.011723 0.041052 0.012138
-0.009500 -0.038829 -0.012838
0.044438 0.028875 0.023970
-0.025800 -0.023354 0.044116
-0.019338 0.027307 0.036731
-0.008387 -0.004232 -0.044168
-0.059651 -0.000723 -0.012727
0.007977 0.036316 -0.058555
-0.015240 0.009673 0.010319
-0.055308 -0.050092 -0.023204
0.018682 -0.015756 -0.024541
-0.033456 -0.020070 -0.023451
0.055566 0.023450 -0.016051
0.008184 -0.040992 -0.019224
0.027085 -0.081800 0.003495
0.059866 -0.058878 0.006226
-0.018339 -0.018550 -0.076261
0.018806 -0.015118 -0.052420
-0.030761 -0.011760 0.042390
0.045489 0.019354 -0.020225
0.057865 0.013014 0.000696
0.021584 -0.006331 -0.000568
-0.003187 0.032246 -0.018466
0.004508 0.042202 -0.069581
-0.012387 0.074815 -0.043656
0.002679 -0.022535 -0.044484
0.007568 -0.044826 -0.025368
-0.003404 -0.033552 -0.022375
0.017375 -0.006796 -0.010109
0.067454 -0.009449 -0.011637
0.071158 -0.063622 0.042706
-0.074668 0.037055 0.010950
0.016031 -0.043659 0.013454
0.030342 -0.018080 -0.010031
0.012663 -0.013866 -0.022509
-0.011765 0.029258 -0.017654
-0.004208 -0.002511 -0.018018
-0.055380 0.078977 0.016943
0.047590 0.008046 0.008459
0.003487 0.011424 -0.032899
-0.011386 0.017578 -0.036411
-0.046046 0.033872 -0.037714
0.012591 -0.007208 -0.046211
0.088634 0.031250 -0.022787
0.001632 0.016928 -0.022371
0.030382 0.043885 -0.045222
0.000914 0.045504 0.003387
-0.047606 -0.037663 -0.031397
-0.035627 0.002818 -0.007212
-0.043368 -0.079855 0.039188
-0.012824 0.019440 0.032069
-0.071807 -0.094897 -0.019781
-0.024119 0.032179 0.000806
0.019410 -0.003003 0.008624
0.019735 -0.010870 0.016969
-0.028603 -0.011869 0.024362
-0.002448 -0.003999 0.002233
-0.039193 -0.057135 -0.036734
-0.029305 0.091062 0.008677
0.058558 0.031324 -0.030022
0.027529 -0.008451 0.074007
0.021724 -0.034174 0.043122
-0.004248 0.017097 0.028315
0.039490 0.032816 0.015526
-0.008676 0.001083 -0.023631
0.017929 0.040538 0.012687
-0.002596 0.020477 0.064485
-0.007546 0.014642 0.024239
0.010293 -0.020004 0.010747
-0.022105 -0.009300 0.052235
0.025080 -0.008846 -0.031524
0.003090 0.025144 0.036536
0.027904 0.023203 0.046480
-0.047354 -0.009045 0.012767
0.044531 -0.012036 0.039974
0.013771 0.021923 0.082399
0.054142 0.101621 0.015185
0.039277 0.009315 0.022409
0.095384 -0.064216 0.061290
0.007178 0.054975 0.009872
0.006979 -0.018703 -0.041640
0.048192 0.019377 0.016799
0.037025 0.020528 -0.023747
-0.011853 -0.015620 0.004781
0.038331 0.010749 0.065464
0.062009 -0.038551 -0.014998
0.000449 -0.005971 -0.008561
-0.008547 -0.023967 0.043271
-0.013070 -0.016439 0.048592
-0.000424 -0.029055 -0.020670
0.023051 0.085354 -0.047080
0.025628 0.044325 0.031151
-0.061822 -0.045569 -0.035074
-0.048389 -0.043018 0.002731
-0.009033 0.021888 0.012620
0.000902 0.097101 -0.010172
0.019876 -0.017175 0.001517
-0.024226 0.032855 0.012540
-0.053556 0.034027 0.044636
-0.042395 0.002559 0.011612
0.053876 -0.022856 0.027502
-0.056127 -0.031427 -0.011920
-0.009876 -0.003036 -0.056163
-0.050961 0.021385 -0.029724
0.011215 0.035634 -0.053638
-0.014020 -0.023038 0.068126
0.034746 0.034765 0.006498
0.002214 0.047517 0.003465
-0.013647 0.056673 0.052316
-0.025367 0.023409 -0.011240
0.057165 -0.007832 0.007748
-0.005771 0.042487 0.034030
-0.024217 -0.023094 0.003842
-0.023952 0.030354 -0.025975
0.008794 0.008948 -0.011278
0.008462 -0.044229 0.039193
-0.058630 -0.040140 -0.026687
-0.041152 -0.012268 -0.077665
0.012835 0.017131 -0.094587
-0.054555 -0.005530 0.009648
-0.024005 -0.001156 -0.047183
0.027967 0.009403 0.058712
0.020606 0.008544 0.001866
0.026977 0.030572 -0.021740
-0.008166 0.029065 -0.028004
-0.026082 0.022966 0.010839
0.075774 0.040303 -0.027570
-0.051102 0.020511 -0.009852
0.026123 0.037348 0.015138
-0.015816 -0.071574 -0.025033
0.024644 -0.041912 -0.027162
0.001857 0.024029 -0.008578
-0.001110 0.021673 0.010830
-0.038633 -0.006246 0.046050
0.033039 -0.011371 0.063779
-0.046329 0.029226 -0.022635
-0.035284 -0.024212 0.045236
0.040259 0.032745 0.019145
0.009579 0.037202 -0.047830
0.010251 -0.002525 -0.039512
-0.003950 -0.024191 0.051586
0.105256 0.014231 0.020833
0.061631 -0.020461 -0.012449
0.007984 -0.005155 0.011405
0.049654 -0.038867 0.058493
-0.022140 -0.048831 -0.013852
0.038697 -0.037020 0.026356
-0.045731 0.043031 -0.065213
0.004397 -0.031250 -0.036771
-0.047000 -0.015793 0.045093
0.023492 0.047299 0.043818
-0.031362 -0.035213 0.003457
0.075877 -0.016854 -0.005724
0.003365 -0.025398 0.035384
0.020685 0.044069 -0.024809
-0.089761 0.014457 0.042216
0.026807 -0.014381 -0.010381
0.001065 -0.028517 0.014702
0.004308 -0.090514 0.000694
0.017069 -0.021200 -0.038548
0.055969 -0.058376 0.014418
0.013417 -0.027093 -0.028113
0.017754 0.034387 0.021004
-0.004773 0.038376 -0.051080
0.035278 0.025588 0.016753
0.000236 0.025441 -0.000978
-0.022298 0.019270 0.012297
-0.045477 -0.005270 0.043866
0.010485 -0.025787 -0.024863
-0.055062 -0.064573 -0.020368
0.015591 0.020614 -0.005972
0.073604 0.031863 -0.016637
0.012501 -0.065714 -0.010829
-0.019455 0.025704 -0.001957
-0.017106 -0.004725 0.005767
-0.037660 -0.015350 -0.061638
-0.058742 0.080868 0.004840
0.015634 -0.026382 0.072058
-0.009269 -0.011985 0.036245
-0.009324 0.042262 0.038171
0.015970 -0.001232 0.013026
-0.023927 0.022094 0.044663
0.058662 -0.024731 -0.044025
0.013998 -0.029749 -0.022342
-0.000368 -0.070898 -0.014020
-0.019987 0.005276 0.013428
-0.009103 -0.005779 0.036498
-0.018406 0.033327 0.069597
-0.018656 0.025785 -0.006473
-0.018753 -0.046158 0.043843
-0.013303 0.002593 -0.007062
0.061614 0.047911 -0.040142
-0.020393 -0.023309 0.010164
-0.019371 -0.028881 -0.008299
0.025853 0.049958 -0.014500
0.016395 -0.025476 -0.015253
0.007709 -0.035142 -0.029314
0.005166 0.022569 0.016408
0.008318 0.075772 -0.012935
-0.021849 -0.012204 0.003140
-0.043589 -0.019827 0.026847
-0.014123 0.006289 -0.002864
0.041442 -0.019694 0.020526
0.022809 -0.019703 -0.004812
0.002397 0.013468 -0.047203
-0.050719 -0.025757 -0.101989
-0.019302 0.010771 -0.014572
0.021542 0.023099 0.009365
-0.040484 0.001066 -0.017236
0.040209 0.008573 0.046712
-0.017771 0.030527 0.019402
-0.042674 0.027703 0.009112
-0.027039 -0.063686 -0.021186
0.018388 0.041936 -0.011512
0.025280 -0.026423 0.006979
-0.001587 -0.014209 -0.025939
0.042621 -0.081328 -0.036470
-0.000360 -0.008749 0.014037
0.028536 0.024772 -0.030727
-0.051839 0.038149 -0.055230
0.071484 -0.020975 -0.019034
0.031770 0.042775 -0.032950
0.062340 0.050332 0.045718
0.000671 -0.017764 -0.089472
0.003516 0.024681 0.003900
-0.044056 -0.091727 -0.021133
0.004014 0.039797 0.005131
-0.019683 0.024873 0.022158
0.065359 0.049691 0.028259
0.051352 0.020557 -0.016138
-0.051360 -0.010390 -0.004348
-0.043522 0.078523 0.038862
-0.038761 -0.054456 -0.054158
-0.006811 0.034776 -0.012085
0.050634 0.059350 0.017448
-0.006565 0.039305 0.007549
0.028852 0.019171 -0.003234
0.033162 0.069736 -0.037403
-0.079801 0.066632 0.015293
-0.092047 -0.018684 0.007510
-0.036062 0.011362 0.016756
-0.020828 0.019204 -0.014305
0.008874 0.035023 -0.020553
0.002562 0.015420 0.003618
0.033851 -0.014878 0.039534
-0.023503 -0.037762 0.002469
0.030223 -0.022033 0.016799
0.017366 -0.049761 -0.083285
0.036316 -0.024828 -0.041363
-0.032296 0.044393 0.050992
0.027967 0.015679 0.003896
-0.050574 -0.011741 0.042721
0.001372 -0.031368 -0.015772
0.055266 0.002901 0.023422
0.003760 0.000834 -0.016030
0.010636 -0.007645 -0.026214
-0.032952 -0.008875 0.101939
0.012806 0.026428 0.031601
0.047525 0.016154 -0.010459
0.038765 -0.012155 0.004787
-0.037864 -0.012044 -0.065209
-0.011263 -0.038774 0.015258
0.007003 -0.014205 -0.032376
-0.037216 -0.094344 -0.042020
0.046312 0.015428 0.003092
-0.023763 0.017725 0.025690
-0.041592 -0.073794 -0.056589
0.023680 -0.013907 -0.034000
0.029848 -0.010940 -0.001523
0.017519 0.066740 -0.007764
0.063601 -0.027505 0.061297
0.008976 -0.002014 0.018816
-0.024235 -0.008514 0.053436
0.009382 0.055657 -0.032119
0.016473 0.022864 0.002550
0.043928 0.063731 0.036528
-0.018402 0.000768 -0.031438
0.012769 -0.057866 -0.055115
0.036806 -0.005347 0.016460
0.022358 -0.000244 -0.017301
0.012495 0.037422 0.054994
0.057717 0.003496 0.007350
-0.047971 -0.012064 0.000127
-0.010026 -0.021888 -0.028730
0.049880 -0.030704 0.033839
-0.018526 -0.003681 0.007114
0.014734 0.025533 0.014673
-0.094509 0.026756 -0.037467
-0.032898 -0.026999 0.039716
-0.001020 0.053876 -0.010613
-0.051764 0.007822 -0.049157
-0.002091 -0.011289 0.004701
0.068463 0.004663 -0.007166
0.020150 0.009809 0.066160
-0.072682 0.003666 0.043001
-0.049706 0.072473 0.037515
-0.013859 0.011114 -0.033238
0.004264 -0.019077 0.018892
0.061915 0.010945 0.065591
-0.000345 -0.014188 -0.023694
0.022778 0.023851 -0.011038
-0.053678 0.011252 0.010477
-0.007700 -0.013966 -0.029468
0.048738 -0.025849 -0.055329
0.007693 0.003622 0.002848
0.091847 -0.031581 0.050892
0.018466 -0.035441 -0.014424
-0.032171 -0.026542 0.027698
0.026716 -0.033414 0.065030
0.018604 -0.013658 -0.027864
0.021952 0.020104 -0.005490
-0.028056 0.007522 -0.031034
-0.003908 -0.018437 -0.052917
0.015262 0.027384 0.043408
0.010236 0.035675 0.058658
0.008198 -0.023473 0.040844
-0.012579 0.004438 0.034365
0.005676 0.003814 -0.028255
0.034977 0.019539 0.004138
-0.010226 0.005541 -0.032238
0.020136 -0.116085 -0.058535
0.018734 0.017077 0.021640
-0.025849 -0.055354 -0.028350
0.030992 0.006853 -0.099793
0.002559 -0.013021 0.009357
0.068770 0.016794 0.023451
0.015274 0.005874 -0.053957
0.037924 -0.005695 -0.013099
0.047970 -0.029911 -0.050171
-0.056748 0.061155 -0.040781
0.038611 0.062571 -0.034742
0.004870 0.020211 -0.013568
-0.019333 0.053136 0.010001
-0.013097 0.015481 -0.010787
-0.020484 -0.010354 0.009083
0.024607 0.051181 0.034012
-0.018057 0.034247 0.052848
-0.044921 0.010196 0.044192
-0.066882 -0.016558 0.065685
-0.046132 -0.020927 0.022197
-0.011771 0.008589 -0.012564
0.054423 -0.032484 0.086710
-0.015206 -0.002091 0.019706
0.054670 -0.047692 0.063575
0.005699 0.013817 -0.081006
0.035117 0.066611 -0.067780
0.008703 0.066568 -0.064685
0.026988 0.007814 0.011500
0.066344 0.018542 0.076552
-0.006651 0.074482 0.020215
0.033770 -0.005999 0.023273
0.006766 -0.074086 0.010310
-0.034920 -0.035445 0.000548
-0.011059 0.029077 0.014081
0.067369 0.065773 -0.037228
-0.032608 0.007455 0.028313
0.020464 0.006018 0.001268
0.045828 -0.059408 -0.000799
-0.018212 0.024177 0.020351
-0.052588 -0.026529 -0.021628
0.022279 0.054897 0.022425
0.046127 0.010711 -0.013332
-0.024457 0.094472 0.032150
0.016589 -0.023520 0.008650
0.013015 -0.012529 0.047271
-0.019081 0.014909 0.043759
-0.072771 -0.012674 0.014224
-0.014650 -0.000437 -0.008631
0.002694 -0.032152 0.007639
0.026685 -0.027962 -0.055207
-0.070883 -0.021992 -0.047625
-0.001944 0.038642 0.019696
-0.010920 -0.035223 -0.014606
-0.014194 -0.057531 -0.044912
-0.047651 -0.038770 -0.046498
0.063499 0.012355 -0.010694
-0.015401 0.008520 0.010256
-0.028863 0.061630 0.004158
0.022742 -0.066561 -0.046304
0.021431 -0.015303 -0.033434
-0.041998 -0.020729 -0.012584
0.044382 -0.000709 0.016226
0.025694 0.008627 -0.010352
-0.035650 0.061339 0.015070
0.026183 -0.008321 0.007142
-0.041713 0.013743 -0.019604
0.017919 -0.032070 0.024181
-0.021894 0.008489 0.035219
0.000846 -0.005917 -0.009288
0.058191 -0.008538 0.005793
0.011004 -0.008505 -0.031471
0.017593 0.000939 0.003327
-0.002328 -0.001463 -0.012558
0.016250 -0.034695 0.023597
-0.006599 0.028509 -0.033821
-0.020669 -0.067204 0.014341
0.054660 0.002979 0.032679
-0.072355 0.001540 -0.048634
0.007375 0.050174 0.003337
0.048334 -0.003784 0.026439
-0.028683 0.025323 -0.022249
0.019664 -0.023291 -0.002412
-0.021446 0.012088 -0.030305
-0.013342 0.002518 -0.034562
-0.000722 0.034401 0.027670
-0.019581 -0.037291 0.031526
-0.073506 -0.016263 0.018381
-0.020188 0.020559 -0.010357
0.005920 0.043568 -0.053441
-0.016346 -0.010595 0.010039
0.012216 -0.020644 0.013718
0.034380 0.017294 0.035334
-0.050216 -0.004726 0.026925
-0.017660 0.075470 0.056018
0.057938 0.008168 -0.029971
0.003180 0.016571 0.095516
-0.019256 -0.010644 0.008659
0.078679 0.014181 0.000139
0.024810 0.009336 0.076855
-0.007205 -0.058515 -0.028509
-0.064274 -0.008884 -0.032389
0.001242 -0.024488 -0.060345
0.040057 0.006897 0.002984
-0.019049 0.015971 -0.033751
-0.012258 0.022448 -0.033088
-0.022964 0.046200 0.038595
0.058504 0.062589 -0.010933
0.033523 -0.032149 0.054735
-0.027537 -0.028989 0.045220
-0.005040 -0.025286 0.044937
0.011786 -0.057871 -0.013534
-0.005670 0.028926 0.029122
0.040542 -0.083995 -0.021566
0.012694 0.056820 0.055880
0.044511 0.000981 -0.022285
-0.005594 -0.006651 -0.000506
0.000246 0.052259 -0.054080
0.015786 0.021937 0.070283
0.026615 0.027700 0.017238
-0.001998 0.015080 0.060873
-0.091070 -0.001804 0.015493
-0.025227 0.032625 0.028659
0.046841 0.032041 0.042911
-0.002507 -0.025486 -0.026064
0.010989 -0.066074 0.016652
0.001587 -0.009482 0.024704
0.002315 -0.029432 -0.036118
-0.034842 0.045225 0.020063
0.021560 0.003096 0.035345
-0.037715 -0.042580 0.001572
0.025863 -0.057509 0.022270
0.039240 0.010112 -0.034522
-0.019418 0.002189 0.000415
0.091733 0.012919 0.000194
0.042840 0.006177 0.010855
-0.043967 0.033277 0.040453
0.024056 -0.022909 -0.010201
0.026734 0.008406 -0.059729
-0.012970 0.008251 -0.005170
-0.032178 -0.011505 0.015062
-0.042608 -0.010456 0.035258
-0.077760 -0.025447 0.082374
0.040312 -0.077079 -0.007656
0.035752 -0.033292 0.032708
0.015932 0.017789 -0.037017
0.071120 0.119289 0.064765
0.052604 -0.071334 -0.075621
0.088342 0.011995 -0.050217
0.000533 -0.002761 -0.034173
-0.022859 -0.008002 0.030799
-0.005747 -0.003494 0.008413
0.047641 -0.067591 -0.004382
