# 参数名称：backbone.features.16.conv.1.bias
# 参数形状：(960,)
# 参数数据类型：float32
# 参数值（保留6位小数）：
-0.003542
0.001277
0.001488
-0.002730
-0.001194
0.006146
-0.002696
0.006706
-0.007249
-0.004147
0.001460
-0.004560
0.002846
-0.002076
0.004767
0.001195
0.000219
-0.002889
0.001719
0.001537
0.001755
-0.001852
-0.004606
-0.002674
-0.000073
-0.012034
-0.001047
-0.006127
0.002288
-0.005852
-0.001392
0.003210
0.008764
0.003544
0.000635
-0.002800
0.000546
0.005931
0.007417
0.008581
0.002119
-0.002682
0.001432
0.008105
0.004302
0.009284
0.000554
-0.006272
0.002010
-0.001314
0.006608
-0.001743
-0.001316
0.001293
-0.000077
-0.006512
-0.000148
0.006871
0.000768
-0.006828
-0.000968
-0.000918
0.001178
0.008013
0.005580
-0.003336
-0.001363
-0.001550
0.004935
0.004687
0.005209
0.009764
-0.002564
0.006422
-0.001359
-0.000802
0.000035
-0.000901
0.005335
0.001065
-0.001028
-0.000822
0.003722
0.007313
0.010316
0.007229
0.000808
-0.003874
0.008977
0.004864
0.002768
-0.002551
-0.001686
-0.000967
0.006610
0.003118
-0.003040
0.001396
-0.002403
0.001856
0.001658
0.002111
-0.001336
-0.002886
-0.003438
0.000369
0.007911
0.007805
0.004550
0.006423
0.000051
0.002703
0.000976
0.005549
0.002480
0.007444
-0.000160
-0.006856
-0.004848
0.006400
0.007104
-0.006895
0.004730
-0.001140
-0.004949
0.000861
0.000576
0.003567
0.000331
-0.001635
-0.001055
0.000896
0.001479
-0.001127
-0.015519
0.009213
-0.001482
-0.011229
-0.004174
-0.003833
-0.008485
-0.003985
-0.001791
-0.004181
0.010531
0.000154
0.006261
0.003544
-0.003577
0.001905
-0.005667
0.007308
0.005407
0.003995
0.003986
0.006280
0.000630
0.000402
0.005267
-0.001088
0.001898
-0.002028
-0.003956
0.002131
-0.004393
0.008959
0.003500
0.002685
0.002446
0.004772
-0.001176
0.006496
0.001926
-0.003939
0.010373
-0.003374
0.001882
0.008285
0.002375
-0.003470
0.001426
0.000052
-0.002005
-0.003221
0.004409
-0.002735
0.005914
-0.002295
0.001977
0.007527
-0.007345
0.003468
-0.001136
0.008212
0.007219
0.000506
-0.014240
-0.003012
0.001216
-0.002192
0.001590
0.001946
0.004091
0.003244
-0.000926
0.002395
-0.005052
0.003365
-0.004484
-0.003553
-0.002012
0.002148
0.002911
0.012266
-0.002770
0.006924
0.007091
0.001431
0.005698
-0.006150
0.001375
-0.000504
0.003917
0.002863
-0.000865
0.003701
0.005701
0.004576
-0.003639
-0.001840
0.002285
0.000768
-0.000148
-0.002577
-0.003215
0.003324
0.006021
-0.002359
-0.007603
0.000996
0.008367
-0.000993
-0.007643
0.003269
-0.000918
0.005747
0.000472
-0.005417
0.000049
0.004613
0.008235
0.005435
0.002195
-0.000930
0.002947
0.003596
-0.002911
-0.000370
-0.001285
0.001484
0.000159
0.003608
-0.000246
0.001875
-0.000260
0.003335
0.008833
0.002426
0.000726
-0.001440
-0.004686
0.001965
-0.003707
-0.000315
0.000968
0.006436
0.001393
0.003654
-0.000989
-0.000122
-0.001401
0.003343
-0.004877
0.004595
-0.003234
-0.003953
0.000953
0.003510
0.003551
0.000632
0.003365
0.003250
-0.001762
-0.000249
-0.000401
-0.008057
0.006162
0.000613
0.002124
0.001134
0.001523
0.005281
0.001582
0.001885
0.005804
0.004915
0.003219
-0.003013
0.005114
-0.007349
-0.007028
-0.002926
-0.002712
0.003059
0.004379
-0.001540
-0.002137
-0.000821
-0.008227
-0.000544
-0.001844
0.000115
-0.002260
-0.003141
-0.007252
-0.002436
-0.009189
0.000955
0.001674
0.005572
-0.002971
-0.005482
0.002357
0.004108
-0.005494
0.000715
-0.015499
0.006930
0.002108
0.003449
0.002165
-0.005835
-0.004424
-0.006407
-0.004831
-0.007775
-0.000357
0.000093
0.001704
0.000156
0.000883
-0.002854
0.005285
0.001170
0.000655
0.000113
0.002331
-0.000389
-0.001508
0.000183
0.001208
-0.004647
-0.003849
0.000057
0.006687
-0.002309
-0.007151
-0.000878
0.004500
0.004379
-0.002642
0.001055
0.003255
0.000146
-0.001292
0.006659
0.007239
0.001628
-0.013493
0.000311
0.001209
0.006186
0.000748
0.001086
-0.004837
0.001032
-0.006330
0.009743
0.001875
-0.000603
-0.001250
-0.001471
0.000848
0.001688
-0.001022
0.004573
-0.002241
0.003332
0.004095
-0.000888
0.000659
0.003809
-0.000124
-0.002908
0.006761
0.000700
-0.001563
0.002920
-0.005495
-0.002935
0.007201
0.000653
-0.003168
-0.000290
0.001220
-0.001066
-0.000763
-0.000596
0.003060
0.001017
0.003401
-0.005718
0.004049
0.000261
0.006409
0.004923
0.003779
0.004338
-0.002934
-0.004469
-0.004243
0.004996
-0.003214
0.004105
-0.001431
-0.006084
0.002608
0.003924
0.001404
-0.000970
-0.006424
0.005027
-0.002488
-0.010036
-0.004988
-0.008091
0.001622
-0.005898
0.009901
-0.003492
0.001753
-0.002261
-0.000520
0.002883
0.000222
0.003198
0.003087
-0.000356
-0.001098
0.000420
0.005506
0.000299
0.001849
-0.003356
-0.002574
0.004223
0.000046
0.000356
-0.003539
0.001559
-0.010944
0.002397
0.000788
0.005190
-0.008451
0.003656
0.003377
-0.003258
0.001376
-0.000987
0.002683
-0.000244
-0.000042
-0.002043
-0.004560
0.000004
-0.002852
0.003260
0.002154
0.000709
0.000315
0.002707
-0.000169
0.002652
0.012518
-0.002161
-0.003910
0.002786
0.000797
0.000647
0.000972
0.004218
0.002597
-0.001136
0.001981
0.003439
-0.004067
-0.002327
-0.003872
-0.001057
-0.002351
0.001840
0.001240
0.010277
-0.001179
0.002066
0.008821
-0.002249
0.003569
0.005188
-0.002926
0.002212
-0.002717
0.001257
-0.000229
-0.000546
-0.000689
0.002752
-0.004617
0.002813
-0.007514
-0.000317
-0.004988
0.001392
0.002077
0.001096
0.005005
0.004618
0.004397
0.001681
0.001751
-0.000636
-0.010921
-0.000174
0.005650
-0.003544
0.004510
0.003379
-0.000283
0.006058
-0.002718
-0.012488
0.005904
0.002539
0.004632
-0.001940
-0.004489
-0.001829
0.004983
0.001158
-0.007294
0.002658
0.002420
0.000331
0.007500
0.002964
0.002478
0.000639
-0.003819
0.011628
0.003107
-0.004703
-0.002740
0.011598
0.004167
-0.001395
0.005350
0.001974
0.000171
0.001585
0.000321
-0.000717
-0.003652
0.003281
0.004662
-0.001900
0.000169
0.005108
0.004481
0.003485
-0.002181
0.008746
0.003282
0.005504
0.002859
-0.006413
-0.000628
0.007485
0.006563
-0.004248
0.003151
0.003209
-0.014582
-0.003579
0.001539
-0.002065
-0.004415
0.002472
0.004328
-0.000570
0.001311
-0.006212
-0.017643
-0.000078
0.000404
0.003649
0.000920
0.001598
0.001316
0.006101
0.003845
-0.003531
0.002864
-0.003083
-0.004840
0.000576
-0.002677
0.002097
-0.004101
-0.003705
0.005441
-0.010017
-0.003547
-0.012491
0.000817
0.003704
-0.010566
0.001730
-0.003642
-0.006839
-0.003563
0.004559
0.005228
-0.011129
-0.000299
0.002424
-0.000293
0.004144
0.002856
-0.000417
0.000584
0.001104
0.001501
0.003765
-0.004600
0.000027
0.009252
0.005321
0.001996
0.001410
0.001353
-0.001355
0.000741
-0.003990
0.001313
-0.003030
-0.004779
0.011959
0.001828
-0.003134
0.001444
-0.004106
0.007726
-0.002581
0.005387
0.002513
0.003105
0.005542
0.009562
0.001154
0.001768
0.000421
0.005558
-0.004735
-0.002941
-0.010279
0.001795
-0.001258
-0.006093
0.003779
-0.004120
0.004423
-0.002517
-0.001360
0.002129
0.000901
0.002551
0.001757
0.003339
0.003155
0.002279
-0.004083
-0.002160
0.002734
-0.004929
0.005936
0.002580
-0.004920
0.006886
0.000677
-0.002200
0.004544
0.000144
-0.004980
0.001918
-0.004964
-0.000073
-0.002554
-0.008588
-0.002440
0.001028
0.003143
0.003378
0.001812
0.000941
-0.000917
-0.000065
0.005664
0.002120
-0.006548
0.000438
0.003893
0.001331
0.002073
0.003549
-0.001775
-0.000646
0.003298
-0.001353
0.004445
-0.000542
-0.001858
-0.008925
0.001746
0.001693
-0.003089
0.001645
0.000576
0.004548
0.002133
-0.002160
0.001791
-0.006473
0.002461
-0.002473
0.008206
0.013894
-0.005078
0.002069
0.001742
0.000274
-0.008035
-0.000242
-0.001198
-0.001146
0.003404
0.006650
-0.002148
0.002310
-0.005171
0.002566
0.005861
-0.003701
0.002665
0.002553
0.003603
0.001911
0.008494
-0.001069
0.007316
-0.001398
-0.009196
0.007453
0.000202
0.003080
0.003241
-0.007187
0.001181
-0.002623
0.003202
0.004247
-0.003949
0.003295
-0.003390
-0.002200
0.001129
-0.001196
-0.004185
0.005314
0.003594
0.001692
0.004862
0.002925
-0.015369
-0.004386
0.001776
0.004406
-0.001556
-0.000661
-0.001849
-0.000689
0.003336
-0.004587
-0.004018
-0.001101
-0.003204
0.005157
0.002228
-0.011743
0.000606
-0.013815
0.006991
0.011221
0.000834
0.003612
0.008190
0.004350
0.002324
0.002703
-0.004264
-0.005011
0.003294
0.002609
0.002582
-0.002441
-0.004273
-0.000180
-0.000976
0.003250
-0.000907
-0.003879
0.005747
-0.001118
0.003826
-0.005771
0.002937
0.007809
0.003753
-0.007671
0.003800
0.001265
0.000611
-0.000262
-0.003929
0.008539
0.005039
0.005699
-0.004412
-0.005626
-0.002231
0.004330
0.004039
0.002099
-0.004036
-0.000032
0.005477
0.004962
-0.006441
0.000328
0.000379
-0.002436
0.002021
0.005539
0.005985
-0.009633
0.008616
-0.002576
0.000181
0.005820
0.004270
0.004925
-0.000263
0.003404
0.001325
-0.012953
0.003703
-0.001450
0.003708
-0.000966
0.010485
0.001058
-0.003939
0.002914
0.001405
-0.000062
-0.004406
0.004953
0.001991
-0.002011
0.004514
-0.000567
-0.003507
-0.003911
0.002015
0.008162
-0.000736
-0.007902
-0.004264
0.001627
0.003935
-0.002525
-0.018699
0.000641
0.003737
0.002672
-0.001364
0.004416
-0.000873
0.006832
0.006768
0.003853
-0.001811
0.004062
0.001507
-0.001862
0.000703
0.007252
-0.001587
0.003495
-0.003084
-0.001866
0.001455
-0.004679
0.005930
0.002589
0.003326
-0.001507
-0.005822
-0.000130
0.001474
0.003628
0.000364
0.001972
0.002631
0.001056
0.003897
0.001677
0.002834
0.000192
0.000743
-0.004638
-0.004172
0.002500
-0.000925
-0.003046
-0.000785
-0.002917
0.001790
-0.000832
0.004170
