# 参数名称：backbone.features.4.conv.4.running_mean
# 参数形状：(144,)
# 参数数据类型：float32
# 参数值（保留6位小数）：
0.005649
-0.050350
0.042524
-0.014694
-0.032387
-0.028219
-0.000978
0.069539
0.000940
-0.015183
-0.043463
-0.002240
-0.004834
0.024212
0.068267
0.031353
0.033334
-0.005077
-0.078707
0.026662
0.012527
-0.039946
0.025239
-0.010177
-0.007364
0.041173
-0.036686
0.050301
0.059413
0.002845
-0.064138
0.014217
0.034758
0.028204
0.021588
-0.017704
-0.047421
0.015993
-0.000850
-0.019863
0.017950
0.048261
0.074766
-0.021073
0.002214
-0.024253
0.002930
-0.005825
-0.000781
0.046559
-0.007665
0.036548
0.015933
-0.036571
0.015083
0.013350
0.001162
-0.002107
0.024800
-0.058507
0.016413
-0.001652
0.000666
-0.012833
0.011410
-0.004738
-0.035687
0.004123
-0.028902
0.006033
-0.071225
0.024463
0.025402
0.038324
-0.019906
-0.003592
0.033094
0.027387
-0.047143
-0.001697
0.047191
-0.005173
0.002365
-0.001953
0.042374
-0.009896
-0.000262
0.001814
-0.005584
-0.018622
0.002596
-0.019862
-0.008199
-0.026938
0.006879
-0.035162
0.046887
-0.040333
-0.081687
-0.001109
0.037969
0.010522
0.058427
0.089830
0.031099
-0.047078
0.042651
-0.009515
0.021760
-0.022117
-0.050949
0.050221
-0.035832
0.038142
0.014899
-0.024714
-0.044787
-0.062645
-0.043788
0.021645
0.027628
-0.028695
-0.038671
-0.018824
0.022849
-0.028796
-0.002592
0.008631
0.038059
0.046491
0.025582
0.028390
0.078331
0.031975
0.005101
0.039378
0.012614
-0.031676
0.009586
-0.005347
-0.035527
-0.016690
-0.011887
-0.050687
