# 参数名称：backbone.features.5.conv.4.running_var
# 参数形状：(192,)
# 参数数据类型：float32
# 参数值（保留6位小数）：
0.000432
0.002194
0.002493
0.003524
0.008805
0.001437
0.000948
0.002988
0.006585
0.004400
0.000418
0.001460
0.002659
0.000539
0.003656
0.002847
0.003922
0.004540
0.001009
0.002656
0.002167
0.005635
0.004181
0.002719
0.004052
0.003443
0.007058
0.000887
0.001189
0.001060
0.004447
0.002184
0.003712
0.005032
0.005409
0.001546
0.001266
0.001238
0.001717
0.001128
0.002625
0.006127
0.000957
0.003090
0.003089
0.000495
0.005408
0.001213
0.002698
0.001391
0.010384
0.002148
0.017448
0.005502
0.007264
0.004072
0.002741
0.001570
0.004534
0.007145
0.004982
0.002306
0.001348
0.003553
0.001491
0.003283
0.004544
0.001368
0.001639
0.004388
0.003213
0.002492
0.002910
0.004732
0.000549
0.003368
0.002888
0.003988
0.001586
0.002274
0.000954
0.006781
0.001140
0.001355
0.004693
0.005160
0.002086
0.001551
0.007626
0.002312
0.003304
0.001317
0.003770
0.016541
0.001308
0.008204
0.002429
0.005485
0.002245
0.003438
0.002580
0.002343
0.003086
0.001032
0.000778
0.001691
0.002308
0.001418
0.002143
0.002241
0.004675
0.006990
0.003571
0.004186
0.003303
0.001466
0.004015
0.001692
0.003855
0.014995
0.004761
0.002219
0.003196
0.014705
0.006290
0.002307
0.007710
0.001749
0.000595
0.000766
0.008410
0.006338
0.006490
0.002143
0.002071
0.005371
0.000855
0.000980
0.001163
0.005093
0.002604
0.007091
0.002989
0.005945
0.002372
0.000759
0.001266
0.003525
0.006310
0.000515
0.003765
0.001303
0.003757
0.009581
0.008626
0.003146
0.008179
0.006990
0.002801
0.002541
0.004470
0.000857
0.003895
0.000586
0.001357
0.001608
0.000808
0.002282
0.007626
0.005847
0.004733
0.003237
0.008332
0.003432
0.001490
0.001442
0.003199
0.002176
0.002548
0.000881
0.008398
0.000694
0.001348
0.005870
0.000373
0.002704
0.002687
0.004017
0.000734
0.003717
0.000925
0.015667
