# 参数名称：backbone.features.4.conv.4.bias
# 参数形状：(144,)
# 参数数据类型：float32
# 参数值（保留6位小数）：
0.006872
0.003184
-0.000324
0.000916
0.003812
-0.001694
-0.002051
0.001051
-0.000717
-0.008819
-0.001157
-0.003831
-0.001251
0.009015
0.009813
-0.000817
0.001989
0.003691
-0.004695
0.016087
0.007280
-0.005682
0.005026
-0.002017
-0.003607
0.002039
0.004117
0.000034
0.007998
0.004903
-0.001932
0.000037
0.004190
0.017703
0.006892
0.003381
-0.006452
0.010182
0.002374
-0.006670
0.005884
-0.009906
0.012698
-0.001442
-0.004861
-0.001776
0.004839
0.002687
-0.009615
0.006634
0.003797
-0.009369
-0.005056
-0.000213
0.002473
0.013044
0.005536
-0.010525
-0.005299
-0.008443
0.000951
-0.007185
0.000401
0.005256
0.004380
-0.004031
0.001184
0.007866
-0.007198
0.006795
-0.002154
0.002035
0.002864
0.000624
-0.005166
0.007546
-0.001087
0.005473
0.002451
-0.000443
0.005140
-0.001653
-0.001364
-0.006590
-0.002311
-0.002725
0.014095
-0.002666
-0.007371
-0.001799
-0.006020
-0.004884
0.001952
0.003446
-0.001162
0.003315
0.003554
-0.001897
0.008710
-0.004054
0.018104
-0.003687
-0.007760
0.004159
0.013499
0.004476
0.008552
-0.004954
0.001345
0.002814
0.006290
0.003305
0.002881
0.005256
-0.006450
0.006117
0.002862
0.003395
-0.001787
0.014301
0.005882
-0.000887
-0.004680
0.008969
0.007502
-0.001943
-0.000168
-0.003104
-0.001557
-0.003818
0.000706
0.001936
0.010063
-0.000687
0.003912
-0.008119
0.009219
0.011170
0.001278
-0.002368
0.005096
0.004270
0.000319
0.003362
