# 参数名称：backbone.features.3.conv.4.running_var
# 参数形状：(144,)
# 参数数据类型：float32
# 参数值（保留6位小数）：
0.008167
0.003321
0.001851
0.005640
0.003521
0.001535
0.005280
0.008211
0.012899
0.001854
0.007150
0.007029
0.006969
0.001691
0.003827
0.005729
0.012510
0.002615
0.005475
0.003006
0.014714
0.001603
0.001802
0.009606
0.000872
0.003852
0.002483
0.002111
0.003627
0.003261
0.002104
0.002325
0.005274
0.005951
0.007643
0.007117
0.003115
0.008044
0.003966
0.003201
0.002886
0.004556
0.016208
0.006101
0.004833
0.001946
0.001763
0.005558
0.004159
0.004352
0.015685
0.039045
0.005894
0.001052
0.003077
0.002651
0.013859
0.006597
0.001375
0.002899
0.006152
0.001789
0.006230
0.001034
0.006043
0.001861
0.001327
0.003775
0.001609
0.003587
0.002819
0.005000
0.004166
0.007681
0.004229
0.002022
0.008750
0.004012
0.001114
0.004241
0.003274
0.004780
0.010295
0.002942
0.007531
0.011965
0.001372
0.001596
0.004624
0.001171
0.005965
0.009935
0.008739
0.004686
0.002227
0.002855
0.001875
0.011747
0.001510
0.019413
0.005243
0.002361
0.001421
0.006788
0.001183
0.005707
0.002633
0.008568
0.002357
0.006773
0.002507
0.010552
0.009738
0.006383
0.005473
0.004076
0.001429
0.011816
0.008900
0.007208
0.004756
0.008703
0.012057
0.008242
0.005197
0.012544
0.005721
0.005528
0.002211
0.008162
0.000602
0.002464
0.003298
0.004201
0.009313
0.003806
0.014436
0.003378
0.013026
0.006198
0.013543
0.000772
0.000823
0.010067
