# 参数名称：backbone.features.8.conv.7.running_mean
# 参数形状：(64,)
# 参数数据类型：float32
# 参数值（保留6位小数）：
0.338401
-0.672873
0.263402
-0.245799
-0.185009
0.878304
-0.642661
2.487465
0.905243
0.144637
-1.433399
-0.273032
1.656869
2.163184
-1.084252
-0.701189
-0.795341
0.433308
-0.695822
-0.924730
1.255079
-1.412737
1.578117
-0.321640
-0.320274
-1.400741
-0.773486
-1.007697
1.511872
0.979251
0.562603
-0.353059
0.159930
-1.931607
0.038999
0.631145
-1.701309
0.391765
-1.564191
0.005816
2.939489
-0.752718
-0.277279
0.440204
0.462568
0.454643
-0.745049
0.789173
0.341363
2.339349
-0.415804
1.422652
1.811388
-0.549357
-0.889289
-2.041237
0.690078
-1.606219
-0.599850
-1.404872
0.137212
-0.024942
0.557378
-0.515992
