# 参数名称：backbone.features.14.conv.4.running_var
# 参数形状：(576,)
# 参数数据类型：float32
# 参数值（保留6位小数）：
0.000656
0.000766
0.000206
0.002675
0.000419
0.001746
0.000745
0.000638
0.000143
0.002409
0.001257
0.000265
0.002525
0.000929
0.000286
0.000461
0.001126
0.003512
0.000534
0.001297
0.000458
0.001580
0.000738
0.000764
0.001409
0.000290
0.000799
0.000654
0.000413
0.000655
0.000614
0.000919
0.000507
0.000985
0.001296
0.000686
0.003088
0.001024
0.001504
0.001501
0.000345
0.002421
0.001052
0.001525
0.000685
0.000297
0.001341
0.000982
0.001612
0.000896
0.001473
0.001382
0.000522
0.000955
0.001252
0.000353
0.000239
0.001839
0.002204
0.001278
0.002517
0.001215
0.001626
0.000856
0.004016
0.000240
0.000319
0.000399
0.001346
0.001879
0.001854
0.001310
0.000173
0.004805
0.000285
0.000092
0.001517
0.001988
0.001478
0.001810
0.002572
0.001094
0.000592
0.001131
0.000755
0.000841
0.004803
0.000450
0.000627
0.000485
0.000665
0.001396
0.000527
0.000454
0.000481
0.002466
0.002232
0.000611
0.000638
0.000443
0.001108
0.000544
0.001557
0.002617
0.001936
0.002742
0.000276
0.000244
0.000462
0.002621
0.000621
0.000996
0.000205
0.000540
0.000247
0.001097
0.001828
0.000657
0.000369
0.000276
0.000616
0.002549
0.001735
0.000484
0.000220
0.004745
0.001236
0.002035
0.002110
0.000384
0.000265
0.003040
0.000529
0.001239
0.000288
0.002375
0.000701
0.000851
0.000367
0.000535
0.000939
0.001266
0.001128
0.000786
0.000467
0.000451
0.000721
0.002477
0.003632
0.003519
0.002186
0.001590
0.000568
0.000986
0.000834
0.004321
0.002090
0.001659
0.000699
0.001512
0.001085
0.000469
0.000993
0.001255
0.000855
0.001642
0.000311
0.001615
0.000724
0.000633
0.000402
0.001617
0.000401
0.001284
0.000691
0.000894
0.000733
0.000898
0.000687
0.000541
0.001274
0.000901
0.000921
0.000913
0.000136
0.000671
0.000445
0.000358
0.000352
0.000527
0.000890
0.000403
0.000308
0.004601
0.000774
0.003243
0.001072
0.002517
0.001919
0.001895
0.000430
0.000776
0.001695
0.000518
0.001226
0.000831
0.002052
0.000864
0.001296
0.001923
0.001162
0.002184
0.000726
0.000457
0.002238
0.000435
0.000470
0.001381
0.000419
0.002740
0.000447
0.002450
0.001491
0.003198
0.000184
0.000793
0.001655
0.000918
0.000610
0.001712
0.000793
0.000980
0.002209
0.000659
0.001112
0.001020
0.004740
0.000552
0.002383
0.000086
0.001022
0.000846
0.001153
0.000983
0.000848
0.000686
0.001029
0.003808
0.001746
0.000928
0.000362
0.002004
0.000540
0.001362
0.000704
0.001093
0.000246
0.000541
0.002258
0.000309
0.001192
0.002079
0.000694
0.002286
0.001076
0.001836
0.004234
0.001863
0.000554
0.002820
0.003316
0.002275
0.000885
0.000612
0.001060
0.002075
0.000297
0.000547
0.000478
0.000554
0.001070
0.002452
0.001219
0.000433
0.000599
0.002522
0.001172
0.000170
0.000270
0.002028
0.000645
0.001692
0.000251
0.001083
0.000737
0.000293
0.000997
0.000718
0.000370
0.000516
0.000314
0.000701
0.000746
0.000442
0.000377
0.001579
0.000584
0.000322
0.002057
0.000426
0.001210
0.001637
0.000448
0.000548
0.000622
0.000294
0.000616
0.000465
0.000694
0.001872
0.002810
0.000317
0.000421
0.001049
0.000828
0.001137
0.002772
0.001132
0.001245
0.000257
0.001012
0.000174
0.000511
0.004148
0.000464
0.003708
0.001193
0.000621
0.001989
0.000961
0.001048
0.000169
0.002174
0.000824
0.000386
0.001680
0.002117
0.000729
0.000918
0.000719
0.001950
0.001167
0.000741
0.001479
0.004982
0.000400
0.000531
0.000853
0.000524
0.000747
0.000387
0.000064
0.000848
0.001445
0.001660
0.001133
0.001870
0.000260
0.001028
0.001135
0.001935
0.000990
0.000788
0.000449
0.005774
0.001060
0.000188
0.004197
0.001398
0.001576
0.000322
0.002050
0.002149
0.002511
0.001318
0.001054
0.001474
0.001115
0.000486
0.000409
0.000234
0.000792
0.002207
0.000667
0.000791
0.000781
0.000369
0.000301
0.000754
0.002319
0.001706
0.001086
0.000762
0.000736
0.000320
0.000431
0.000936
0.000602
0.001385
0.000674
0.001325
0.000931
0.000903
0.001141
0.000618
0.000490
0.000344
0.024193
0.000359
0.000561
0.000681
0.002698
0.000798
0.001029
0.000268
0.000458
0.000434
0.000449
0.001383
0.001486
0.001122
0.000453
0.000652
0.000862
0.002016
0.000336
0.000839
0.001491
0.000586
0.000792
0.000164
0.000748
0.000337
0.001469
0.000906
0.000101
0.000759
0.002930
0.000824
0.004516
0.000243
0.001229
0.000695
0.001359
0.000908
0.000903
0.001614
0.000524
0.000739
0.002055
0.001388
0.001651
0.001798
0.001736
0.000978
0.000887
0.000959
0.001760
0.000711
0.000566
0.000181
0.000285
0.000999
0.000536
0.000404
0.002891
0.002336
0.001382
0.000274
0.000537
0.000852
0.000371
0.003292
0.000528
0.000673
0.000825
0.001228
0.002100
0.002481
0.001068
0.003042
0.000821
0.000739
0.001839
0.000306
0.001619
0.000546
0.001247
0.000187
0.000409
0.001235
0.001057
0.001455
0.000534
0.001388
0.000412
0.000745
0.001595
0.000248
0.000362
0.004177
0.002171
0.002884
0.000766
0.001881
0.001953
0.000535
0.000084
0.001024
0.000793
0.001909
0.000594
0.001717
0.000841
0.000608
0.001360
0.000907
0.000306
0.002515
0.001325
0.000880
0.000667
0.001810
0.001213
0.000376
0.000740
0.001474
0.000592
0.000838
0.002226
0.000484
0.001418
0.001173
0.001009
0.001695
0.000775
0.001256
0.001664
0.001420
0.000808
0.000395
0.001330
0.000200
0.001012
0.000751
0.001339
0.001647
0.000513
0.001326
0.001584
0.000313
0.000677
0.000835
0.001548
0.002068
0.000998
0.001887
0.000667
0.001270
0.006008
0.000751
0.000996
0.002931
0.000862
0.001533
0.000709
