# 参数名称：backbone.features.13.conv.1.weight
# 参数形状：(576,)
# 参数数据类型：float32
# 参数值（保留6位小数）：
0.902286
0.857169
0.929849
0.857717
0.860097
0.857275
0.858432
0.875158
0.873679
0.919912
0.868661
0.859423
0.899327
0.857566
0.857939
0.857801
0.887097
0.857503
0.934421
0.857974
0.857386
0.857605
0.857483
0.857396
0.861939
0.869188
0.902577
0.858337
0.859693
0.859504
0.917418
0.923001
0.858278
0.858880
0.857242
0.895294
0.913409
0.857916
0.857517
0.878656
0.873198
0.858826
0.857122
0.857399
0.908695
0.866949
0.857224
0.857172
0.864454
0.860540
0.858417
0.857209
0.886839
0.866958
0.875603
0.857558
0.857253
0.862013
0.879193
0.857517
0.859096
0.857252
0.859313
0.857272
0.857257
0.901052
0.877692
0.867914
0.860126
0.857572
0.857278
0.860633
0.857182
0.857273
0.857181
0.857470
0.910297
0.857225
0.905814
0.889529
0.862635
0.858381
0.857220
0.857128
0.861293
0.888970
0.865944
0.862506
0.874623
0.857436
0.857279
0.870779
0.857331
0.862652
0.892101
0.859230
0.857380
0.857169
0.886422
0.857130
0.863672
0.857538
0.858252
0.934710
0.857227
0.857315
0.869466
0.857189
0.858497
0.902650
0.858896
0.857187
0.857260
0.895379
0.875221
0.857873
0.857728
0.902140
0.901363
0.859906
0.883369
0.857263
0.911422
0.857718
0.857232
0.859398
0.876847
0.857766
0.857252
0.858540
0.857385
0.907387
0.857434
0.868509
0.858631
0.859737
0.857158
0.862161
0.857456
0.857285
0.860612
0.865357
0.881204
0.876536
0.857220
0.857332
0.857328
0.859325
0.858790
0.912252
0.863200
0.866722
0.896489
0.933627
0.888148
0.867093
0.860306
0.858639
0.896882
0.861495
0.862896
0.857653
0.877345
0.878105
0.857466
0.859853
0.857377
0.858093
0.859956
0.860772
0.889715
0.857901
0.857286
0.865897
0.870922
0.867091
0.861220
0.858992
0.858049
0.863575
0.890212
0.860168
0.857166
0.870584
0.861918
0.880130
0.918001
0.857238
0.863534
0.858837
0.858011
0.857993
0.858844
0.889548
0.858744
0.933828
0.865524
0.858951
0.891988
0.858528
0.858311
0.868672
0.857828
0.859950
0.860590
0.859634
0.864477
0.882738
0.857489
0.859539
0.911264
0.857171
0.857143
0.860368
0.863978
0.858973
0.857187
0.859378
0.857225
0.859962
0.925048
0.859648
0.868867
0.862562
0.859175
0.859025
0.909101
0.869392
0.857451
0.857488
0.862670
0.857904
0.879379
0.858994
0.866430
0.861838
0.858365
0.857335
0.859219
0.867955
0.857949
0.924057
0.857327
0.864086
0.857178
0.857150
0.860365
0.857238
0.857341
0.860662
0.858607
0.911497
0.857999
0.862854
0.857465
0.860223
0.884051
0.857973
0.857373
0.864820
0.858190
0.870833
0.911985
0.859246
0.859915
0.857570
0.913044
0.876587
0.918495
0.904738
0.857607
0.859924
0.857475
0.857139
0.859109
0.883130
0.876131
0.859418
0.858012
0.923032
0.861240
0.860998
0.857405
0.883477
0.863439
0.858160
0.866851
0.858754
0.869163
0.867370
0.864283
0.859669
0.931082
0.861396
0.875108
0.857683
0.876346
0.858030
0.857257
0.857954
0.857273
0.857210
0.881172
0.858199
0.857266
0.869778
0.859043
0.857409
0.913891
0.927420
0.867677
0.870018
0.873001
0.899905
0.879906
0.874517
0.862131
0.863899
0.869173
0.911383
0.860175
0.867447
0.857359
0.893708
0.912542
0.858153
0.857444
0.863846
0.889765
0.860522
0.857122
0.878787
0.857249
0.894901
0.857309
0.886833
0.880215
0.902962
0.857420
0.861528
0.885949
0.857274
0.857639
0.858153
0.859241
0.858674
0.862752
0.857284
0.861788
0.860767
0.857410
0.858210
0.862396
0.870598
0.858936
0.875655
0.857332
0.857225
0.881276
0.857852
0.895131
0.875152
0.860076
0.915632
0.862485
0.858056
0.857876
0.878943
0.857606
0.875132
0.859733
0.857168
0.882495
0.859192
0.876481
0.868733
0.908449
0.861479
0.857499
0.858442
0.857979
0.860896
0.858966
0.858567
0.858092
0.864801
0.876619
0.884636
0.930814
0.857780
0.863222
0.860451
0.858879
0.857665
0.857565
0.863848
0.857646
0.859805
0.857954
0.884394
0.858260
0.886235
0.859823
0.861239
0.892846
0.861323
0.910481
0.858142
0.866783
0.870404
0.859443
0.861282
0.857651
0.888282
0.857185
0.857186
0.893432
0.857730
0.858980
0.858556
0.857793
0.858366
0.857380
0.857359
0.892882
0.867074
0.864205
0.858114
0.874501
0.894468
0.857792
0.857407
0.857476
0.857991
0.869445
0.857167
0.857147
0.858733
0.872987
0.863611
0.857179
0.862035
0.857193
0.866650
0.857517
0.863874
0.889003
0.870510
0.857460
0.873614
0.911971
0.897768
0.860390
0.866857
0.868202
0.858359
0.857132
0.859637
0.860243
0.857329
0.869797
0.858132
0.857682
0.872157
0.916915
0.859259
0.857413
0.897536
0.857179
0.871253
0.861318
0.861594
0.884846
0.860610
0.859757
0.870033
0.857931
0.858224
0.860585
0.866409
0.857454
0.917502
0.882101
0.880375
0.857470
0.860657
0.863516
0.857208
0.867653
0.887272
0.860252
0.857261
0.857317
0.940210
0.857446
0.889163
0.860346
0.863129
0.876193
0.873610
0.858013
0.867384
0.857195
0.861911
0.859733
0.873714
0.860406
0.870847
0.857311
0.859917
0.857221
0.858059
0.863910
0.857571
0.857520
0.857630
0.858254
0.857398
0.860920
0.878196
0.863485
0.857114
0.858159
0.883812
0.858284
0.857312
0.857224
0.865812
0.857381
0.890933
0.857650
0.858817
0.857121
0.865181
0.882409
0.859399
0.870596
0.866120
0.886582
0.870398
0.896225
0.914535
0.857601
0.857197
0.886478
0.857426
0.859621
0.857715
0.898797
0.857619
0.898382
0.923316
0.857930
0.861391
0.861086
0.922567
0.867066
0.940065
0.895947
0.884115
0.871118
0.858366
0.857187
0.859340
0.857126
0.884264
0.860318
0.896365
0.857529
0.857640
0.858633
0.857446
0.858205
0.860979
0.862258
0.883906
