# 参数名称：backbone.features.7.conv.4.running_mean
# 参数形状：(192,)
# 参数数据类型：float32
# 参数值（保留6位小数）：
-0.051507
-0.033959
0.044664
-0.015870
0.053454
-0.054208
-0.048404
0.040873
0.030499
0.006317
-0.051751
0.036553
-0.030020
-0.004360
0.030537
-0.020768
0.003673
0.007004
0.018606
-0.024423
-0.032572
0.040256
0.033355
0.022747
-0.054759
0.013346
-0.024254
0.009324
0.004598
-0.001475
0.016640
-0.004095
0.009981
-0.006442
0.026457
-0.013629
0.010867
-0.017001
-0.016524
0.038723
0.026093
-0.006744
0.024345
-0.009347
-0.019203
-0.025959
0.022779
-0.020768
-0.011762
-0.053036
-0.025627
0.030442
0.025315
0.016984
-0.002787
-0.008404
0.025790
-0.009688
-0.056505
0.028913
0.046757
0.059442
-0.037423
-0.016893
-0.027733
-0.041491
0.026277
-0.029507
0.008511
0.090249
0.005439
0.003098
0.023995
-0.013209
0.005203
-0.012186
0.095519
-0.033863
-0.023083
0.067238
0.025062
0.031302
0.047610
-0.028650
-0.005909
-0.027499
0.006447
0.003727
0.006488
-0.031992
0.015374
-0.049985
0.025413
-0.019583
0.031364
0.037703
0.004306
0.030960
-0.033129
-0.001714
-0.016693
0.017978
0.005242
0.038424
0.012519
-0.073969
0.044912
-0.006010
0.009459
0.015490
0.049211
0.010794
0.038949
-0.021109
-0.008286
0.078410
-0.007890
-0.094451
-0.012820
0.027461
0.034006
0.003618
-0.022745
0.008849
0.004832
0.082334
-0.014265
0.012849
0.070484
0.023076
-0.006334
-0.022611
-0.013003
0.020760
0.002696
0.028797
0.019790
0.039080
0.041420
0.006279
0.016108
-0.020856
-0.023750
-0.053881
-0.001068
-0.011086
-0.052537
0.029157
0.000121
0.036401
0.024729
0.027680
0.011258
-0.015345
0.007413
-0.013348
0.006001
-0.039738
0.021050
0.019955
-0.025388
0.044790
-0.012432
0.020941
0.030813
-0.017159
-0.013383
0.027983
-0.002025
0.016619
-0.032348
-0.018587
0.001801
0.033465
0.005270
0.021264
0.043184
-0.036632
-0.065720
-0.001584
-0.037810
0.056967
-0.018444
0.026660
-0.009693
0.000292
-0.026568
0.044039
0.018676
0.031457
-0.016972
-0.029806
