# 参数名称：backbone.features.12.conv.1.running_var
# 参数形状：(576,)
# 参数数据类型：float32
# 参数值（保留6位小数）：
0.423615
0.287417
0.247558
0.199481
0.424380
0.408374
0.325042
0.214560
0.252736
0.489478
0.275192
0.375296
0.274232
0.202605
0.447536
0.392584
0.305955
0.280571
0.191860
0.213695
0.281275
0.326163
0.257246
0.263072
0.345449
0.229876
0.315526
0.287367
0.284659
0.538937
0.230024
0.408258
0.254676
0.237380
0.211730
0.408995
0.262268
0.329105
0.407668
0.371065
0.343376
0.553065
0.441924
0.245851
0.265718
0.279837
0.161742
0.186789
0.232687
0.413722
0.398401
0.321179
0.359150
0.302206
0.298281
0.355745
0.372670
0.349064
0.307841
0.499229
0.197139
0.239703
0.272611
0.236258
0.282764
0.343890
0.302401
0.372339
0.294595
0.178813
0.351894
0.453872
0.224773
0.499713
0.458242
0.312180
0.283996
0.270345
0.299989
0.344916
0.562240
0.266119
0.284061
0.236683
0.332413
0.204223
0.514647
0.296912
0.487045
0.242698
0.421660
0.231403
0.200515
0.244329
0.306789
0.418145
0.252472
0.662541
0.310279
0.345763
0.267272
0.343418
0.275693
0.424014
0.621478
0.283271
0.205867
0.354390
0.255892
0.234398
0.201424
0.409385
0.568234
0.307030
0.166045
0.270697
0.378757
0.254548
0.403347
0.242488
0.265255
0.363099
0.272481
0.581916
0.295018
0.363488
0.409729
0.456700
0.292021
0.750214
0.287121
0.291839
0.398848
0.304163
0.338596
0.352163
0.421301
0.205244
0.784075
0.508719
0.220747
0.174388
0.245323
0.335052
0.324416
0.685828
0.449243
0.176165
0.181412
0.212401
0.283667
0.230705
0.262154
0.385430
0.161699
0.655624
0.324289
0.173130
0.169165
1.115917
0.336086
0.663545
0.375004
0.513080
0.274291
0.457226
0.286883
0.477633
0.228135
0.396603
0.289488
0.355978
0.317154
0.367351
0.343353
0.208214
0.246939
0.280038
0.271176
0.318318
0.208261
0.221590
0.249360
0.321950
0.842377
0.273869
0.274985
0.407658
0.255721
0.283716
0.244493
0.315649
0.573768
0.185646
0.455540
0.338734
0.255110
0.256957
0.298937
0.397111
0.310010
0.203786
0.339072
0.465804
0.550983
0.428413
0.367105
0.335090
0.228288
0.387444
0.223922
0.364853
0.439814
0.294180
0.371002
0.370180
0.268018
0.429519
0.236307
0.239664
0.421987
0.219866
0.274285
0.364424
0.391599
0.384811
0.246219
0.389009
0.389361
0.227159
0.401437
0.265257
0.270604
0.213064
0.246589
0.372038
0.277540
0.230799
0.218142
0.248814
0.487509
0.354240
0.571769
0.286546
0.258604
0.346196
0.349727
0.216360
0.381901
0.138641
0.245582
0.362932
0.420865
0.547528
0.322590
0.406856
0.320754
0.262028
0.446638
0.400789
0.340687
0.302924
0.500805
0.263333
0.222735
0.283547
0.290137
0.470793
0.282689
0.370128
0.599391
0.347134
0.233729
0.402613
0.311497
0.353538
0.406505
0.426156
0.269639
0.278748
0.201669
0.225757
0.335629
0.256426
0.254076
0.474316
0.340464
0.338294
0.567540
0.360062
0.401650
0.175829
0.390352
0.286434
0.340801
0.271844
0.434778
0.351575
0.598449
0.335140
0.532568
0.402762
0.260369
0.238843
0.164595
0.281984
0.357547
0.130665
0.255209
0.325392
0.380693
0.261586
0.241606
0.313787
0.415983
0.513721
0.345204
0.408837
0.176302
0.210368
0.189302
0.260706
0.460951
0.237202
0.236999
0.199304
0.381488
0.149101
0.193643
0.467935
0.567451
0.281149
0.322277
0.729662
0.302476
0.220131
0.285711
0.280938
0.230088
0.268342
0.215773
0.242862
0.476280
0.252517
0.331916
0.204676
0.306349
0.330139
0.249721
0.504543
0.311118
0.206145
0.454271
0.982504
0.361075
0.258721
0.347692
0.208705
0.292507
0.309274
0.202444
0.368778
0.264927
0.233160
0.257022
0.255831
0.275466
0.310611
0.305118
0.234399
0.280882
0.406053
0.400727
0.324192
0.431663
0.342391
0.298514
0.563540
0.301595
0.213742
0.217364
0.236017
0.203958
0.335564
0.327980
0.327221
0.197493
0.458169
0.223918
0.225847
0.228996
0.313705
0.318756
0.276095
0.335251
0.232878
0.263372
0.258351
0.418640
0.190769
0.275973
0.347054
0.241308
0.527895
0.410794
0.382487
0.530453
0.591667
0.409668
0.467622
0.400396
0.492357
0.180010
0.293266
0.445713
0.317612
0.201701
0.288179
0.571050
0.215049
0.243708
0.235261
0.247490
0.452581
0.428186
0.390340
0.369856
0.325962
0.398784
0.333657
0.288838
0.230139
0.282022
0.374006
0.284613
0.197401
0.312246
0.222398
0.181003
0.223848
0.301344
0.352638
0.543256
0.220199
0.227692
0.264392
0.318461
0.265302
0.463680
0.254810
0.279927
0.272287
0.306937
0.542721
0.481015
0.291178
0.362323
0.336533
0.354266
0.424620
0.333694
0.206102
0.279692
0.402322
0.300504
0.511190
0.683551
0.325320
0.383330
0.279777
0.248425
0.241923
0.313477
0.445091
0.218751
0.524902
0.212632
0.310546
0.479599
0.556661
0.331229
0.238947
0.305169
0.256488
0.278053
0.254218
0.461286
0.362158
0.288871
0.233118
0.396013
0.658658
0.251077
0.449245
0.449206
0.373210
0.296662
0.353863
0.329950
0.259853
0.388874
0.277867
0.246017
0.510687
0.312464
0.344188
0.271033
0.303834
0.283052
0.293896
0.340903
0.340325
0.226240
0.244556
0.448486
0.458049
0.215882
0.540905
0.395510
0.243394
0.196193
0.394271
0.599088
0.302272
0.352581
0.254801
0.275207
0.284076
0.204994
0.444665
0.323573
0.376899
0.398318
0.346590
0.237368
0.205632
0.290868
0.244142
0.637191
0.310572
0.248921
0.148452
0.293236
0.236929
0.227677
0.203907
0.185897
0.305517
0.151040
0.307980
0.367607
0.204414
0.246305
0.409389
0.229499
0.236045
0.233106
0.425559
0.331492
0.402102
0.540748
0.355098
0.268510
0.474972
0.528601
0.431517
0.341335
0.286659
0.251227
0.450540
0.347205
0.346647
0.172577
0.263042
0.228218
0.461642
