# 参数名称：backbone.features.8.conv.3.weight
# 参数形状：(384, 1, 3, 3)
# 参数数据类型：float32
# 参数值（保留6位小数）：
-0.021283 0.026220 0.003799
0.006025 0.009362 -0.033464
0.015734 -0.008114 -0.007515
-0.009442 0.003946 -0.018738
0.011066 -0.019508 0.041675
-0.039805 0.021065 -0.007130
0.009115 0.017437 0.002868
-0.018203 0.004071 0.007898
0.023724 -0.002888 0.044519
0.000512 0.044253 0.012176
-0.028771 0.007318 0.014071
-0.037287 -0.005138 -0.025262
0.014124 -0.018626 0.048071
-0.043300 0.037039 0.019393
0.021659 -0.030964 -0.064716
-0.012840 0.003175 0.041712
0.007073 0.003985 0.021969
0.026868 0.017700 -0.023980
-0.039021 0.030220 0.034080
0.018533 -0.004170 0.011330
-0.005118 -0.043644 -0.006904
0.012954 0.013669 0.015885
0.003698 -0.049541 -0.008189
-0.004630 -0.080093 0.033157
-0.014506 -0.000778 0.006593
-0.006004 -0.021155 -0.003362
0.028363 0.037024 0.029780
0.027689 -0.001922 -0.056115
-0.034431 0.025863 0.003806
0.007046 -0.033855 0.016849
-0.011427 -0.015065 0.022491
0.026969 -0.022165 -0.007920
-0.024815 0.019377 -0.002044
-0.042623 0.040318 0.027908
0.057753 -0.016322 0.001272
0.029518 -0.029243 -0.030291
0.002928 -0.035165 0.012668
-0.002503 -0.009625 -0.008298
0.048052 0.018204 0.002380
0.004333 0.027842 0.001986
-0.056494 -0.042160 -0.034145
-0.009286 0.029094 -0.013667
-0.016222 -0.039374 -0.001596
0.014214 -0.020128 -0.000257
-0.032505 0.014439 -0.048973
0.029713 -0.010721 0.004482
0.041566 0.009034 -0.019357
-0.001814 -0.012975 -0.032025
0.022819 0.000260 0.001049
-0.013029 0.020281 0.008566
0.007590 -0.014699 0.022184
0.022038 0.010048 -0.001189
-0.003753 0.022235 0.036580
0.002711 -0.006054 0.007747
0.018724 0.024938 0.001570
0.020266 -0.049638 -0.015414
-0.046991 0.013632 -0.000222
-0.003469 0.011868 -0.013476
0.003690 0.006705 -0.026908
0.007253 -0.007093 0.043847
-0.013445 -0.012071 -0.022695
-0.000936 -0.012388 0.016261
-0.048858 -0.000556 0.016757
-0.000197 -0.043810 -0.019054
0.052066 -0.009883 0.013598
0.005622 -0.037709 -0.015538
0.026001 0.013416 -0.010117
0.045661 0.029408 0.000259
0.055776 0.037321 0.023295
0.004957 -0.006635 -0.015193
-0.002678 0.008904 0.005639
0.001248 0.008651 -0.012702
0.013725 -0.025206 -0.019808
-0.007312 0.017989 -0.027898
-0.007787 -0.018427 0.022558
0.015991 0.013212 0.000394
-0.001943 0.023322 -0.036677
-0.013790 0.037216 0.017504
0.002728 -0.003191 0.005452
-0.002666 0.033279 0.023576
0.006684 0.004872 -0.004142
0.017708 0.019253 0.009938
0.000923 -0.078518 -0.017326
-0.038086 0.011162 -0.025525
0.010390 0.082636 -0.032295
0.026752 0.008768 -0.005159
0.013853 -0.025271 -0.024774
-0.009401 -0.020725 0.004304
0.037078 0.010221 0.014833
0.002149 0.006760 -0.054635
-0.038498 0.002111 0.022786
-0.029749 0.047394 0.062574
0.033329 0.005813 -0.003889
-0.019888 -0.002541 -0.020512
-0.014439 0.004407 -0.055116
-0.006758 0.018842 -0.022414
-0.059112 0.046156 -0.011825
0.013832 0.042230 -0.005897
0.020712 -0.019121 0.018500
-0.016074 -0.007888 0.003328
-0.014140 0.023506 0.005826
-0.045437 -0.018072 -0.009222
0.015130 -0.012612 -0.029159
0.005001 0.021708 -0.037879
0.005135 -0.027703 -0.066404
-0.037578 -0.037886 -0.016247
0.014955 -0.015624 -0.028917
0.036142 0.031567 0.004859
-0.002592 -0.011646 -0.033033
-0.004168 0.021671 -0.002291
0.003841 -0.019209 0.006967
-0.016324 0.019485 0.003597
-0.018049 0.035513 0.013789
0.010148 -0.011958 -0.028880
0.011239 -0.025933 0.055163
-0.002916 -0.024844 -0.003170
-0.000370 0.005774 0.002610
-0.011723 -0.050755 0.005155
0.011585 -0.024145 -0.034618
0.033569 0.017746 -0.027162
0.011162 -0.000980 -0.010020
-0.012607 -0.021693 -0.024713
0.002322 0.007392 -0.035858
-0.036255 0.017365 -0.005157
-0.008542 0.001534 0.048416
0.025836 0.008731 0.039847
-0.017079 0.015420 0.004270
0.032025 -0.008333 -0.008521
0.034596 -0.027923 -0.006579
0.027422 -0.022867 -0.050464
-0.022280 0.018061 0.026950
0.017103 0.030122 0.015701
-0.011524 -0.005262 -0.009981
-0.041204 -0.031342 -0.011585
-0.022918 -0.013148 -0.014524
0.001478 -0.012894 -0.019116
-0.007402 -0.007505 -0.011586
-0.014797 0.026527 -0.009915
0.046896 -0.008029 -0.018404
-0.001627 0.001554 0.003929
-0.000563 0.018251 0.013278
-0.047391 0.017780 -0.034771
-0.001774 0.016916 -0.009051
-0.020869 -0.016599 -0.025990
0.035753 -0.021610 -0.011950
-0.015700 0.037517 0.017829
-0.020829 0.006286 0.024703
-0.003775 -0.005980 0.014876
0.014861 0.001518 0.002695
-0.027826 0.012933 0.003292
0.018061 -0.017843 0.000490
-0.022369 0.025896 0.000865
0.001162 0.019630 -0.020642
-0.010057 -0.029903 -0.005688
0.029321 0.050259 0.019084
0.007181 0.001950 0.029832
0.015669 0.001811 0.020447
-0.006440 -0.007906 0.001862
0.004345 -0.041254 0.027433
0.005559 -0.043639 -0.034161
0.011322 -0.038449 -0.019991
-0.014908 -0.011186 0.027158
0.034428 -0.005157 0.030014
-0.042431 0.031550 0.019295
-0.013135 0.000829 -0.031685
-0.014343 -0.045319 -0.029597
-0.030385 0.025938 -0.002169
-0.016389 0.013373 0.029613
0.010956 -0.014271 0.014763
0.051678 0.024612 0.002248
0.010966 -0.024638 0.013325
-0.027546 0.009811 0.009373
0.022729 -0.017097 0.015344
0.051524 -0.018482 -0.046391
-0.009908 -0.016457 -0.021601
0.010567 -0.007102 0.064475
-0.032495 0.021916 -0.005181
0.019275 0.017832 -0.066023
0.064991 -0.001763 0.010210
0.018087 -0.011600 -0.014637
-0.008409 0.014655 -0.078633
0.021970 -0.000979 -0.001195
0.014690 0.035494 -0.004419
-0.007571 0.036308 0.003150
0.006598 0.024575 -0.002744
-0.000688 0.043288 0.012859
0.026572 -0.018155 -0.003069
0.043165 0.009046 0.017705
0.031845 0.032474 0.033380
0.017381 -0.021521 -0.034120
-0.034748 0.010964 -0.006287
-0.022819 -0.031893 0.001134
0.026279 -0.008039 -0.011025
-0.021560 -0.023846 0.030909
0.025779 0.023165 0.037785
0.000671 -0.002013 -0.019710
0.038415 -0.033846 -0.008617
0.001522 -0.004346 -0.003907
-0.027851 0.008176 0.011658
0.003786 0.010186 -0.006719
0.003739 0.038286 0.037870
0.031181 0.015995 0.017486
-0.028408 0.017508 0.015208
-0.010132 0.003361 0.021451
0.020487 -0.001028 -0.033804
0.018226 0.055115 -0.003128
-0.032755 0.019448 0.010668
-0.034547 -0.000067 0.012736
0.072320 0.042677 0.024763
0.042980 -0.016343 -0.001749
0.037858 0.013918 0.007774
-0.004522 0.054480 -0.004898
-0.025289 0.043635 0.014936
-0.014153 -0.087586 0.006784
0.042383 0.029088 0.055920
-0.037011 0.028207 -0.058394
-0.020051 -0.006166 0.021710
-0.021871 -0.039915 0.013591
0.002578 0.059604 0.037456
-0.011781 0.020448 -0.008206
-0.057490 -0.013996 0.022120
-0.019443 0.019433 -0.022064
-0.042855 0.026919 0.015416
-0.049621 0.061843 0.007882
0.033008 0.009806 0.009554
0.023004 0.010474 0.056877
0.007364 0.018307 -0.041260
0.031578 -0.015348 0.015826
0.016209 0.028786 0.012458
-0.012423 -0.016029 -0.000808
-0.010766 -0.004116 0.006077
-0.023227 -0.005337 -0.030216
-0.011938 0.004177 0.018748
-0.011927 -0.026205 0.027420
-0.010068 -0.039865 -0.000571
-0.006358 -0.006315 0.049205
0.030914 -0.001172 -0.005673
-0.031675 0.004025 -0.015239
-0.021442 0.004021 -0.013487
0.007808 0.025714 0.009357
0.004518 -0.000427 -0.017004
-0.006613 0.019851 0.043350
0.010974 -0.020989 -0.010461
-0.035021 -0.000190 -0.014314
0.008612 0.000136 -0.008882
0.012962 -0.003249 0.007587
-0.003663 -0.024541 -0.038108
0.008783 0.037153 0.008332
-0.012799 0.038324 -0.013499
0.022808 0.038605 0.039823
-0.045985 -0.051861 -0.022170
-0.003105 -0.042027 -0.034613
-0.011608 -0.009885 -0.028345
0.020935 -0.041421 -0.022019
0.004535 0.022952 0.014316
0.000279 0.039187 0.019142
0.011433 -0.011304 -0.017501
-0.019114 0.047417 -0.026297
0.003283 -0.003739 0.023909
-0.028376 0.015082 0.043414
-0.027026 0.011175 -0.042249
-0.020289 -0.039240 -0.016817
-0.040734 -0.030200 -0.020379
-0.012030 0.038427 0.068584
-0.002088 -0.034525 0.026672
0.011530 0.034155 -0.008135
0.008728 0.015643 -0.050571
0.040981 -0.026340 0.015621
-0.023785 -0.036307 -0.006125
-0.019884 -0.023935 0.009169
-0.017263 -0.020661 0.062286
0.014186 -0.005747 0.007301
-0.008482 -0.002611 -0.005724
-0.044630 0.014882 -0.004624
0.012464 -0.005871 -0.024328
-0.048925 -0.017673 -0.007922
-0.022490 -0.025444 0.037405
-0.009907 0.017801 0.009313
-0.070619 -0.027828 0.010663
-0.021197 -0.000097 0.026058
0.033109 0.036378 -0.002105
-0.045129 -0.031307 0.015308
0.032823 0.004708 -0.011706
-0.013816 0.009010 0.068932
0.026252 0.002550 0.036420
0.056359 0.003191 -0.026745
0.060522 -0.021922 -0.019797
-0.033267 -0.019625 -0.005797
-0.034759 -0.019958 -0.014814
-0.014101 0.004982 -0.045710
-0.011730 -0.021194 -0.003160
0.005595 0.021756 0.073927
-0.008828 0.020833 -0.004311
-0.017052 -0.022415 0.004828
0.001981 -0.013663 0.003981
0.000621 -0.001635 0.032100
0.006396 -0.001227 -0.006496
0.004500 -0.003318 -0.010657
0.007328 0.020528 0.024998
0.006162 0.029903 0.001076
0.038384 -0.010281 0.018908
0.054319 -0.010580 -0.000318
0.028350 -0.016471 -0.012378
0.003806 -0.026426 -0.020741
-0.003302 0.013888 -0.003174
-0.022294 -0.023804 0.029563
0.015591 -0.011536 0.028095
0.040672 0.003112 0.026145
-0.018556 0.038622 0.039805
0.015955 -0.046938 0.009926
-0.006864 0.046745 -0.021746
-0.014273 -0.011332 0.034572
-0.001727 0.057873 0.024834
0.021196 -0.003338 0.020326
-0.009477 0.006853 -0.016925
0.018837 0.029112 0.038821
0.006424 0.056673 0.008460
-0.007508 0.001632 -0.000848
0.012986 -0.050936 0.019526
0.025926 0.025649 -0.003658
-0.002960 -0.001343 -0.012491
0.018479 -0.007256 0.049443
0.044061 0.010817 -0.000633
0.013050 0.017165 0.046238
-0.001939 0.024597 -0.068541
0.052487 0.037262 -0.000919
0.017376 0.005630 -0.035538
-0.027225 -0.007666 -0.006934
0.069902 0.044100 -0.004043
-0.006337 -0.004374 -0.047302
0.000032 0.027768 -0.019124
0.033581 0.037848 0.001148
0.006771 -0.014468 -0.026554
0.011721 -0.003716 -0.008838
0.000068 -0.024124 0.027460
-0.020194 -0.008245 -0.026255
-0.005702 0.006624 0.010860
0.012019 0.022324 -0.013409
0.016299 0.014949 -0.015021
0.010420 -0.023728 -0.004187
-0.002189 0.012071 0.017869
0.018727 0.019463 0.006159
0.027843 0.013092 -0.015092
-0.029164 -0.008937 0.024704
-0.020705 0.019446 -0.034731
-0.048977 0.053456 -0.025483
-0.002579 -0.000612 0.050053
-0.000224 0.010038 -0.008868
0.000913 0.006862 -0.004255
0.028741 -0.002849 -0.046731
-0.016993 -0.042550 0.011031
-0.011551 -0.047390 0.000677
-0.006113 -0.024811 -0.016620
-0.011070 0.017445 -0.060715
-0.035586 -0.005064 -0.004899
-0.003525 -0.028898 0.042108
-0.004152 0.061705 -0.015749
0.006627 0.008803 0.008289
-0.047151 -0.040973 0.036663
0.010219 -0.000885 0.027657
-0.032825 0.058791 0.029949
-0.018793 0.010184 -0.004542
-0.026376 0.028450 -0.029788
0.016284 -0.011732 0.014121
-0.038057 0.017022 0.002278
-0.009505 0.002304 0.014605
-0.013483 0.001320 0.048114
-0.028331 -0.014546 0.001377
-0.002827 -0.011411 0.007463
-0.021771 0.003109 0.015334
-0.005098 -0.031903 0.004284
0.009757 -0.011107 0.022811
-0.016202 0.018062 0.025264
0.004318 -0.060502 0.014589
-0.004266 -0.031498 0.005562
-0.017705 0.028554 -0.016882
-0.024561 0.033848 0.016662
0.011130 0.013765 -0.006555
0.014808 -0.036204 -0.000111
-0.052606 0.007343 0.039030
-0.019275 0.018500 -0.016137
-0.004724 -0.005171 0.014820
-0.005008 0.023436 0.016530
-0.004984 0.015589 0.011283
-0.002497 -0.009008 -0.021463
-0.005299 0.015123 -0.035102
-0.029027 -0.054457 -0.025799
-0.018460 0.035802 -0.014135
-0.006962 0.006859 -0.002425
0.040232 -0.022227 -0.017804
-0.047540 -0.056382 -0.041522
0.004681 0.043499 0.008962
0.000072 -0.016367 0.009261
0.016418 0.024491 -0.006061
0.027364 0.038894 -0.034098
-0.037831 -0.057134 -0.015995
0.007683 -0.047699 -0.039970
0.040594 -0.029841 0.018357
-0.006599 0.016563 0.019575
0.028133 0.034002 0.012782
0.031249 -0.006397 -0.052734
-0.004897 -0.020280 0.010267
-0.004422 -0.049395 -0.012741
-0.031207 -0.008388 -0.008326
0.025775 -0.010192 0.016218
0.017521 0.004823 0.023875
-0.022690 -0.026099 -0.047975
0.011302 0.032469 0.000372
-0.002049 -0.003564 -0.069129
-0.011274 -0.007911 -0.054440
-0.000447 -0.050937 0.014560
-0.005196 -0.018689 -0.015086
0.014241 0.006416 0.005126
0.034924 0.003260 -0.011305
0.019041 -0.014723 0.009266
-0.027905 -0.008017 -0.003472
-0.010459 0.035466 -0.004621
-0.012109 -0.008651 0.037811
-0.014785 0.050103 0.009857
0.016429 0.032870 0.017776
-0.007198 -0.007191 -0.004708
-0.012348 -0.036126 0.005390
-0.039224 -0.012071 0.011382
0.050973 0.024655 -0.020175
-0.023875 0.011288 0.017603
-0.047935 -0.011287 -0.041830
-0.020633 -0.029604 -0.035148
-0.058316 -0.017243 -0.008258
0.006146 0.033976 0.001848
0.027752 -0.006323 -0.001202
0.060885 -0.009863 0.034739
-0.025001 -0.005765 0.027213
-0.043395 0.006219 -0.010713
0.003083 -0.036960 -0.015561
-0.001679 0.005562 -0.002650
-0.012483 -0.012268 0.013423
-0.005024 0.000720 -0.030920
0.024802 0.022846 -0.010892
-0.013160 -0.008319 0.001121
-0.024393 0.005596 0.006303
0.015619 0.002326 0.035788
-0.021739 -0.048712 -0.002723
-0.000075 0.013299 -0.005710
0.034168 -0.024806 0.015417
0.003702 -0.046455 -0.009853
0.009823 0.005491 -0.014701
-0.027487 -0.015575 -0.031055
-0.038985 0.035306 0.031781
0.028889 -0.002735 0.011421
-0.020710 0.002794 0.033927
-0.037026 -0.031494 0.015784
-0.012115 -0.031133 -0.000157
0.024505 0.023148 0.078418
-0.011900 -0.005186 0.055772
0.071946 0.052927 0.017858
-0.008069 0.012246 -0.037679
0.021050 -0.024828 -0.018883
-0.003534 -0.007564 -0.012883
-0.014893 -0.014641 0.045472
0.032200 -0.026573 0.001416
0.004237 -0.014292 0.018791
-0.001032 0.041205 -0.013434
0.001577 0.040025 0.066151
0.017081 0.045833 -0.016146
0.058063 -0.027554 0.009031
-0.015512 0.005166 0.015744
0.008435 0.010256 0.009748
-0.011116 0.028418 0.003962
-0.001488 0.000597 -0.046194
0.030578 0.011184 -0.024202
-0.044606 -0.031442 -0.013020
-0.022592 -0.013246 0.003124
0.006724 0.006531 -0.025571
0.008957 -0.063279 -0.021225
-0.003129 -0.012726 0.015943
-0.015049 0.025304 -0.002646
-0.000977 -0.007647 -0.001535
-0.009211 0.014541 0.004494
0.028934 0.005672 0.000778
-0.006569 0.052627 0.010849
0.003355 -0.023512 0.048236
0.007375 -0.007105 -0.027993
0.022976 0.047811 0.010392
0.016599 0.020172 0.033736
0.002953 0.031699 0.021249
-0.008541 -0.044231 0.027307
0.018263 -0.032570 0.039641
-0.001571 0.069265 -0.015621
-0.029528 0.007845 0.013242
-0.001051 -0.014315 -0.035283
-0.023403 0.005765 0.013559
0.015254 -0.001358 0.029734
-0.046076 0.033102 0.002769
0.022735 -0.005203 -0.003275
0.041214 0.032500 0.020859
-0.000565 0.022537 -0.025172
0.051082 -0.003956 -0.005729
-0.004458 0.032995 -0.024990
0.003224 -0.003356 -0.012162
0.031741 -0.013171 -0.015775
-0.001170 -0.005445 -0.021949
0.034062 0.020952 0.042189
-0.012541 -0.021686 -0.016207
-0.000085 -0.033951 -0.037382
-0.012906 -0.000906 0.049147
0.021350 -0.023944 -0.009463
-0.019622 -0.015925 -0.017374
-0.010807 0.016372 0.001125
-0.014623 -0.020213 -0.025186
0.008822 0.039680 0.002008
-0.031061 -0.014964 -0.005835
-0.014250 -0.049568 0.060301
0.013847 -0.036159 -0.021209
-0.000656 0.001057 0.009353
0.001818 -0.014715 -0.022168
-0.006783 -0.058928 -0.005969
0.043055 0.001483 -0.023712
-0.007498 0.037897 -0.055752
0.017661 -0.016631 -0.038397
-0.039508 0.015849 -0.020541
0.025816 0.039441 0.021119
-0.017726 0.012431 -0.011257
-0.044462 -0.033395 -0.006075
-0.041677 -0.020005 -0.077381
-0.001061 0.022904 0.031180
0.008785 -0.007682 -0.018675
-0.014668 -0.051293 -0.037352
0.024981 0.002029 -0.011551
-0.029017 -0.004652 -0.023362
-0.025965 0.036390 0.032471
-0.022659 -0.012107 0.014401
-0.004284 -0.029429 0.036432
-0.005809 -0.035003 0.018677
0.014140 0.010747 -0.004072
-0.009090 -0.014210 -0.018600
-0.001602 -0.032828 -0.014207
0.003396 0.001496 0.010085
0.007277 -0.019465 -0.039156
0.002479 -0.037018 0.024019
0.025153 -0.007884 -0.023519
-0.032210 0.012604 -0.021956
-0.019032 0.030959 -0.001110
0.000394 -0.008291 -0.054001
-0.008553 -0.024209 -0.000652
-0.051637 -0.023123 -0.019094
0.001047 0.026909 0.009134
-0.009516 0.021996 -0.014369
0.031032 -0.012505 -0.012522
0.012691 -0.012993 0.016262
-0.029434 0.011320 -0.009260
0.032588 -0.015267 0.032566
0.021516 0.013492 0.015636
-0.015145 0.013859 0.008584
0.011480 -0.019508 0.033455
-0.000231 -0.023060 0.018977
-0.016868 -0.054177 0.020502
-0.034820 0.007636 -0.035458
0.016654 0.034234 0.042319
0.007159 -0.012996 0.030091
-0.003452 0.023801 0.006507
-0.009159 -0.013231 -0.042484
-0.029065 -0.046047 0.014760
-0.022006 -0.031737 -0.013548
0.045597 -0.028003 0.045191
0.067681 0.009864 0.022624
-0.002094 -0.014136 0.002864
0.003997 -0.029512 0.029575
-0.014795 0.048325 0.068687
0.001588 -0.003275 -0.028487
-0.014961 0.043262 0.008008
-0.020942 -0.023612 0.001093
0.033960 -0.011484 -0.008551
0.014688 -0.004801 -0.007965
0.033326 0.001237 -0.001702
0.001395 0.003926 -0.023278
0.016937 0.018911 -0.000104
0.008761 -0.014298 -0.007716
0.058797 -0.050262 0.001048
0.044158 0.019224 -0.039943
-0.012993 0.000565 0.063954
-0.017105 -0.041055 0.029630
0.015163 0.019805 0.017715
0.054178 0.030242 0.043764
0.010952 0.004715 -0.030848
-0.017773 0.009810 -0.038711
-0.027943 -0.030175 -0.014549
0.031774 0.033521 0.021028
0.027144 0.034304 -0.035092
0.029491 0.003628 -0.004674
0.045063 0.016852 -0.020194
-0.001848 0.006209 0.004355
-0.051078 -0.013474 -0.019767
0.015120 0.012825 0.022239
-0.000658 0.008464 -0.018306
0.030312 0.028545 0.006190
-0.035402 0.002853 -0.021033
-0.035777 -0.025770 0.000572
-0.054773 -0.021186 0.035467
0.032157 0.021400 0.000345
0.046412 -0.012166 -0.002800
0.021951 -0.023610 0.039401
-0.019511 -0.034684 0.047699
0.031471 -0.015666 0.053451
0.009722 -0.030834 0.003725
-0.003912 0.032893 -0.038444
-0.027333 0.013221 -0.010375
0.014060 -0.026295 -0.006303
-0.001408 0.024169 0.017342
0.016290 -0.031394 -0.023781
-0.001735 0.007635 -0.001549
-0.033910 0.012187 -0.024265
-0.007373 0.008113 -0.002723
0.036300 0.018340 0.000699
-0.007502 0.000146 -0.020167
-0.008230 0.027662 -0.040766
0.024994 0.003955 0.016000
-0.009741 0.016303 -0.004063
-0.020151 -0.010359 -0.011170
0.031136 -0.002943 0.053891
0.019235 -0.008535 0.069073
-0.030643 -0.009282 -0.015749
0.002643 0.025678 0.013556
0.005310 0.003443 0.018160
-0.007096 0.005085 0.016479
0.006969 -0.027536 -0.037260
0.007995 0.029689 0.006136
0.004325 -0.002090 0.014918
0.007749 0.005911 -0.040746
-0.034293 0.018375 -0.001850
0.048607 -0.035957 -0.020077
0.019361 -0.017472 -0.009738
0.019311 0.032647 0.030305
-0.036901 -0.010401 0.001273
0.009490 0.013129 0.006862
0.017167 -0.013786 0.001533
0.000149 0.008140 0.038418
0.017726 -0.012839 -0.005696
0.002621 0.037283 -0.005936
0.036344 0.012517 -0.022535
-0.006016 -0.025155 0.024475
0.049997 0.034205 0.014338
-0.008948 0.013319 -0.025290
0.020200 0.021642 -0.000213
0.009579 0.000964 -0.005794
0.026852 -0.018086 -0.001463
0.004821 -0.003044 -0.028469
-0.015740 0.018465 0.050882
0.014291 0.008281 0.024719
0.039185 0.037389 -0.024986
0.016027 0.007781 -0.035133
0.043255 -0.001057 0.003899
0.019287 0.020696 0.035379
-0.001986 0.000928 -0.004494
-0.002191 0.001752 0.059446
0.001492 -0.003865 -0.037904
0.043547 -0.021876 -0.031742
0.000141 0.022215 0.027418
0.024511 0.020522 0.019843
0.051690 0.004905 0.024873
-0.003077 0.005946 0.025467
0.013393 0.022927 0.015431
-0.025394 -0.012802 -0.016070
-0.002112 -0.011506 0.006700
0.024278 -0.007161 0.000489
0.066967 -0.006016 0.034064
0.019760 -0.009195 -0.009574
-0.005542 -0.011083 -0.041865
0.038332 0.025737 0.002468
-0.019092 -0.003457 0.042970
0.007491 0.055356 0.031873
-0.029421 -0.031867 0.001100
-0.026946 -0.004984 0.026013
0.025709 0.024932 0.009702
0.020579 0.029383 0.026823
-0.069873 0.027849 0.022765
0.015618 0.035688 0.039201
0.041147 -0.034539 0.031439
0.034426 0.015981 -0.000728
0.001354 -0.025315 -0.022996
0.009465 -0.001669 -0.006005
0.002865 0.001173 -0.017845
0.041501 -0.010950 -0.010860
-0.007036 -0.010878 -0.005620
0.050659 -0.016524 -0.023519
-0.022905 -0.004376 -0.039995
-0.003023 -0.020332 -0.045375
0.037242 -0.009778 -0.004949
-0.004576 0.058032 0.019847
0.013442 0.005680 0.010422
-0.033418 -0.030173 0.047336
-0.003918 -0.032226 -0.029421
-0.010974 0.004627 -0.003185
-0.036313 -0.004039 0.021597
0.019300 0.037122 -0.032367
-0.019121 0.005029 -0.027431
-0.022003 0.027184 -0.027733
-0.022849 -0.017275 -0.078699
-0.001836 -0.030926 -0.035681
-0.026037 -0.008409 -0.000644
0.044728 0.017985 0.021631
0.008707 0.048930 -0.044033
0.052645 -0.005939 0.028261
0.000194 -0.011039 0.045366
-0.024096 0.021265 0.021542
0.050557 -0.003174 0.026203
0.026658 0.009194 -0.024573
-0.031008 -0.000962 0.006651
0.007842 0.001202 -0.019366
-0.025806 -0.015145 0.011701
-0.007873 0.031841 0.016136
0.010477 -0.000248 -0.008018
0.002725 -0.007535 0.001266
0.011357 0.034133 -0.000763
0.006349 -0.022580 0.038559
-0.000481 -0.006263 -0.017965
-0.016387 -0.045724 0.035023
-0.006670 -0.022029 0.016295
-0.001687 -0.005238 0.004159
0.008672 -0.031637 0.000243
0.063415 0.026522 0.024480
-0.019742 0.003932 0.006768
0.023652 0.013921 -0.029125
-0.030936 -0.005815 -0.010266
-0.033173 0.001562 -0.037726
-0.011959 -0.031829 0.039638
-0.012219 0.017759 -0.036332
0.001347 0.011094 -0.020013
0.008727 -0.010423 0.005439
-0.026226 -0.042688 0.022446
0.005773 0.032009 -0.001763
0.010694 0.044136 -0.011644
0.043211 0.001279 0.013756
-0.027711 -0.016343 0.033796
0.001444 0.012944 0.005364
-0.034993 -0.001123 -0.022305
0.024634 0.006583 -0.027438
-0.013449 -0.000332 -0.007678
-0.049271 -0.046515 -0.041610
0.033131 0.031842 0.020751
-0.064481 -0.038687 -0.016815
0.002263 -0.006342 -0.006985
-0.024313 -0.019945 0.013493
0.004500 0.004022 -0.020523
0.029548 -0.035959 0.036868
-0.013357 0.022548 0.080657
0.026062 0.005265 0.014727
0.005190 0.001533 0.026167
-0.000107 0.001820 -0.002048
-0.061501 0.025308 -0.037554
0.020142 -0.052915 -0.067446
-0.007574 0.008883 -0.015505
-0.014479 0.009825 -0.007201
0.004674 0.011584 -0.002795
0.011295 0.047365 0.040964
0.001575 -0.024953 0.010717
0.026276 -0.017853 0.017341
-0.018280 0.036876 0.004798
0.030398 0.013624 -0.020458
0.013054 -0.066970 -0.002321
0.027402 0.060098 -0.008100
-0.015685 -0.000591 -0.027219
0.036946 0.024882 -0.001364
0.031940 -0.036335 0.020938
-0.001236 0.023472 0.039341
-0.029462 -0.021537 0.014051
-0.016435 0.044699 0.032686
-0.033248 -0.017173 0.003725
0.003353 -0.035330 0.006540
-0.005673 0.008409 -0.025458
0.045281 -0.023278 -0.009874
0.031891 -0.044376 0.030075
-0.005769 0.006171 -0.032025
-0.003998 0.006329 -0.025793
0.013808 0.000827 -0.034030
0.011661 -0.005966 -0.008783
0.016973 -0.009543 -0.017355
-0.032865 0.028977 -0.022381
0.021837 -0.006728 0.020401
0.023257 0.016213 -0.019101
-0.060983 -0.007736 0.005001
0.010342 -0.028351 0.003224
0.039350 0.009017 -0.004549
-0.013622 -0.031260 -0.030682
0.006547 0.029776 -0.004950
-0.000643 0.013867 0.000367
0.037806 -0.007921 0.010823
-0.041590 0.018554 0.011249
0.019459 -0.000763 -0.033370
-0.019337 0.011441 0.008786
-0.003497 -0.029859 -0.038057
0.053880 -0.009546 0.010948
0.021334 0.038533 -0.006159
0.035547 0.027291 0.013619
-0.022788 -0.035532 0.010219
0.039543 0.012637 -0.040921
-0.002765 -0.041336 0.004349
0.031430 0.023656 0.001951
0.022832 0.002557 -0.063683
0.018959 0.026989 0.030759
-0.020400 -0.050005 0.019354
-0.019007 0.013810 -0.034768
0.026310 0.034030 -0.004109
-0.010468 -0.000085 -0.016735
0.015396 -0.010664 -0.047115
-0.021272 0.018816 -0.037499
-0.013242 -0.030213 -0.003909
0.000473 0.014438 -0.014206
0.029021 0.028511 0.008016
-0.056965 0.033304 -0.004347
-0.026285 -0.000029 -0.030997
-0.037301 0.013031 0.003920
-0.010218 0.000832 -0.015889
-0.012073 0.002484 -0.022198
0.010928 0.001563 -0.014335
-0.043097 0.015158 0.013123
-0.010315 -0.034925 -0.058473
-0.018956 -0.036462 0.018705
0.011077 -0.049947 -0.012221
-0.030664 -0.005139 0.024408
-0.012591 -0.080487 -0.005601
0.011841 -0.016901 0.011182
-0.006868 0.013242 -0.028274
0.002534 0.001899 0.021782
-0.002002 0.023252 -0.020484
0.040928 0.017559 -0.045904
-0.018385 0.037448 -0.015758
-0.005152 -0.005136 0.011882
-0.001178 0.012368 0.036898
0.006766 0.042887 0.036987
-0.027415 -0.022621 0.001159
0.003760 -0.004675 0.013522
-0.003990 -0.033049 -0.026358
-0.048763 -0.045114 -0.039080
0.027120 -0.011489 -0.007021
-0.000114 -0.006448 -0.018716
0.014124 -0.024843 0.000594
-0.004284 0.002608 0.062575
0.034024 0.012611 -0.029382
-0.051818 -0.003724 -0.004604
-0.000761 0.001715 -0.040906
-0.007889 -0.040114 -0.003523
-0.004918 -0.005255 -0.044039
0.049275 0.018958 -0.015972
-0.034444 0.011005 0.009204
-0.034883 0.026178 -0.006623
0.051706 -0.000266 -0.029936
0.014601 -0.045490 0.034958
-0.010840 -0.039899 -0.013356
-0.046416 -0.008771 0.004057
0.021490 -0.008828 0.023311
-0.015608 -0.015525 -0.018789
0.024871 -0.018567 0.017787
0.028704 0.030526 -0.005798
-0.047420 -0.001513 -0.009251
0.007101 -0.050703 -0.029947
-0.065186 0.010280 0.007696
0.005860 -0.015727 -0.020715
0.008203 -0.007332 0.010871
-0.029875 0.002637 0.018320
-0.040157 -0.015844 -0.010500
0.001498 0.009325 -0.020671
-0.034763 -0.006771 0.006018
0.030108 -0.006531 0.039930
0.002107 0.016902 -0.012775
-0.019717 -0.003221 -0.002899
0.001281 -0.000865 -0.028266
-0.046950 0.046359 -0.015000
-0.034300 -0.026740 -0.001289
0.013467 0.012742 -0.021954
0.028548 -0.037643 -0.021584
-0.031445 0.008563 0.018163
0.016484 -0.017980 -0.011025
0.006479 0.005686 -0.061805
0.002931 0.019039 -0.002227
0.058183 -0.014109 -0.005025
-0.019973 0.009493 -0.028148
0.036668 0.021399 -0.038209
-0.014824 -0.022714 0.020458
0.018224 -0.018936 -0.002714
-0.006957 0.004015 -0.011660
-0.005342 -0.042708 -0.013134
0.018642 0.014992 0.025764
0.035869 0.003813 -0.009497
-0.006620 0.015392 -0.047288
0.013030 -0.001469 -0.005759
0.041609 0.066299 0.015819
0.000784 0.028425 0.004955
-0.010623 -0.014719 -0.025653
-0.007709 0.017620 0.044180
0.044010 0.028865 -0.019706
-0.004631 0.017767 0.025528
-0.035030 0.012344 -0.003252
0.014588 -0.005096 -0.027593
0.021764 -0.024177 0.044345
0.036867 -0.026388 0.001206
0.028779 0.025361 -0.013356
-0.014590 0.004242 0.035221
-0.037984 -0.016511 -0.006309
0.002109 -0.012877 -0.034316
-0.017818 -0.005718 0.012919
0.010001 -0.011850 0.012354
0.000756 0.002459 0.067158
0.003707 0.036745 -0.015986
-0.008110 -0.035313 0.006369
-0.007276 0.002658 0.012951
0.041649 -0.000802 -0.029793
-0.019834 -0.031213 0.007350
-0.005462 -0.043378 0.006873
0.002511 -0.030861 0.025864
0.005779 0.020334 0.029418
0.029113 0.039920 0.025590
-0.001393 -0.021114 -0.020992
0.018657 -0.002354 0.021811
-0.026667 -0.004492 0.029892
0.004066 -0.020470 -0.002605
-0.064182 0.018054 -0.033931
0.007435 0.010515 -0.001974
-0.004719 0.033832 0.001225
-0.013380 -0.014576 -0.005142
-0.010191 -0.037707 -0.002167
0.015497 0.028867 -0.015163
-0.000934 -0.035826 0.015959
-0.014951 -0.022370 -0.018676
-0.045024 0.038446 -0.008881
0.029160 0.005987 0.075789
-0.038734 0.005364 0.000409
0.039006 -0.018943 0.003090
0.051242 -0.010245 0.036396
-0.032449 0.042879 -0.009050
-0.005865 0.051903 0.000179
0.016336 0.005332 0.017908
-0.019105 -0.009317 -0.007637
-0.025231 -0.032655 0.018515
-0.021626 0.002572 0.016784
-0.005544 0.008704 -0.016847
-0.013325 0.026259 0.008995
-0.027482 0.003841 -0.017156
0.015240 -0.010172 -0.009665
0.037124 -0.033652 0.008862
0.016006 -0.001581 0.029498
-0.018292 -0.011655 -0.001180
0.043699 -0.028876 0.027213
-0.019082 -0.016113 0.034674
0.007725 0.034080 0.001057
0.060428 -0.026303 -0.027202
0.027234 0.010835 0.040984
0.030996 0.022800 0.034167
0.003127 0.020988 -0.012288
-0.012236 -0.012551 0.046485
-0.010260 -0.032477 0.046762
-0.045605 0.021924 -0.013957
0.013100 0.004782 0.012782
-0.004177 0.041206 0.021373
0.037643 -0.001750 0.051299
-0.001562 -0.041020 0.022035
0.008661 -0.039946 -0.008898
0.038762 0.048639 0.044089
-0.012773 -0.026788 -0.004519
0.001065 0.019181 -0.054838
0.022719 -0.019901 -0.003390
0.020365 -0.004137 -0.041387
-0.007281 -0.004382 0.023001
-0.007565 0.047049 0.023933
0.001538 -0.012509 0.036777
-0.044419 0.024605 0.010073
0.003188 0.013821 0.022292
0.007431 0.017861 0.001668
0.044567 0.003573 0.032075
-0.013769 0.007518 -0.023724
-0.063627 0.032652 -0.002638
-0.008289 -0.039576 -0.001116
-0.007044 -0.009044 0.007750
0.018236 -0.010755 -0.005845
0.004605 0.034200 -0.015109
-0.003126 0.035395 -0.002277
0.013311 0.021987 -0.007244
-0.025056 0.009040 -0.014330
-0.017095 0.019026 -0.046716
0.052740 0.014802 -0.019748
-0.010927 -0.000602 0.027468
0.012153 -0.015973 -0.032608
0.008793 0.014246 0.008697
-0.007998 0.004735 -0.019228
0.006943 -0.001800 -0.008458
0.035467 -0.009415 0.031922
-0.023582 -0.017120 0.028875
-0.034553 -0.015533 0.009870
0.033352 -0.015511 0.026957
0.008212 -0.020344 -0.024007
-0.004239 0.018719 0.055157
0.024176 -0.011544 -0.048122
0.020979 0.001187 -0.015036
-0.010144 -0.015762 0.002722
-0.007229 -0.022763 0.006903
0.016816 -0.011312 0.024952
0.015054 0.007979 0.023224
0.011273 -0.055632 0.021419
-0.010729 0.036672 0.026953
0.029977 0.056289 0.002632
0.031297 0.033011 -0.038067
-0.005667 -0.020803 -0.002252
0.043772 0.010514 0.008024
0.005578 0.013695 -0.010993
0.031263 -0.015412 0.005700
0.014294 0.000747 0.019918
-0.013977 0.024243 -0.046845
0.001283 -0.034825 0.028318
0.008691 0.012329 0.001523
-0.018499 -0.000444 -0.012110
0.036130 0.024079 -0.003414
-0.023970 0.013908 -0.052096
-0.030511 -0.037642 -0.013239
-0.027622 0.009733 0.044688
0.023300 -0.040421 -0.056785
-0.019914 0.031381 0.026058
0.002202 -0.021307 -0.035834
-0.035828 -0.048087 0.013836
-0.002847 0.002065 -0.002679
0.034762 0.022841 0.014298
-0.022102 0.011783 0.021298
-0.007329 -0.027620 -0.015618
0.026835 -0.002564 0.007919
0.009861 0.052356 0.015557
-0.038081 0.037623 0.015795
0.001622 -0.025075 0.026721
0.021630 0.001923 0.015989
-0.022121 -0.011362 -0.006527
0.055671 0.019629 0.043891
0.005887 -0.025947 -0.062442
0.027929 -0.037129 -0.003320
-0.051611 0.006476 -0.001675
-0.030668 -0.047676 -0.015600
0.007075 -0.032993 0.021846
-0.008774 -0.001513 0.038210
-0.023175 -0.000143 -0.002993
-0.024669 -0.005396 -0.005861
0.020056 0.033680 -0.003807
0.022290 0.013883 -0.019921
-0.017923 0.016072 0.018967
-0.005056 -0.018022 -0.010589
0.007602 -0.031357 -0.065693
0.016788 0.044485 0.026210
-0.003904 0.033323 0.028387
0.006245 -0.008222 0.005040
0.027732 -0.001379 -0.032450
-0.014802 -0.027121 0.030845
-0.011505 -0.021391 -0.020591
0.053715 -0.019663 -0.003566
0.005166 0.007025 0.001055
0.019398 -0.008417 -0.028782
-0.000367 -0.022757 0.017595
-0.018051 -0.035877 -0.004445
0.041450 -0.000817 -0.056649
0.011746 0.025560 -0.018121
-0.016816 0.036981 0.003404
-0.027364 0.003859 -0.019293
0.017837 -0.000739 0.013139
0.035736 0.014316 0.021066
0.015737 0.051748 0.057299
-0.002049 -0.029131 0.041454
-0.001022 -0.032417 0.006656
-0.015624 0.030948 -0.015552
0.000620 -0.033019 -0.018452
-0.019143 -0.023793 -0.008589
0.005222 -0.005881 0.008497
-0.006106 0.017467 -0.022973
-0.031458 -0.009963 0.002243
0.026328 -0.006080 -0.000105
0.038035 0.060003 -0.005727
0.037085 0.010840 0.011269
-0.048905 0.000751 -0.036923
-0.018083 0.039002 -0.006163
-0.041454 0.045767 -0.002990
0.036184 -0.014920 0.030544
-0.006641 0.010193 0.009981
-0.038113 0.017276 -0.030164
-0.013182 0.000541 -0.045906
0.023203 0.017552 -0.011247
-0.020058 -0.030596 -0.009101
-0.002469 -0.020207 -0.005710
-0.000306 -0.007060 -0.028675
0.010388 0.023461 -0.019852
0.038097 -0.044358 -0.003652
-0.040013 0.008099 -0.018158
-0.013376 0.013690 0.007150
-0.011418 0.018144 -0.029236
-0.039599 0.015915 -0.034073
-0.015030 -0.007984 -0.025999
-0.000367 -0.010540 -0.013135
-0.012825 0.022993 0.021084
0.013381 0.035048 0.039518
-0.013237 0.041876 -0.022307
0.002485 0.045761 -0.028635
-0.013057 0.054899 -0.013202
-0.022957 -0.003501 0.016095
-0.013159 -0.000148 0.069823
0.012517 0.019373 0.010070
0.022839 0.012998 -0.010811
0.008070 -0.023488 0.021395
0.005147 -0.014260 -0.004483
0.028924 0.026181 -0.007484
0.012683 0.004617 0.025148
0.060454 -0.013190 -0.001148
-0.035031 -0.011113 -0.032037
0.011396 -0.007921 -0.002268
0.010874 0.011913 0.017799
-0.026262 0.010844 0.001963
0.031522 -0.020865 0.015585
0.045444 -0.062284 0.053290
-0.009110 0.023568 0.007750
0.000554 -0.069317 0.018740
-0.037831 0.028818 0.017867
-0.010544 -0.031248 -0.061671
0.044319 0.032224 0.033881
0.030294 -0.013425 0.010616
-0.000032 -0.013212 0.017703
-0.034291 0.007045 0.000476
0.017458 0.020668 -0.008671
-0.029424 0.020426 -0.029710
0.018956 -0.035703 0.021097
-0.018895 0.013885 0.033809
0.044600 0.010748 0.021807
0.024413 -0.016028 0.032101
-0.011285 -0.023161 0.008021
-0.028243 0.010316 -0.002900
0.017636 0.005905 -0.030040
-0.020582 0.022939 0.007214
0.024753 0.014819 -0.002833
-0.002282 0.018928 -0.009549
-0.010236 0.040544 0.000373
-0.001565 -0.008893 0.031800
-0.024932 -0.013190 -0.005599
-0.017176 -0.034853 0.028936
0.007540 0.009085 -0.011885
-0.017144 0.019498 0.001609
0.018228 0.008883 0.006515
0.020994 0.005057 -0.012882
-0.021475 -0.060263 -0.014052
0.004841 -0.000810 0.026831
0.041950 0.037716 -0.000651
0.001670 -0.000589 -0.026665
-0.026081 0.022440 0.058569
-0.024311 0.019094 0.004408
0.030278 0.010737 0.059304
-0.033380 0.014854 0.011940
-0.030030 0.006627 0.029050
0.022230 -0.017599 -0.052975
0.018068 0.046083 -0.012903
0.028090 -0.015117 0.052714
0.012235 -0.011413 0.011283
0.020895 0.000326 -0.015758
0.018290 -0.014922 0.007237
