# 参数名称：backbone.features.18.1.weight
# 参数形状：(1280,)
# 参数数据类型：float32
# 参数值（保留6位小数）：
0.924208
0.930461
0.916075
0.925636
0.937475
0.924935
0.910368
0.930015
0.909197
0.921480
0.933039
0.929297
0.936506
0.939592
0.915721
0.923579
0.928226
0.917296
0.927855
0.906561
0.919066
0.923185
0.919825
0.937072
0.933123
0.926048
0.930914
0.905038
0.934803
0.934698
0.920441
0.934523
0.917885
0.938944
0.932885
0.932506
0.925384
0.938537
0.926235
0.916795
0.925638
0.929158
0.926365
0.923232
0.936574
0.927754
0.925361
0.938583
0.911425
0.914501
0.936596
0.942099
0.932390
0.929631
0.936355
0.928809
0.905886
0.927957
0.923498
0.935537
0.940986
0.929820
0.927585
0.936892
0.916923
0.933704
0.922516
0.920540
0.929810
0.902518
0.927865
0.923300
0.931085
0.916867
0.923872
0.925327
0.922148
0.927499
0.931769
0.939388
0.930668
0.916674
0.922857
0.923411
0.934040
0.950027
0.931990
0.940514
0.927319
0.937796
0.939526
0.922802
0.930348
0.938930
0.932304
0.936449
0.931176
0.920821
0.935576
0.934812
0.917048
0.933800
0.917806
0.933489
0.928078
0.947932
0.929707
0.907785
0.909042
0.930432
0.939148
0.949625
0.939478
0.932446
0.933411
0.927936
0.940853
0.929082
0.932017
0.918998
0.922005
0.920002
0.937909
0.922301
0.937047
0.928129
0.938870
0.932795
0.925429
0.922058
0.929610
0.934952
0.908944
0.919750
0.937339
0.926910
0.932724
0.929802
0.905430
0.948085
0.921022
0.923199
0.931176
0.926346
0.930039
0.923161
0.948541
0.921398
0.922718
0.921184
0.928590
0.950188
0.923229
0.907006
0.927744
0.936366
0.928755
0.938543
0.939389
0.924653
0.923478
0.931658
0.928338
0.938200
0.932810
0.921354
0.928459
0.929436
0.913036
0.927128
0.939699
0.932841
0.933289
0.932207
0.935276
0.913006
0.939669
0.923364
0.928835
0.930745
0.932759
0.936899
0.931271
0.926644
0.931626
0.913516
0.917894
0.934280
0.916110
0.941884
0.935575
0.945900
0.927683
0.938751
0.933538
0.928153
0.923676
0.936989
0.937012
0.933082
0.920019
0.921934
0.933538
0.933134
0.915099
0.921682
0.933939
0.930816
0.916972
0.922363
0.919023
0.940456
0.927181
0.925330
0.928493
0.942285
0.934138
0.917271
0.933969
0.921713
0.927811
0.932132
0.907062
0.935999
0.929717
0.924158
0.910991
0.925358
0.905017
0.924156
0.942884
0.927689
0.960299
0.924306
0.936663
0.912963
0.930987
0.921438
0.914829
0.937059
0.930860
0.932635
0.928762
0.926541
0.951111
0.925830
0.919845
0.930038
0.935520
0.941457
0.910321
0.923678
0.932368
0.927073
0.933005
0.939656
0.922422
0.938113
0.924062
0.930678
0.925323
0.938052
0.933313
0.917101
0.939500
0.920008
0.924591
0.922503
0.925096
0.935472
0.929561
0.932121
0.934807
0.929795
0.942265
0.930792
0.920615
0.926192
0.925896
0.912259
0.924836
0.915677
0.917875
0.945039
0.936086
0.930722
0.932263
0.934056
0.928962
0.924880
0.938703
0.944743
0.935360
0.942917
0.934922
0.933309
0.946071
0.936125
0.940457
0.924627
0.938077
0.915574
0.927871
0.919292
0.922055
0.946724
0.919430
0.935501
0.937486
0.937410
0.925134
0.929907
0.956440
0.924798
0.937025
0.920511
0.911640
0.925861
0.926203
0.923186
0.908733
0.909201
0.914506
0.921106
0.917852
0.933062
0.916783
0.926177
0.947158
0.936494
0.925519
0.921025
0.926427
0.931208
0.926139
0.923842
0.926636
0.923504
0.938293
0.934870
0.929157
0.915163
0.937012
0.923617
0.916841
0.933724
0.920926
0.929650
0.916446
0.921211
0.918488
0.926540
0.922855
0.929138
0.922033
0.933654
0.924744
0.927703
0.926636
0.933423
0.947371
0.922954
0.922790
0.919376
0.916610
0.912770
0.917085
0.929428
0.922033
0.937797
0.933569
0.934381
0.920352
0.932791
0.945117
0.924850
0.916271
0.921315
0.941065
0.907839
0.922046
0.913516
0.939042
0.926549
0.914254
0.933202
0.928241
0.940768
0.928868
0.916018
0.908905
0.920583
0.914841
0.931157
0.929955
0.951723
0.929073
0.925344
0.928393
0.923706
0.915405
0.932528
0.918932
0.914245
0.936000
0.930867
0.934212
0.918867
0.935375
0.921198
0.934040
0.936189
0.929817
0.922062
0.927737
0.924877
0.933824
0.913632
0.930953
0.925594
0.943149
0.916758
0.935735
0.921235
0.937697
0.936874
0.932507
0.941391
0.920915
0.913394
0.916402
0.914743
0.944922
0.933143
0.922507
0.909666
0.937015
0.925770
0.925465
0.923162
0.930907
0.940572
0.947957
0.928903
0.927790
0.924412
0.921431
0.925921
0.917867
0.933380
0.931030
0.938556
0.929299
0.921448
0.919338
0.926103
0.915317
0.930100
0.934089
0.924120
0.920201
0.924028
0.933838
0.935405
0.931615
0.924237
0.928363
0.923671
0.926171
0.930328
0.932985
0.940420
0.913397
0.932822
0.922189
0.926806
0.923580
0.931568
0.923749
0.921277
0.941772
0.921059
0.926015
0.931558
0.939066
0.923395
0.917878
0.930260
0.938242
0.924690
0.903804
0.934385
0.926670
0.934782
0.935019
0.904603
0.936731
0.912954
0.926191
0.934053
0.917702
0.911869
0.922785
0.938967
0.935220
0.941862
0.926585
0.935654
0.942767
0.944923
0.925203
0.900940
0.933726
0.932294
0.936163
0.927788
0.935479
0.928219
0.950194
0.942177
0.934295
0.928206
0.924362
0.937921
0.933899
0.929132
0.917436
0.916309
0.924915
0.939328
0.916906
0.924611
0.929931
0.925930
0.929413
0.919554
0.936311
0.926052
0.930589
0.936289
0.929201
0.936501
0.922909
0.936256
0.923212
0.930805
0.939088
0.922848
0.917985
0.916371
0.932685
0.929891
0.925153
0.935032
0.938525
0.926150
0.910165
0.916448
0.927725
0.921313
0.941023
0.936557
0.935104
0.923274
0.933627
0.917866
0.929765
0.912211
0.910132
0.933960
0.928504
0.934472
0.943102
0.913003
0.916288
0.940791
0.907812
0.941830
0.938418
0.940107
0.928136
0.925729
0.922165
0.943826
0.933757
0.929632
0.926847
0.928336
0.926626
0.928844
0.926236
0.947110
0.929857
0.919713
0.931540
0.932623
0.932677
0.926927
0.927727
0.928593
0.951015
0.914805
0.936225
0.940178
0.931259
0.921491
0.911135
0.924273
0.917318
0.932424
0.935661
0.945152
0.915921
0.927646
0.938030
0.927441
0.942353
0.933835
0.935916
0.934088
0.937937
0.921935
0.917731
0.920965
0.920871
0.934462
0.933682
0.902991
0.913997
0.914354
0.943322
0.925828
0.924692
0.939620
0.926351
0.921217
0.936144
0.935549
0.935273
0.920187
0.927044
0.934646
0.939463
0.945053
0.931228
0.938700
0.937933
0.933758
0.918805
0.925910
0.917243
0.932077
0.930017
0.935284
0.930319
0.925211
0.923645
0.928366
0.938366
0.927181
0.946490
0.937495
0.924615
0.940635
0.930893
0.927523
0.932820
0.944835
0.936766
0.923116
0.927399
0.917760
0.926766
0.925509
0.941539
0.936828
0.916749
0.918496
0.914032
0.921082
0.932061
0.950557
0.933348
0.914491
0.932135
0.929481
0.930050
0.935407
0.919974
0.930526
0.924952
0.926966
0.930178
0.928718
0.933704
0.928765
0.928154
0.944433
0.935718
0.950152
0.930284
0.944083
0.928431
0.929242
0.926269
0.920835
0.944882
0.943840
0.920855
0.918871
0.930855
0.938090
0.931211
0.932614
0.929502
0.930684
0.932378
0.921795
0.929081
0.918291
0.928198
0.925330
0.928849
0.924435
0.925639
0.928718
0.936853
0.926922
0.931540
0.935044
0.927776
0.925001
0.923399
0.943466
0.919689
0.937993
0.920543
0.929866
0.938183
0.937130
0.933255
0.938645
0.913408
0.925613
0.921269
0.930604
0.919290
0.925994
0.931270
0.932118
0.930711
0.923799
0.930182
0.926974
0.930863
0.934152
0.924325
0.926911
0.930043
0.931970
0.937010
0.921415
0.932500
0.927987
0.922995
0.934215
0.929231
0.921479
0.934624
0.932087
0.933914
0.937464
0.920735
0.936753
0.936883
0.930317
0.926766
0.927754
0.932920
0.927783
0.932809
0.905817
0.939944
0.931029
0.929562
0.944230
0.914738
0.926513
0.938747
0.924956
0.928386
0.924117
0.913473
0.928551
0.925480
0.936457
0.928985
0.918817
0.914230
0.938833
0.931114
0.940028
0.937296
0.933401
0.944764
0.927531
0.928906
0.936425
0.940360
0.935640
0.907536
0.924611
0.924695
0.918183
0.928087
0.939425
0.929387
0.925548
0.933985
0.907107
0.927909
0.938778
0.928723
0.929079
0.920355
0.921883
0.940910
0.918153
0.932457
0.924860
0.933045
0.923992
0.917425
0.943144
0.935965
0.932772
0.933071
0.934404
0.928649
0.921394
0.913427
0.941823
0.930862
0.944251
0.932414
0.934961
0.920553
0.921045
0.926671
0.929395
0.930035
0.916688
0.919889
0.933299
0.913970
0.933485
0.913951
0.916041
0.938210
0.934929
0.921462
0.918578
0.932691
0.944167
0.921133
0.926144
0.919365
0.931628
0.938587
0.917527
0.911490
0.950121
0.919364
0.918451
0.934990
0.929141
0.919349
0.922477
0.922966
0.923229
0.934710
0.932187
0.925198
0.936713
0.923417
0.920626
0.919039
0.928778
0.934113
0.922414
0.928756
0.922408
0.939581
0.938864
0.931715
0.930795
0.941049
0.942751
0.922677
0.919021
0.915939
0.944226
0.924678
0.933660
0.928468
0.906702
0.926986
0.931356
0.920112
0.942539
0.928315
0.920709
0.927863
0.912953
0.924099
0.918796
0.940835
0.923693
0.926543
0.919021
0.939762
0.930870
0.911140
0.914200
0.922566
0.918673
0.925874
0.928861
0.920686
0.937508
0.928051
0.939002
0.928270
0.913981
0.926375
0.927646
0.936302
0.939356
0.935138
0.938078
0.926774
0.942273
0.911202
0.935176
0.933653
0.938140
0.928214
0.927697
0.916179
0.933111
0.938918
0.927179
0.924557
0.929911
0.922363
0.925837
0.915690
0.930570
0.940950
0.932394
0.931897
0.933445
0.912954
0.923946
0.925276
0.938038
0.940542
0.928418
0.916401
0.903646
0.941687
0.926794
0.929763
0.908160
0.925657
0.934193
0.946005
0.930642
0.928853
0.914143
0.927469
0.920256
0.926395
0.936997
0.926415
0.920404
0.927734
0.932045
0.937270
0.916142
0.931376
0.934045
0.930228
0.935026
0.920407
0.929501
0.928889
0.936260
0.953016
0.911619
0.924964
0.930909
0.938354
0.919539
0.932690
0.929339
0.925994
0.937446
0.934109
0.922953
0.930078
0.926970
0.926919
0.940128
0.937311
0.938183
0.939401
0.948332
0.925946
0.931458
0.934498
0.940482
0.921318
0.919736
0.942126
0.934702
0.930598
0.946869
0.922081
0.929921
0.919391
0.923600
0.939813
0.930517
0.944923
0.923348
0.928022
0.933336
0.924184
0.926861
0.924395
0.943719
0.934455
0.912771
0.936385
0.925128
0.918324
0.926842
0.922819
0.927670
0.930633
0.917183
0.933290
0.928708
0.913799
0.920046
0.936619
0.929147
0.939373
0.938444
0.947447
0.933410
0.935975
0.911393
0.937849
0.913055
0.921906
0.933287
0.932087
0.921055
0.926877
0.935971
0.912278
0.916500
0.931455
0.931529
0.921011
0.936652
0.932659
0.951070
0.931180
0.916057
0.938259
0.933731
0.941981
0.936544
0.929532
0.924405
0.934661
0.927556
0.943506
0.939950
0.923001
0.914680
0.912720
0.926319
0.919863
0.922717
0.924608
0.939268
0.922895
0.916163
0.948871
0.925082
0.929299
0.938166
0.920135
0.943936
0.936513
0.910016
0.945908
0.932782
0.918023
0.938143
0.924390
0.912959
0.938513
0.937429
0.914082
0.941157
0.938289
0.932326
0.922325
0.935560
0.928152
0.919212
0.921787
0.927410
0.933906
0.939242
0.925097
0.936058
0.929455
0.912454
0.928545
0.932121
0.924965
0.900400
0.943274
0.926769
0.924822
0.927421
0.936504
0.937219
0.920508
0.914492
0.923533
0.932017
0.917101
0.928285
0.906250
0.927534
0.933680
0.930032
0.943768
0.918985
0.911129
0.927555
0.905587
0.919138
0.910564
0.943539
0.939768
0.926558
0.920363
0.934566
0.928891
0.946484
0.941888
0.930742
0.923965
0.934350
0.921598
0.930809
0.922497
0.928169
0.935966
0.912179
0.924724
0.944487
0.925822
0.930459
0.943050
0.938878
0.925293
0.926881
0.917475
0.924537
0.938774
0.930233
0.920589
0.947811
0.912194
0.927025
0.937359
0.920738
0.930317
0.933032
0.935052
0.926693
0.932037
0.922905
0.929031
0.926357
0.924695
0.930275
0.941035
0.939127
0.923565
0.929178
0.919345
0.919783
0.933760
0.931163
0.919831
0.919647
0.925337
0.909371
0.929235
0.933212
0.928451
0.921698
0.932003
0.929664
0.941072
0.935908
0.919255
0.924720
0.931181
0.921540
0.937455
0.927226
0.939686
0.935819
0.926709
0.915271
0.923818
0.929302
0.926051
0.930647
0.930019
0.926471
0.942137
0.921158
0.920887
0.941124
0.929606
0.927111
0.923729
0.937123
0.916874
0.929585
0.929881
0.936868
0.908388
0.917962
0.934712
0.909111
0.934265
0.914732
0.921553
0.933445
0.937379
0.922328
0.938070
0.932013
0.915917
0.925974
0.921148
0.937908
0.919538
0.930027
0.931617
0.925624
0.933401
0.920913
0.940526
0.908836
0.926330
0.934518
