# 参数名称：backbone.features.12.conv.3.weight
# 参数形状：(576, 1, 3, 3)
# 参数数据类型：float32
# 参数值（保留6位小数）：
-0.023996 0.034460 -0.010499
0.023506 0.021637 -0.020553
0.005145 0.007901 0.033640
0.004170 0.041754 -0.032086
-0.010346 0.017529 0.021020
0.008771 -0.025160 -0.020353
-0.027029 0.029889 0.009488
0.012572 0.020197 0.003780
-0.022566 0.001516 -0.014756
0.006745 0.004288 0.039536
0.010386 0.013950 0.011100
-0.004379 0.024627 0.037519
0.019224 0.004888 0.018228
0.004779 -0.013890 0.002272
0.022351 -0.024726 0.006515
0.037633 -0.015519 0.013428
0.017733 0.024078 -0.012605
-0.017270 0.013064 0.002352
0.007965 -0.028626 0.003227
0.017499 0.008919 0.007487
0.009630 0.018747 0.017198
-0.022889 0.004435 0.033242
0.045727 -0.004845 0.024683
-0.021084 -0.036049 0.017828
-0.006417 -0.005118 0.019622
0.062230 -0.018258 0.024676
-0.002854 -0.001124 0.002071
-0.008248 0.012166 0.007871
0.004253 0.004383 0.002238
0.026764 -0.003015 0.016885
-0.030423 -0.027613 -0.018214
-0.002804 0.028257 -0.019078
-0.039119 0.016014 0.001194
-0.015473 0.008692 0.005732
0.010416 0.017344 0.021443
0.010273 0.008930 -0.020883
-0.000740 0.040227 0.027841
0.005325 -0.013255 0.035816
-0.006375 -0.010815 0.012452
0.001590 -0.049691 -0.034216
0.011849 0.028306 0.017568
0.021217 -0.000846 -0.007568
0.040878 0.019837 -0.013509
-0.012616 -0.034277 -0.011445
-0.024149 0.000980 0.014920
0.039817 -0.025391 0.035486
0.029907 0.001028 0.014217
0.021527 -0.024064 0.011557
-0.002925 -0.049329 -0.005437
0.021228 -0.015874 0.001843
0.012672 -0.013481 -0.003736
0.020760 0.014860 -0.003971
-0.026217 -0.006522 -0.001760
-0.011675 0.005698 -0.006685
0.018689 0.043145 -0.014217
-0.027981 -0.024670 0.022898
0.025736 -0.018080 0.027609
0.015024 -0.015332 -0.004662
-0.002280 -0.022813 0.001453
-0.035039 0.022674 -0.009111
0.007774 -0.021228 -0.004332
0.014217 -0.005652 0.019817
-0.012911 -0.017249 -0.021176
0.015134 0.024790 0.015031
-0.013762 -0.020422 -0.031713
0.004226 0.022353 0.014768
0.016538 0.000592 -0.014555
0.007717 -0.018405 -0.008193
-0.001870 -0.019766 -0.029350
0.006819 -0.035053 -0.022724
0.037174 0.028246 -0.003144
0.002363 0.010405 -0.002682
0.010266 0.005992 -0.018266
-0.019370 -0.019441 0.003786
-0.005834 -0.014941 -0.041561
-0.024375 -0.014045 0.009584
0.020535 -0.014532 0.012413
-0.018040 0.012324 -0.008545
0.027461 0.018622 0.004924
-0.004395 -0.000918 0.010055
0.004222 0.010747 0.016650
0.022764 0.005903 0.032876
-0.017118 -0.008024 0.019169
0.013989 -0.013385 0.004278
0.001309 -0.010371 -0.046706
-0.011404 -0.010168 0.000792
0.018830 -0.018177 0.014564
0.008998 0.006128 -0.041158
-0.004315 0.000368 0.003954
-0.005062 0.016646 0.025350
-0.008841 -0.013250 -0.009212
-0.025395 -0.002863 -0.006698
0.017111 -0.014633 -0.010438
-0.020434 0.003436 -0.007332
-0.017972 0.010508 -0.010448
-0.029072 -0.020057 -0.009195
0.011563 0.017454 0.023512
-0.010910 0.004818 0.016112
0.012139 0.006736 -0.003845
-0.043757 -0.014163 0.005579
-0.055845 -0.026275 0.007042
-0.045210 0.005897 0.000244
-0.022642 -0.000626 -0.017901
-0.006088 0.015976 0.025658
0.015314 0.014510 -0.005219
0.001533 -0.006773 -0.003407
-0.019861 0.003770 -0.012105
0.017769 0.026236 -0.001577
0.007671 0.016442 -0.009568
-0.001782 0.041548 0.004962
0.017439 0.014879 -0.000590
-0.012504 -0.003959 -0.031504
0.018862 0.031577 -0.001417
-0.004338 0.032694 0.046135
-0.023201 0.012031 0.001636
-0.000363 -0.050165 -0.027974
0.014159 0.027468 -0.021416
0.019524 0.017437 0.013848
-0.019630 -0.007321 0.008003
0.005259 0.007887 0.014080
0.032109 -0.031930 0.010348
0.013966 -0.008952 -0.033434
-0.029337 0.052517 0.055064
0.007711 0.011441 -0.016434
-0.020864 0.017890 0.030162
-0.022775 0.008754 -0.004373
-0.005991 0.007874 -0.018624
0.018327 0.015678 0.025470
-0.029907 0.039302 0.010020
-0.013529 0.031267 0.034215
-0.036902 -0.003126 0.024183
-0.024779 0.001678 0.023327
-0.020760 -0.014267 -0.021955
-0.006199 -0.012565 0.011272
-0.013868 -0.008392 -0.018526
0.006590 0.019844 -0.018620
0.036002 0.022800 0.000246
-0.000807 -0.030899 -0.012548
-0.032068 0.019338 0.008879
-0.011441 -0.022967 0.027106
0.005312 0.004045 -0.027075
0.011039 0.035347 -0.007044
0.028134 0.028423 0.000888
-0.007585 0.015927 0.007489
0.005381 -0.015679 -0.017460
-0.001084 0.017515 -0.018666
0.020344 -0.002862 -0.025996
0.012442 0.007522 0.017829
-0.024101 -0.006027 -0.005816
-0.000541 -0.018352 0.001923
-0.010379 -0.011938 -0.030596
0.029183 -0.013523 0.018845
0.001480 0.020608 0.008322
-0.037280 -0.012442 -0.014977
-0.018723 0.007109 0.001777
0.015501 -0.012688 0.011062
0.011549 -0.011454 -0.002548
-0.003171 -0.024612 0.007590
0.025102 0.001849 -0.038064
-0.011866 -0.039491 -0.028694
0.000217 0.006326 -0.022270
-0.032301 -0.004224 -0.006717
-0.026467 -0.009514 -0.009769
-0.005059 -0.047483 -0.010924
-0.018422 0.002018 -0.012116
0.016041 0.033273 0.008146
-0.029820 0.015190 -0.010812
-0.056420 -0.016929 0.010966
-0.003547 0.003261 0.027641
0.012630 -0.022261 -0.039413
0.033415 -0.007431 0.002430
0.018868 -0.001847 -0.035759
0.006445 0.020191 0.019687
0.025890 0.047121 -0.025090
-0.004316 0.001146 -0.008399
0.023723 0.017382 -0.028271
-0.025445 -0.005318 -0.027534
-0.011327 0.027698 0.016669
0.034273 0.004381 0.031023
-0.010758 0.034043 0.016085
0.007933 0.038575 0.007948
-0.004420 -0.038924 0.023006
-0.019718 0.020122 0.006605
-0.001576 -0.026610 0.016318
0.001920 -0.024416 -0.017150
-0.010045 -0.026020 -0.017648
0.029992 -0.000362 0.010717
-0.011522 0.041566 -0.050288
0.017157 -0.008383 -0.000567
-0.010650 -0.010088 0.023374
-0.013229 0.009903 -0.005191
0.048541 0.029830 0.012040
-0.026478 -0.010448 -0.009022
0.007394 0.011876 -0.000965
-0.018443 0.033884 0.003944
0.009341 0.017248 0.007002
0.017781 0.021086 0.006321
-0.000278 -0.019995 -0.005125
0.015942 -0.007266 -0.020489
0.043164 0.012087 0.030819
-0.009604 0.031434 0.007717
0.008047 -0.022171 -0.026637
-0.020472 -0.001605 -0.005269
-0.021023 -0.022377 0.015370
0.000479 -0.019583 -0.000162
-0.006588 -0.014900 -0.002800
0.003445 0.019044 -0.018157
0.025781 0.020929 -0.014971
-0.000915 0.016634 -0.019296
-0.020372 0.006737 0.019241
0.023089 -0.024938 -0.022824
0.017617 -0.003662 -0.001065
0.022790 -0.053823 -0.041286
-0.023348 -0.004253 0.002655
0.018801 -0.018666 -0.031981
0.015779 -0.001195 0.066442
-0.013081 0.011971 0.026183
0.002201 -0.027491 0.012236
0.016078 -0.002335 -0.005485
-0.010218 -0.005803 -0.013685
-0.041723 -0.026708 0.004607
-0.025649 0.023423 -0.029953
-0.013586 -0.032676 -0.030170
0.003679 -0.007927 -0.031999
0.014249 -0.007106 0.001497
0.002768 -0.045754 -0.039524
-0.009054 0.030442 0.013263
-0.004630 0.011790 -0.027673
0.019142 -0.033760 0.017633
-0.019328 -0.003534 0.009736
0.004486 -0.003417 0.015387
0.006964 0.007791 0.025199
0.026549 0.002303 0.017298
-0.004328 0.022905 0.025936
-0.004357 -0.012773 -0.015536
-0.017186 -0.014953 0.030937
-0.007199 0.003447 -0.026606
-0.006829 0.025820 -0.005127
0.013444 -0.002822 0.014010
-0.015513 -0.006978 0.001100
-0.003479 0.003261 0.012646
-0.001904 -0.028887 0.011586
0.029548 0.027819 0.012456
0.005356 -0.029477 0.024340
0.019271 0.008143 -0.012695
-0.001626 0.000784 -0.023984
0.000934 0.026047 -0.029810
0.030645 0.012710 -0.025040
-0.021210 -0.008352 0.012673
-0.020008 -0.013184 0.022136
-0.023254 0.003313 0.002029
0.017417 0.010371 -0.006570
-0.022457 -0.013113 -0.000411
-0.011298 -0.025667 -0.006562
0.022405 0.018053 -0.003805
-0.006820 -0.002998 -0.020459
-0.049649 0.006854 0.032112
0.006247 -0.019064 -0.029225
0.016987 -0.004198 0.005449
0.015035 0.008029 -0.014594
0.020356 0.001674 0.034595
0.013108 -0.009333 -0.013893
0.028772 0.022578 -0.026625
0.013594 0.007700 -0.002437
0.019717 -0.020411 -0.028808
0.030175 -0.009998 0.026565
-0.003731 0.017981 0.026093
-0.005676 0.004468 0.004823
-0.038480 0.004842 0.004059
-0.028433 -0.014616 0.003151
-0.003126 0.008580 -0.002060
-0.037715 -0.039185 -0.019112
-0.025878 -0.005759 -0.018998
-0.019828 -0.003683 0.011154
0.004573 0.030359 -0.007628
0.056108 -0.019275 0.036733
0.013239 -0.003620 -0.048561
0.006055 -0.020045 -0.002498
0.013872 0.000268 0.005692
-0.001402 0.042572 0.014577
0.004220 0.003462 -0.007692
0.000322 -0.059410 -0.039219
-0.027235 -0.025557 -0.030819
-0.007847 -0.025758 -0.029539
0.012567 0.006256 0.002200
-0.018313 -0.010020 0.012341
-0.018383 0.028632 -0.019078
0.006678 -0.010394 0.028511
-0.006029 0.034284 -0.002645
0.024882 0.048524 -0.011184
-0.013019 0.006939 -0.031344
-0.060124 0.024657 -0.032735
0.008388 0.003251 0.017542
-0.015940 0.021381 -0.000925
-0.024838 -0.023475 -0.019764
-0.040828 0.000243 -0.007617
0.028233 -0.004499 0.012138
-0.006882 -0.006602 -0.009790
0.008063 0.010209 0.009399
0.007638 -0.000651 0.001400
0.028369 -0.007988 -0.012331
-0.032520 -0.014478 -0.013080
0.026752 0.042323 0.016388
-0.009818 0.011599 -0.003516
0.016916 -0.012884 -0.042831
0.023546 0.007944 0.010865
0.007410 0.024580 0.023216
0.012785 0.001130 0.010058
-0.000971 0.011100 0.017802
0.029035 0.012895 0.010843
0.004013 0.017741 0.012043
0.002304 0.031471 0.006535
-0.010235 0.020559 -0.014572
0.035379 0.039891 0.006662
-0.017901 -0.033943 0.000034
0.022375 0.013108 -0.025448
0.008327 -0.020098 0.017881
-0.005482 0.009447 -0.003932
0.003943 -0.025807 0.026713
-0.004296 -0.015798 0.004147
0.042749 0.032291 -0.024533
0.001642 -0.019742 0.018395
0.030402 0.009430 0.063966
-0.015282 -0.001508 0.016333
0.027642 -0.006840 -0.004144
-0.000866 0.015917 -0.048806
0.011271 -0.008093 -0.043585
-0.007852 -0.007756 -0.004042
-0.000847 -0.017293 -0.031307
-0.007657 -0.010068 -0.014864
0.013419 -0.019972 -0.014375
-0.037269 -0.036180 -0.044743
-0.000258 0.024592 0.007055
-0.017606 -0.012162 -0.026028
-0.010609 0.011181 0.007596
-0.014298 0.024629 -0.011826
0.005546 -0.019693 0.003451
0.026060 -0.004360 0.008362
0.018905 0.015305 0.013321
-0.010977 0.034271 0.010464
-0.038688 0.012629 -0.007947
0.014716 0.036087 -0.001415
-0.007550 0.012333 0.029811
-0.021871 0.002983 -0.009884
0.015164 0.005406 0.003150
0.021544 -0.044560 0.007133
0.019340 0.001575 -0.031753
0.014301 0.008481 -0.029855
0.012293 0.015020 -0.011341
-0.025469 -0.007214 -0.048561
-0.014332 0.001519 0.024442
0.007644 0.013957 0.001541
0.029481 -0.000923 -0.000932
0.025295 0.025109 0.000306
-0.006491 0.044897 0.023149
-0.024011 0.016988 -0.007099
0.000741 0.004574 -0.000719
0.009366 0.014698 0.005269
-0.005779 -0.020817 -0.012397
0.026135 -0.048773 0.015702
-0.008392 0.000447 -0.029594
-0.030771 -0.023174 0.030989
-0.014719 -0.009837 -0.013628
-0.017381 0.003361 0.020466
-0.011909 0.004881 -0.040444
0.002973 0.014096 -0.018565
0.002681 -0.013578 -0.009866
-0.003145 -0.043181 0.030093
-0.012895 -0.030557 0.006133
-0.020147 -0.018254 0.004105
0.004479 0.000506 0.004751
0.004709 0.065166 0.009241
0.000437 -0.017731 0.013623
0.003524 -0.017082 0.002000
-0.021935 0.055903 0.026033
0.012977 -0.037886 0.009807
0.037223 0.007232 -0.014779
-0.007631 0.003447 0.017297
-0.001625 0.016760 0.020310
0.000121 0.029186 -0.040321
-0.020370 0.000512 -0.002533
0.010566 0.024376 0.027904
0.005447 0.004731 0.037338
-0.023200 -0.000923 0.018402
0.008890 -0.030361 0.026808
0.000275 0.003369 -0.000131
0.020204 0.021356 0.020614
0.016556 0.002718 0.011770
0.000397 0.002678 -0.008044
0.011105 0.001943 -0.007751
0.019464 -0.032758 0.018790
-0.029286 -0.004818 -0.018159
-0.012059 -0.014024 -0.018355
0.006373 0.006082 0.040580
-0.013425 0.016641 -0.012140
0.001686 -0.002101 -0.000488
0.001876 0.021089 -0.021379
0.015814 -0.000187 0.009963
-0.011186 0.021541 0.009771
0.001564 -0.005064 -0.005685
-0.010896 -0.033076 -0.012815
-0.021291 0.012771 0.025112
0.037793 -0.019538 -0.018056
0.013504 -0.051634 -0.034687
0.003782 -0.038464 0.001977
0.005700 0.009969 -0.009189
-0.000987 -0.013303 0.039491
0.012514 0.012424 0.026403
-0.012574 0.003930 -0.023758
0.007487 0.011528 -0.000008
-0.020201 0.032248 -0.008077
-0.000294 0.026507 0.013890
0.024233 0.012993 -0.050717
0.012183 0.037229 -0.030174
-0.007737 0.020587 0.019360
-0.003076 0.014834 -0.000752
-0.008935 0.003608 0.036065
0.040692 0.004998 -0.012595
-0.024724 0.012163 0.005849
0.031250 -0.033625 -0.004678
-0.016893 -0.047350 -0.023305
-0.007751 -0.013507 -0.015235
-0.011656 0.017556 -0.001785
0.006986 0.005353 -0.006107
0.012289 -0.031953 0.005766
0.007561 0.012438 -0.047386
-0.014582 0.001404 0.013533
0.008749 0.024154 0.008951
-0.022576 0.009627 -0.019306
0.003985 -0.008091 -0.008367
0.016951 -0.005443 0.024908
-0.014459 -0.034143 0.009763
0.016956 0.007928 0.027008
-0.005313 0.008198 0.018822
0.023968 0.017190 0.008203
0.001916 -0.022069 0.020719
0.020697 -0.011732 -0.003135
-0.013715 0.035233 0.010041
0.002402 0.024534 0.028396
0.012831 -0.005690 -0.004914
-0.010920 0.004181 0.006288
0.024077 0.033234 0.025063
0.048273 -0.010493 -0.031535
-0.008445 0.014258 0.002660
-0.007600 -0.006033 -0.007111
-0.004685 -0.016585 0.024300
-0.002022 -0.002197 0.001272
0.010343 0.018834 0.005100
-0.003947 0.007812 -0.030903
-0.008368 0.006858 0.010779
-0.015785 -0.029178 0.000718
0.012931 -0.014586 0.008050
0.015546 0.019291 0.026588
0.001104 0.015678 0.000525
0.033006 -0.000529 -0.012690
0.002171 0.001829 0.026582
0.021843 -0.002564 0.019338
-0.030616 0.036523 0.046498
-0.025058 0.035591 -0.004250
-0.011699 0.003149 -0.002894
-0.016848 0.002653 0.010830
-0.021997 0.028555 0.010889
0.025921 -0.003721 0.014267
-0.017945 0.022912 0.020838
-0.004770 -0.007748 -0.005187
0.008144 0.019019 0.029805
0.013304 0.008118 -0.036591
0.003324 -0.007788 -0.009549
-0.015942 0.003020 0.018231
-0.001257 0.010189 0.004194
0.008164 -0.030439 0.020646
-0.001600 -0.003505 -0.013137
-0.014864 -0.000151 0.009545
-0.022911 0.013633 0.006936
0.012999 0.027921 0.007070
-0.010103 -0.008573 0.006306
0.000505 -0.026455 -0.000864
-0.003729 -0.024991 0.004083
-0.025032 -0.019558 -0.012845
0.015150 0.014904 -0.008290
0.015763 0.003946 0.020568
-0.032470 -0.051828 -0.013492
-0.005035 -0.006215 -0.010485
-0.027826 0.007537 -0.006001
-0.008147 0.022804 0.011898
-0.027217 0.006749 0.010689
-0.010157 -0.027603 0.021084
-0.041538 0.002441 0.011497
-0.026146 -0.035171 -0.015760
-0.014761 -0.017586 0.018537
-0.034451 -0.010360 -0.005866
-0.000586 0.008623 -0.013572
0.048070 0.022115 -0.017579
0.019072 -0.004204 0.030273
-0.006308 -0.000448 0.011955
-0.005156 -0.001526 0.010525
-0.006587 -0.029273 0.007405
-0.006014 -0.003001 -0.012997
-0.007291 0.032569 -0.032046
0.032179 0.003408 0.000100
0.039149 0.017366 0.026769
0.004028 -0.003333 0.000917
0.008065 0.022894 0.001043
-0.018084 0.008900 0.008434
0.008889 -0.023015 -0.045921
-0.005151 -0.005617 0.001288
0.024736 0.030006 0.014995
0.010734 -0.002231 0.035600
0.001603 -0.007108 0.018689
0.012149 0.009314 0.022298
0.013156 -0.014468 0.002963
-0.017629 0.004566 0.008728
-0.018501 -0.042907 0.012267
-0.003711 -0.011109 -0.028724
-0.007522 -0.027923 -0.021690
-0.029596 -0.024541 0.025771
-0.006022 -0.007504 -0.026972
0.006668 0.006070 -0.003713
-0.006683 0.015160 -0.042421
-0.009659 -0.020655 -0.003204
-0.011590 -0.002461 0.026460
0.005045 0.036945 -0.025648
-0.024104 0.020358 0.012514
-0.003976 0.010373 0.006179
0.008835 0.001211 0.013932
0.012577 -0.011527 0.012015
0.008328 -0.001407 -0.010766
-0.002675 0.014297 -0.021446
-0.004475 -0.016726 0.011389
0.019888 0.007009 0.014051
-0.014396 0.025250 -0.011036
0.013840 0.013894 -0.020551
-0.021939 -0.005049 -0.015689
0.026356 -0.005791 -0.030939
0.002651 0.006799 0.025169
0.022589 0.008779 0.001671
0.007446 0.038660 -0.010186
-0.017659 -0.004635 -0.012118
0.011652 -0.009989 -0.026258
0.023141 0.012823 0.008610
-0.015384 0.002301 0.008298
-0.040600 0.008114 0.005267
0.009222 0.010214 -0.012129
0.018117 -0.006196 -0.006644
0.032713 0.019455 0.019261
0.005457 -0.025264 0.037387
-0.029672 -0.000210 -0.011873
-0.001723 0.011363 0.008645
0.002522 0.012643 -0.021034
-0.010760 0.023058 0.022958
0.006111 0.006544 0.009911
0.000695 -0.006636 0.012365
-0.013486 -0.004758 -0.013586
-0.034437 -0.000159 -0.009034
-0.017748 0.003198 -0.007391
0.005344 -0.010413 -0.015294
0.036811 0.004845 0.022040
0.006611 0.033122 0.005011
-0.000164 0.024028 -0.022053
0.007557 0.026743 0.001953
-0.006246 0.000145 0.009395
0.005345 0.021679 0.017285
-0.018106 -0.007586 0.000003
-0.000780 -0.019480 0.010887
0.000348 0.021337 0.010687
0.007352 0.015690 -0.034610
0.010355 0.031146 -0.013363
0.033912 -0.022980 0.025268
-0.011342 0.046577 0.013282
-0.016602 0.023448 -0.013782
-0.047450 -0.017540 -0.028162
-0.015495 0.010433 -0.018321
0.008330 -0.011858 0.018964
0.009430 -0.035856 -0.014500
0.001865 -0.022604 0.011770
-0.000538 0.002531 -0.008249
0.006228 0.013526 -0.008321
0.019433 0.050244 0.003439
-0.008572 -0.036773 -0.018309
-0.029976 -0.018077 -0.001736
-0.017290 -0.008014 -0.012793
-0.008119 0.032143 -0.014768
-0.004633 -0.003387 -0.021211
0.016696 -0.009661 0.011260
-0.032927 0.003961 0.006395
0.020950 0.001911 0.005593
0.021197 -0.014518 0.019071
0.000140 0.010691 -0.008222
-0.000436 -0.004409 -0.015512
-0.010588 -0.005878 0.007101
-0.019554 0.006701 -0.010245
-0.035644 -0.026999 -0.030907
-0.014772 -0.027265 -0.008163
0.012895 0.002038 0.023149
0.009090 0.005264 0.001457
0.040584 -0.017346 -0.001907
-0.007070 -0.001262 -0.023186
-0.003130 0.000016 0.042374
-0.029098 -0.024797 -0.002477
0.012823 -0.003280 0.017358
-0.014908 -0.006763 0.007813
0.037509 -0.000391 0.035905
-0.012192 0.016500 0.008171
0.006534 0.025879 0.004978
-0.021664 0.035028 0.007671
-0.018492 0.004650 -0.030976
-0.003484 -0.013597 -0.003023
0.041703 0.050504 0.042808
0.008644 -0.008894 -0.005015
0.041262 0.006756 -0.000918
-0.017155 -0.003676 -0.005745
-0.010363 0.002379 -0.033605
0.008469 0.002157 -0.016079
0.011345 0.038151 0.021979
-0.004682 0.015650 0.002663
-0.007727 -0.008572 -0.010169
0.022643 0.022516 0.023969
-0.010754 0.006650 -0.031460
0.057933 0.046562 0.004682
-0.022044 -0.011270 -0.001143
0.020183 0.037505 -0.006105
-0.001059 -0.012196 0.016059
0.022231 -0.013253 -0.031723
0.007894 -0.052769 -0.015592
-0.012641 -0.006687 -0.038560
-0.001424 -0.009236 0.000385
-0.044809 -0.012295 -0.016828
-0.015046 0.010175 -0.001620
-0.015122 0.001557 0.041725
0.018940 0.013762 0.015252
0.044221 -0.012343 0.005798
-0.006451 -0.009624 0.001812
-0.016151 -0.001965 0.007135
0.032290 0.009628 -0.011158
0.038740 -0.002738 -0.027536
0.022507 -0.003241 0.044547
-0.007111 -0.007080 -0.017238
-0.013720 -0.001722 0.006153
-0.014399 0.002728 -0.004141
-0.012069 0.008965 0.001608
0.006934 -0.035232 -0.003261
0.032992 0.034776 0.006920
0.012942 0.020694 0.021790
0.002833 -0.022444 0.013316
0.006035 0.024645 -0.010845
-0.007761 -0.003729 -0.009250
0.058266 0.005944 0.011497
-0.010574 -0.009469 0.007324
-0.003477 -0.015548 -0.001644
0.035632 -0.001587 -0.032550
-0.036923 0.033235 -0.003121
-0.009580 -0.002105 -0.021651
0.030738 -0.009281 0.014489
-0.023426 -0.037323 -0.021160
0.020911 0.023998 0.005666
-0.010120 -0.018668 0.005028
-0.007999 0.001624 0.012334
0.014289 0.011868 0.032662
-0.005049 0.033298 0.052614
-0.007527 0.008104 0.008514
0.023927 -0.008961 0.017438
-0.005290 0.036598 0.025631
-0.004809 -0.011817 0.004338
-0.011910 0.024970 0.072214
-0.026901 -0.005855 0.014659
0.030942 -0.010462 0.021130
-0.021104 0.030197 -0.021379
-0.023837 0.002402 -0.000669
0.000633 -0.017763 0.023232
0.035565 -0.001683 0.012409
-0.018508 0.013188 0.008708
-0.016983 -0.031012 0.008101
-0.004639 -0.007771 0.021609
-0.005778 0.018813 0.015658
-0.014315 0.007086 0.044869
0.002799 -0.024478 0.015270
-0.009645 0.027365 -0.019127
-0.017194 0.005742 -0.002100
-0.024747 0.009940 -0.008643
-0.002823 0.016686 0.015162
-0.015528 0.001028 -0.010354
0.002204 -0.021761 0.001955
-0.030104 0.021725 -0.003122
-0.001530 0.023564 0.022971
0.013818 -0.009681 0.016180
-0.012516 -0.020356 -0.001604
-0.018436 0.017568 0.028171
-0.011673 -0.001558 0.021030
-0.029499 0.009292 -0.005689
-0.028169 0.002240 -0.010792
-0.009054 0.012979 -0.019229
-0.004036 -0.007139 -0.007936
-0.019654 -0.023911 -0.033054
-0.027367 -0.035019 -0.003994
-0.038504 0.011250 -0.011107
0.022677 0.005913 0.007592
-0.009059 0.016801 -0.010476
0.003070 -0.034227 -0.030825
-0.021723 -0.006777 0.010767
0.007326 -0.013639 -0.010078
-0.003263 -0.041516 -0.020839
-0.007118 -0.022029 0.011342
0.013779 -0.004193 -0.019859
-0.006812 0.004578 0.029908
-0.016846 -0.011717 -0.015673
0.004184 0.017404 0.029585
-0.026023 0.015585 -0.002807
-0.014783 -0.000157 -0.010759
0.028323 -0.006789 -0.000850
-0.021710 0.004169 -0.021290
0.024384 -0.012245 -0.000757
0.030257 0.045978 0.000709
0.047583 -0.006765 0.016464
-0.003470 -0.005113 0.003815
0.028555 0.010277 0.020239
-0.011688 0.031525 -0.036372
0.024507 -0.001048 -0.026740
0.038543 -0.020160 -0.005073
0.016709 -0.019938 -0.018327
-0.006828 0.024489 -0.015538
0.018915 -0.025482 -0.003866
-0.010386 -0.001352 -0.019551
-0.008222 0.023974 0.002920
0.009531 0.003153 0.022466
-0.030384 0.021863 0.006510
-0.000849 0.002501 -0.024279
0.007066 0.015341 0.035203
0.006823 -0.019780 -0.000340
0.016859 0.016871 0.014271
0.001886 -0.032838 -0.015294
-0.011157 0.003326 0.024964
0.002664 0.012958 -0.020186
0.007506 0.011824 0.001423
0.027440 0.018092 0.016518
-0.023326 -0.002949 -0.011796
0.022538 -0.006386 0.011730
0.014304 0.016264 -0.005863
-0.014514 0.007865 0.035104
-0.053121 0.029488 -0.020070
-0.049566 0.001709 0.016871
0.012356 -0.005621 -0.029396
0.006278 0.001396 0.012426
-0.007741 0.000465 0.001211
-0.001865 -0.021612 0.037476
-0.005828 -0.040351 0.025789
0.015411 0.001694 -0.035664
-0.006397 0.012989 0.013040
-0.041543 -0.006368 -0.025718
-0.017354 -0.007863 -0.025568
0.000385 0.001922 0.029430
-0.012871 0.018687 0.016174
0.012705 0.008275 -0.011150
-0.001201 0.026165 0.019628
0.016972 -0.017750 -0.001929
-0.013440 -0.001254 0.003528
-0.064607 0.016064 -0.016012
0.022460 0.004443 0.009037
-0.011339 0.006885 -0.005149
-0.012170 0.006936 -0.002202
0.003356 0.056373 -0.000293
-0.002520 0.023568 -0.011051
0.010697 -0.006865 0.020272
0.010024 0.000795 0.008120
0.019732 0.017824 -0.018290
-0.008101 -0.020109 -0.003231
-0.027043 -0.017959 0.016487
-0.007468 -0.002889 -0.026331
0.003823 0.031673 0.012421
0.010547 0.012416 -0.015396
0.008009 0.003616 0.016173
-0.013250 -0.003734 -0.008154
0.013951 0.049764 -0.005774
0.003079 0.011961 -0.016387
0.003753 0.011513 0.013146
-0.029155 0.029258 -0.027353
-0.013480 0.001830 -0.017965
0.016136 0.005167 0.001270
0.007315 0.010168 -0.010758
0.009037 0.005090 0.029285
-0.010261 -0.030466 -0.017425
-0.047379 -0.011062 -0.006035
-0.003905 -0.026187 -0.025528
-0.020036 -0.004186 0.000236
-0.006271 0.001584 0.026233
-0.000630 -0.020272 -0.002668
0.008416 0.040107 -0.010275
-0.017570 0.014134 -0.012804
0.015001 0.000231 0.025486
0.007992 0.014990 -0.001967
0.011894 0.014554 0.034198
-0.015385 0.012552 -0.007798
0.006643 -0.003236 0.009172
0.002252 -0.016650 0.007841
-0.016755 -0.013221 0.005164
0.024013 -0.014515 0.027492
0.029690 0.039264 0.004850
0.022748 -0.046152 0.019737
0.006872 0.018351 0.010862
-0.011618 0.010151 -0.005650
-0.006524 -0.011054 -0.028547
0.008126 0.016664 0.025875
0.008320 -0.007894 0.020180
0.032467 -0.033152 0.000458
-0.034861 -0.003448 -0.010700
0.031580 -0.001767 0.019511
0.021578 0.047698 0.008742
0.034308 0.016157 0.025472
-0.006200 -0.011933 0.030165
0.014278 0.056574 0.005131
-0.017129 0.004480 -0.026748
0.025889 0.012749 -0.018432
0.017527 -0.011906 0.018955
-0.014101 0.012167 0.022489
0.041667 0.020050 -0.004847
0.020939 0.014244 -0.025622
-0.006325 0.006625 0.014387
0.007591 -0.024379 -0.014878
0.013204 -0.030762 -0.004369
0.002414 0.035944 0.033599
0.003377 -0.017677 0.010358
0.004482 0.045455 -0.020889
0.002773 0.019858 0.051039
0.008076 0.014388 -0.010271
0.012635 0.009750 -0.017632
-0.051044 -0.005000 -0.004370
-0.025238 -0.022802 -0.000889
-0.016709 0.023395 -0.033980
-0.008591 -0.013816 -0.005367
-0.017733 0.004614 0.003233
-0.017222 -0.003842 -0.038931
-0.012069 0.018571 0.000652
0.006334 -0.042706 -0.014172
-0.024275 0.023372 0.044107
0.006119 0.008343 -0.009396
0.055191 -0.011681 0.023384
0.005763 -0.006299 -0.008371
-0.021872 -0.036184 0.024269
0.032374 -0.022672 -0.007114
-0.009569 0.015047 -0.000151
0.003087 -0.004738 0.033974
-0.014691 0.010436 0.011327
0.040558 0.026012 0.020633
0.062097 -0.012646 -0.039837
0.016228 -0.002988 0.010232
-0.007834 0.023319 0.004929
0.034772 -0.012097 -0.007020
0.004861 -0.009510 -0.006108
-0.009061 0.002525 -0.025088
-0.047868 0.007213 0.020590
0.031777 -0.036663 0.005629
0.013400 0.009422 -0.011234
0.020527 -0.024167 -0.011404
0.002387 0.012838 -0.021289
0.023034 0.018499 -0.005384
0.002001 -0.002074 -0.025654
-0.017044 0.022130 -0.003801
0.010793 0.020315 0.001437
0.013871 -0.005948 0.032051
-0.009874 -0.019133 -0.003005
-0.021038 -0.013789 -0.025723
0.009682 -0.021179 -0.030204
0.004866 -0.008940 -0.029982
-0.004014 -0.043411 -0.042268
-0.025095 0.011156 0.004754
0.002926 0.018471 0.001212
-0.047235 -0.029460 0.012174
0.028389 -0.015267 -0.023960
-0.018275 0.003177 -0.014933
0.017658 -0.022665 0.001101
0.000657 0.015517 0.052361
-0.010951 0.009447 0.027485
0.017220 0.025132 0.012707
-0.003573 0.015549 0.007679
0.013702 -0.007656 -0.000672
0.007957 -0.023011 0.011944
0.014339 -0.011733 -0.023452
0.008820 0.010913 -0.000521
0.006004 0.010380 0.003162
0.003106 0.015644 0.002428
0.014916 0.037408 0.010858
0.020297 -0.031641 0.025464
0.005622 0.003183 0.008853
-0.011846 -0.005316 -0.035666
-0.007222 -0.007108 -0.002643
-0.026805 -0.005374 -0.003804
0.030624 -0.009826 0.009221
0.025501 0.017531 0.028215
0.006847 0.003712 0.027826
0.018604 -0.022059 0.046874
-0.003200 -0.030341 0.025331
-0.002755 0.003782 -0.000264
0.027407 -0.008562 0.023094
0.016966 0.011916 -0.015094
0.016724 0.009657 -0.007602
0.023369 0.024221 0.008741
-0.020691 -0.014582 0.016118
0.030397 -0.019265 0.011701
-0.012778 0.013231 0.017295
-0.006399 -0.012293 0.001874
0.002214 0.002729 -0.001155
0.031588 0.015462 -0.007480
0.005573 0.002230 0.007510
-0.008237 -0.002102 -0.013362
0.017347 0.030300 0.013389
0.024571 0.014919 0.004394
-0.021557 0.027652 0.002184
0.010185 0.014542 -0.001527
0.004121 -0.007718 0.006821
0.027703 -0.003101 0.008909
0.003000 -0.026234 -0.026787
0.015806 0.004627 0.000286
0.000884 -0.001082 -0.005418
-0.018937 0.021245 -0.019326
0.003080 0.001118 -0.062428
-0.005675 -0.016081 0.009478
-0.023793 -0.042355 0.022328
-0.028568 0.030712 0.014882
0.019598 0.010409 -0.006739
0.023441 -0.016850 -0.018376
-0.002087 -0.002871 -0.026198
-0.024371 -0.011533 -0.006496
-0.012405 0.023308 -0.017217
-0.026191 -0.009553 0.011911
-0.001248 -0.033056 -0.007969
-0.006013 0.004507 0.007526
-0.007953 0.021400 -0.005152
-0.009448 0.007651 0.042964
0.000016 -0.020660 0.014478
0.003319 0.046834 0.006262
-0.003154 -0.005103 -0.010843
-0.021710 0.011292 0.026567
-0.024573 -0.014856 -0.002246
0.014856 -0.030376 -0.007302
-0.023409 -0.009438 0.013697
0.002919 -0.007780 -0.015427
0.013773 -0.004093 0.004454
-0.022858 -0.024880 -0.003083
0.020563 -0.007286 -0.028782
0.024193 0.037856 0.025616
-0.000476 0.023351 0.038096
0.015209 -0.009716 -0.007621
-0.008234 -0.026452 -0.005266
0.004306 -0.001647 -0.003707
0.007076 0.013442 0.003634
-0.036705 -0.029942 0.000126
0.002559 -0.022668 -0.034121
0.011894 -0.013389 -0.007064
-0.026070 0.014483 -0.017235
-0.009979 0.024176 0.010133
-0.028433 -0.038172 -0.000961
-0.001311 0.010674 0.013865
-0.024999 -0.035777 0.001002
-0.024738 -0.007974 -0.013328
0.013488 0.019341 -0.013446
0.012012 0.006554 -0.003055
0.046541 0.004048 0.010703
0.022597 -0.013546 -0.009804
0.005290 -0.039501 -0.006293
0.014562 0.007310 0.017231
0.061934 0.008731 0.005753
-0.013837 0.020171 0.007198
0.015332 0.010409 0.017653
0.001468 -0.028943 0.026593
0.033874 0.008644 0.017180
0.002483 -0.014250 -0.013595
0.020978 0.014058 0.002203
-0.002577 -0.009864 -0.000757
-0.021114 -0.020309 0.008557
-0.004144 -0.016047 -0.010418
-0.008952 -0.013450 -0.015835
0.007221 0.013306 -0.016205
-0.022162 -0.009700 -0.037077
0.012815 -0.023094 -0.020875
0.002862 -0.007297 -0.004554
-0.003485 0.002534 0.017751
0.000700 0.004060 -0.001883
0.012338 0.027057 -0.010915
-0.000893 -0.023438 0.027606
-0.031256 0.005533 0.009621
0.018692 0.002744 0.013006
0.002062 0.010599 -0.002428
-0.045853 0.017153 -0.021043
0.041772 0.031709 -0.013744
0.032291 0.010584 0.009049
-0.021750 -0.016193 0.011796
-0.000942 -0.033266 -0.003089
0.001862 -0.024362 -0.003092
0.014737 0.016751 0.011782
-0.022049 -0.013805 -0.008599
0.013871 0.010673 -0.023540
-0.000945 0.006301 -0.002663
0.020663 -0.004993 -0.013625
0.031048 0.028558 0.029383
-0.006470 0.023406 0.016261
-0.029462 -0.005260 -0.005401
-0.000727 0.023367 0.013123
-0.002704 -0.016046 0.027178
-0.024221 -0.005910 -0.052201
0.015508 0.021594 0.010565
0.010886 0.017909 -0.009780
0.002710 0.009946 -0.013328
0.017383 -0.013588 -0.004522
-0.003391 -0.021769 -0.001823
0.006843 0.011098 0.007765
-0.025946 -0.018544 0.017043
-0.001066 0.016807 0.023520
0.006599 0.008599 0.026231
0.018178 -0.006832 -0.012335
-0.023508 -0.025740 0.016858
-0.036474 0.017296 -0.016809
0.027891 0.029841 -0.001251
-0.012749 -0.061546 0.010297
0.003521 -0.004670 -0.019473
-0.038847 -0.010151 -0.001337
0.003763 -0.018896 0.013435
0.031033 -0.002884 0.032610
-0.032671 0.017256 -0.016202
-0.006625 -0.003470 0.019740
-0.002068 0.008372 -0.001686
0.019208 0.050573 0.000540
-0.006105 0.015396 0.019382
0.004337 0.011037 -0.028377
-0.016516 -0.016592 0.001315
-0.019956 -0.041314 -0.021512
0.017990 0.004222 0.027307
0.005194 -0.015623 0.059018
-0.012959 -0.026514 0.017528
-0.003055 0.014694 -0.003745
0.052518 0.031621 -0.008688
0.014374 -0.024703 0.021041
-0.033200 -0.000230 0.003194
-0.029832 0.038628 -0.017691
-0.027669 -0.000461 0.013131
-0.001255 -0.005302 -0.033479
0.005619 0.018416 0.004956
0.017572 -0.024210 -0.020913
-0.034528 -0.005536 -0.009433
0.008704 0.027284 0.006270
-0.001203 0.011052 0.024875
-0.013578 0.013733 -0.009453
0.026682 0.025255 -0.018270
-0.008433 0.001623 -0.025814
0.004000 -0.005030 0.000825
0.027495 0.005828 -0.001072
0.021489 0.025201 -0.015793
0.001225 -0.017369 -0.001352
-0.019774 0.004596 -0.017815
-0.019357 0.022495 0.019830
0.005550 0.018134 0.008639
-0.001211 -0.001908 0.010854
-0.013149 0.017309 0.046494
0.010796 -0.006676 0.026775
-0.008249 0.017348 0.016385
0.010379 -0.008963 -0.009791
-0.024187 -0.004857 -0.043461
0.000879 0.004638 0.004325
0.040640 0.010763 0.016280
-0.014025 0.010434 -0.027956
0.013240 0.009823 0.017104
-0.003882 0.008577 0.005533
-0.012179 -0.059602 0.011278
0.012400 -0.013041 -0.009904
-0.022753 0.014178 -0.003028
-0.007965 -0.025767 -0.009194
-0.002459 -0.013627 0.005990
0.029168 -0.007503 0.004996
0.002825 0.021763 0.009097
0.002078 -0.019798 0.032981
0.000322 0.000976 -0.000122
-0.040378 0.009840 0.004857
-0.000006 0.004152 0.012121
0.007256 -0.031226 -0.002042
-0.009658 -0.026040 0.027973
-0.028366 0.014942 -0.020877
-0.001891 0.000037 -0.003975
0.023788 -0.015894 0.028009
-0.024348 -0.016982 0.016688
0.000403 0.016672 -0.013300
0.014909 0.012923 -0.003517
0.033970 0.004072 -0.004245
-0.024736 0.019473 0.037167
-0.014379 -0.014394 0.000787
0.011883 0.006320 0.042595
-0.020585 -0.031502 -0.004165
-0.003322 0.007245 0.002325
-0.006571 0.008833 0.014821
-0.019150 -0.027680 -0.004393
-0.009177 -0.022509 -0.022014
0.000772 0.003579 0.018406
-0.014133 0.013856 0.040620
0.004232 0.005344 0.008594
-0.010178 -0.008809 -0.011042
0.015467 0.009614 0.010111
0.011387 0.013944 -0.026469
0.024538 0.020857 0.032312
-0.015360 -0.000568 -0.003832
-0.016371 0.018702 -0.002943
-0.028810 -0.010931 -0.002404
-0.010521 -0.014748 -0.010867
0.000869 -0.019567 -0.014710
-0.013946 0.010357 -0.009677
-0.022082 -0.007894 0.012771
0.005619 0.001724 0.045665
-0.002893 0.010694 -0.011779
-0.019228 0.014747 -0.020578
-0.023807 -0.042371 -0.009705
0.000694 0.014697 0.006567
0.035184 -0.011266 -0.031864
-0.005330 -0.028933 0.023869
0.015292 0.008122 -0.012990
-0.017112 0.023040 -0.010285
-0.003141 -0.025352 0.022794
0.005385 -0.001031 -0.002266
0.035919 0.001986 0.007441
0.025842 -0.036632 -0.000698
0.032859 0.028695 0.025307
0.016861 -0.016742 -0.002868
0.000733 0.017160 0.003226
-0.034569 -0.001559 0.027308
-0.032466 -0.034250 -0.004100
-0.008333 -0.038095 0.005285
-0.027735 -0.023500 -0.016161
-0.011301 0.012594 0.030283
0.024371 -0.010184 0.010818
0.038698 -0.008338 -0.011128
-0.000059 0.016862 0.034617
-0.000598 -0.013930 0.001434
0.024795 0.000166 -0.026466
-0.009615 -0.020274 0.004542
-0.031182 0.032484 0.002423
0.010208 0.020273 0.027833
-0.030377 -0.028462 0.001269
-0.010366 -0.017080 -0.020717
-0.025771 0.006177 -0.007414
0.033552 0.002018 0.012628
-0.005776 -0.001268 0.022846
0.007865 -0.034079 -0.012852
-0.004487 -0.028114 -0.009343
-0.018227 -0.024341 -0.016809
-0.013585 -0.000357 -0.007716
-0.008137 0.020284 0.001211
0.004932 -0.007697 -0.015209
0.000899 0.019464 -0.009147
-0.000759 -0.000228 -0.022850
-0.012892 0.027299 0.034330
-0.028911 -0.003910 -0.012785
0.029826 -0.006957 0.003362
0.021948 0.006566 0.016594
-0.012005 -0.041447 -0.016366
-0.004555 0.014287 -0.024570
-0.036646 0.039287 0.008778
-0.005058 -0.011912 -0.024036
-0.007566 0.022967 0.026652
-0.010756 0.005996 -0.036161
0.023194 0.020679 0.019989
0.012579 0.003440 -0.024228
-0.025581 -0.032869 0.010964
0.007203 -0.026260 -0.006299
0.008627 0.004751 0.035267
0.006683 0.002716 0.017187
0.022886 0.011899 0.030008
0.006334 -0.012224 -0.032673
-0.030454 0.010347 -0.004799
-0.029305 0.007968 0.010116
-0.005741 -0.002892 -0.012810
-0.032186 0.025753 -0.011342
0.003429 -0.010695 0.005045
-0.022323 -0.052397 0.008131
0.004360 0.008833 0.010898
0.007019 0.009155 0.012625
-0.019730 -0.004378 -0.008353
0.002895 -0.009092 -0.003002
0.008132 0.015573 0.005671
0.052868 -0.008044 0.018451
-0.008063 -0.001740 0.013871
0.010186 -0.037403 0.016941
-0.000483 -0.017138 0.003491
-0.028666 -0.044655 -0.010134
0.014968 -0.017214 -0.026663
0.042849 -0.002692 0.027624
-0.011821 0.023632 -0.016602
0.018650 0.011980 0.011743
-0.023033 -0.002023 -0.014417
-0.016909 -0.001613 0.017647
-0.011135 -0.053764 0.029139
0.038945 0.005956 -0.006189
0.025807 0.009079 0.026959
0.002529 -0.036725 -0.013277
-0.031819 0.001359 -0.008739
-0.007034 0.019666 0.009122
-0.041652 -0.003140 -0.002574
0.002609 -0.004335 -0.023855
-0.028741 -0.016764 0.002997
-0.038881 -0.002866 0.004754
0.019190 -0.014025 -0.005202
-0.042146 0.017230 0.003761
0.008987 0.025993 0.004889
0.021560 -0.007763 0.018894
-0.008301 0.015504 0.019115
0.014660 -0.006691 -0.022173
0.052470 0.000065 0.012487
-0.046044 0.009069 0.019818
0.011144 -0.008004 0.001001
-0.039645 0.003608 -0.003899
-0.016049 0.014612 -0.037390
-0.016267 0.033275 0.014674
0.025664 -0.010411 -0.019595
0.015943 0.000293 0.004071
-0.010799 0.010339 -0.029092
-0.039207 0.017230 -0.010709
-0.007032 -0.016897 0.002567
-0.010719 -0.006711 -0.003384
0.010317 0.002225 0.015425
0.030963 -0.000836 -0.008379
-0.001439 0.000008 0.018915
-0.011022 0.029100 -0.027961
0.026889 0.008404 -0.047338
-0.019440 0.006259 0.012513
0.002276 -0.022228 -0.023535
0.008853 0.039090 0.009343
-0.050554 -0.040431 -0.009873
0.011358 -0.001858 0.020484
0.010182 0.006457 0.010851
0.020998 0.021573 0.010640
0.008081 0.006341 -0.004356
0.000192 0.007857 0.026738
-0.009545 -0.000762 0.015973
0.004595 -0.004909 0.000171
0.030435 0.004129 0.020906
0.022232 -0.019713 0.019354
0.023830 -0.003727 0.012966
-0.022111 0.041606 0.003051
-0.005677 0.004881 0.020112
0.022545 -0.028984 -0.020019
0.010884 -0.016040 -0.001756
0.022936 0.015504 -0.020509
0.007952 -0.027896 0.035802
-0.011276 -0.025073 0.013661
-0.012110 -0.010794 0.012462
-0.023193 -0.018962 -0.008079
0.009407 -0.026530 -0.013713
0.046770 0.011066 0.028839
0.015776 0.012621 -0.005235
0.004279 0.013749 0.056346
0.002420 0.048718 -0.021518
-0.019974 0.015798 0.002487
-0.012199 -0.029536 0.000239
0.047053 -0.014416 0.010079
0.018844 0.031698 -0.024141
-0.015796 0.019345 -0.004618
0.004380 0.035808 -0.010840
0.003985 0.016263 -0.006018
0.035033 0.010988 0.001540
0.011756 0.013642 -0.017894
-0.024019 -0.008810 -0.016171
-0.009928 -0.015821 -0.002596
-0.015022 -0.007660 0.038123
-0.029020 -0.002740 0.027794
0.005183 0.029399 0.007242
-0.018165 -0.005744 -0.044478
-0.004400 0.016876 -0.056222
0.025632 0.000797 0.006298
-0.016840 -0.017391 -0.024617
-0.002111 0.007973 -0.005931
0.022368 0.006295 -0.010185
-0.027642 0.012423 0.010309
-0.008934 0.032034 0.008876
-0.002287 0.040844 0.000914
-0.001091 -0.008062 -0.007171
0.017581 -0.025098 -0.013379
0.010196 -0.000668 0.015600
-0.016964 0.017218 -0.053541
-0.023365 -0.025706 0.014325
0.045058 -0.022317 -0.015104
-0.012050 0.025240 -0.005225
0.024047 -0.024654 0.019780
0.016272 -0.032095 -0.002299
-0.016089 0.007468 -0.002488
-0.038699 0.018890 0.027914
0.015583 0.009135 -0.022664
0.009613 -0.013272 0.015411
-0.005206 0.020987 0.009584
0.017030 -0.001262 0.003599
0.006353 0.015476 0.020315
0.047929 0.008226 -0.004018
0.013766 0.030584 -0.003801
0.010598 -0.023943 -0.014636
-0.011860 0.037115 0.009069
0.015236 -0.018934 -0.005971
-0.006468 0.015957 0.003550
0.009774 0.015574 0.028743
0.013136 -0.008953 -0.013746
-0.050112 -0.001321 -0.048032
0.035584 0.014356 -0.013134
-0.020735 -0.048389 0.019891
0.035051 0.057956 0.030341
0.011746 0.000933 0.014812
0.023305 0.034265 -0.026232
0.022968 0.006859 -0.007536
0.010412 0.003570 -0.017801
0.018146 0.009471 0.007253
-0.015054 -0.004878 -0.013220
-0.000502 0.012653 0.007486
-0.011001 -0.007864 -0.008128
0.005522 0.013954 -0.011604
-0.002778 0.040642 -0.047159
0.037974 0.026216 0.007237
-0.043094 0.000907 -0.003104
-0.039848 -0.010545 -0.008212
-0.020678 -0.016889 -0.038849
-0.003871 -0.009668 -0.020018
0.013089 0.000265 -0.009979
0.000531 -0.021747 0.009618
0.017918 0.012239 -0.037156
0.019575 -0.017072 -0.040642
-0.001954 0.021174 0.003958
-0.007504 -0.010325 -0.031241
-0.005022 -0.006583 0.020566
-0.029428 0.008231 0.018211
0.003825 -0.007520 -0.015898
0.003341 -0.021007 -0.010680
-0.014838 -0.005620 0.024510
0.014277 -0.014756 -0.012591
-0.003327 0.039383 0.036886
0.009052 -0.010577 -0.003408
0.001334 -0.012443 0.000733
-0.037659 -0.001029 0.010200
-0.037117 -0.005099 0.001050
-0.019351 0.006104 0.009635
0.002506 -0.039552 0.012014
0.008528 0.007633 0.019545
0.029140 0.014058 0.002394
-0.048124 -0.012523 0.005518
-0.011565 -0.014138 -0.003003
-0.000366 0.030676 0.010378
0.040443 -0.037403 0.039669
0.004014 -0.013083 -0.002459
-0.002079 0.006529 -0.023169
0.007004 -0.005720 -0.027547
0.042530 0.024295 -0.008988
-0.022811 0.002246 0.000093
-0.005301 0.013138 0.012077
0.034944 -0.010117 -0.027659
-0.007404 0.020575 0.031940
0.034829 0.006266 0.017320
0.024096 0.019880 0.007533
-0.025048 -0.028452 0.006257
0.029877 -0.006537 -0.000029
-0.007756 0.000337 0.003523
-0.017978 -0.000764 -0.006493
-0.021843 0.011117 -0.008930
-0.012241 0.015288 0.013188
0.012992 -0.040543 0.006577
0.014705 -0.018643 -0.010581
-0.037902 -0.003224 0.006463
0.026644 -0.040531 0.013724
-0.010633 -0.009327 -0.011629
-0.005963 0.010779 -0.030158
-0.031589 -0.030845 -0.032380
0.029789 0.026622 -0.010634
0.001824 -0.000397 0.046676
0.025626 0.059051 0.010552
0.057827 -0.013960 0.004641
-0.004284 0.019189 -0.026962
0.012090 0.023795 -0.009396
0.018115 -0.013765 0.038305
0.035190 -0.021954 0.002888
0.011793 0.020258 -0.011482
0.026880 0.026257 0.025103
0.014604 -0.013285 0.005182
-0.000067 -0.019860 0.028409
0.029168 0.006300 -0.031013
0.020524 0.019531 -0.000458
0.031250 0.005027 0.013339
0.018061 -0.011352 -0.009817
-0.008111 -0.010848 0.004313
-0.014932 0.006824 0.022522
-0.000189 0.009708 0.009131
0.030954 -0.013939 0.001426
0.000044 -0.030198 -0.002425
0.013817 0.035979 0.028264
0.005877 0.031434 -0.001672
-0.008122 -0.035234 0.025738
-0.023194 -0.028268 -0.012598
-0.001151 0.002826 0.031674
-0.019173 -0.013466 0.005579
-0.000155 0.014029 0.005891
0.011730 0.027479 0.014124
0.009998 0.004269 0.010704
0.001501 -0.011653 0.006310
0.015251 0.006571 0.009283
0.016622 -0.018130 -0.004334
-0.024998 -0.013476 -0.017414
0.022863 0.027332 -0.029651
0.043310 -0.026441 0.005824
0.018831 -0.028502 0.032438
-0.006932 -0.007579 -0.013047
-0.017352 0.027653 -0.010735
-0.038457 -0.006553 0.003996
-0.052227 -0.000466 0.002842
-0.011120 0.014009 0.019605
-0.009904 0.010123 0.016247
0.014929 0.050705 -0.017149
-0.004432 0.017968 0.013412
-0.021397 0.045553 0.006886
-0.024199 0.025875 0.009623
0.017242 0.014786 -0.026766
-0.008811 0.030682 -0.028702
-0.004305 -0.051410 0.000052
0.003758 0.019727 0.006978
0.003919 -0.043962 0.013870
-0.030444 -0.027767 0.023961
-0.001931 0.029225 -0.002192
0.000724 -0.015391 0.026986
0.014219 0.006814 0.002488
0.002457 0.020958 -0.012362
0.002124 0.017176 -0.019719
-0.009572 -0.002119 0.021440
0.038425 0.044178 0.009504
-0.016701 -0.001636 0.025433
0.010892 -0.009312 0.010845
0.040590 0.022800 0.014691
-0.010601 -0.007251 -0.003834
0.011814 -0.009718 -0.007739
0.015115 0.007275 -0.017589
0.011188 -0.017068 0.015177
0.020009 -0.008995 -0.013454
0.007029 0.016280 0.020198
-0.035620 -0.004082 0.018783
-0.035372 -0.021193 0.011185
-0.014240 0.006192 0.001325
0.002323 -0.033326 -0.025917
-0.001610 0.008894 0.011869
0.001715 -0.003285 -0.001324
-0.008464 0.034090 0.007770
0.002446 -0.020648 0.006406
-0.012074 0.007540 0.001429
-0.016072 0.009965 0.030456
-0.017081 0.011100 0.001832
0.008517 0.045308 0.017878
-0.021803 0.002538 0.007642
-0.021018 -0.013519 -0.002722
0.006674 -0.023443 -0.042482
-0.016231 0.016069 0.019395
-0.019617 0.019278 -0.023866
0.023451 -0.032857 0.036735
0.003357 0.011611 0.003900
-0.026101 -0.016396 -0.016590
-0.021505 0.016821 0.014812
0.014428 -0.012104 -0.011615
-0.026688 -0.031749 0.004529
0.006837 0.025124 -0.003781
0.023084 0.012171 -0.015905
-0.001646 0.005027 0.012984
-0.007065 -0.015322 0.002135
-0.010987 0.037354 0.032425
0.022195 -0.019551 0.022515
-0.006702 0.001031 0.002168
-0.007891 0.016573 -0.010166
0.030368 -0.005080 0.035600
0.016220 0.010030 0.009992
-0.019357 0.022246 0.002240
-0.013501 0.045697 -0.010765
0.013270 -0.014344 0.008020
-0.006448 -0.015066 -0.048619
-0.026403 -0.009786 0.005197
-0.002888 0.017442 0.024806
-0.012597 -0.010443 0.023126
0.007295 0.024570 0.012136
0.015760 0.036289 -0.003937
-0.026850 -0.039788 -0.003963
0.019788 -0.013245 -0.005805
-0.000200 0.007566 0.039560
0.024034 0.005696 0.033302
-0.012636 -0.002906 0.003316
-0.008429 0.003682 0.048032
0.010626 0.001457 0.010218
0.009100 0.022927 0.040724
-0.027010 0.006616 -0.010806
0.003541 -0.013614 -0.021430
0.003132 0.013184 -0.028524
0.000028 -0.017391 -0.007215
0.008345 0.003648 0.010955
0.024829 0.005673 -0.005328
-0.007262 -0.022676 0.007644
-0.009377 -0.005596 -0.020476
0.005581 0.004318 -0.009068
-0.041854 -0.058588 0.009414
-0.020871 0.003483 -0.003110
-0.006181 0.010949 -0.038532
0.004780 -0.015234 -0.032581
0.017001 -0.035019 -0.003721
0.003693 0.000738 0.003768
0.003018 0.015545 0.021378
-0.018126 -0.003698 0.003995
0.021370 0.021476 0.018111
-0.028289 -0.031116 0.004168
-0.036379 0.020152 0.031834
-0.021411 0.015662 0.013044
0.015551 -0.021293 -0.005294
-0.005593 -0.015998 0.016833
0.022441 -0.000549 -0.006307
-0.006667 0.017234 0.022355
0.006549 -0.013058 0.018722
-0.026798 0.015043 -0.035584
-0.003073 0.029214 -0.002450
0.030990 0.018082 0.026274
0.017322 -0.013106 0.048582
-0.037251 0.020357 0.040251
0.006909 0.038081 0.009420
-0.001794 -0.026974 0.004880
0.012313 0.025994 0.026904
-0.015787 -0.009567 0.018884
0.018712 -0.024755 -0.025114
0.009713 0.028452 -0.019331
0.014734 -0.007302 -0.016356
0.021740 0.000876 0.012622
0.016296 0.022221 -0.007777
-0.004964 0.019951 0.006346
-0.015301 -0.003522 -0.020467
0.003132 0.027044 -0.011934
0.049364 -0.009626 0.010734
-0.067443 0.004817 -0.002885
-0.030368 0.001009 0.000036
-0.012346 -0.030850 -0.005259
-0.025074 0.002677 0.019032
-0.001481 -0.027639 -0.014575
0.047647 0.003723 0.036745
-0.041448 -0.006630 -0.053543
0.003135 -0.006536 -0.000344
0.003670 -0.001808 -0.006335
-0.012859 -0.038731 -0.023145
-0.009190 0.012414 0.007956
0.002744 -0.022600 -0.015331
-0.008740 -0.001311 -0.001634
0.003496 -0.031929 0.021212
0.012429 0.022960 -0.002990
0.037843 -0.009457 -0.000571
0.002474 0.001942 -0.021886
0.023987 -0.036179 0.003593
0.003494 -0.020519 -0.054532
-0.024924 -0.011188 0.005526
0.019239 0.009535 -0.012542
0.003857 0.038285 0.004640
-0.017850 0.005242 -0.003113
0.024830 -0.000385 0.034907
-0.023310 -0.008476 0.024208
-0.005721 -0.006571 -0.016494
-0.011908 0.025957 0.013501
0.020033 -0.003901 0.003097
-0.009927 0.013484 0.000175
0.017633 0.019497 0.016742
-0.002063 0.040111 0.056586
-0.019223 0.043925 -0.028491
-0.000954 0.013868 0.012018
-0.031941 -0.015145 -0.007033
0.012517 -0.028536 -0.009961
0.019300 -0.011468 0.016598
0.010714 0.003565 0.012233
0.032833 -0.011131 0.012879
-0.025631 -0.008602 -0.009383
0.003358 0.007649 0.025164
-0.000371 0.023242 0.023803
0.032752 -0.019324 -0.007239
0.008687 0.004381 -0.014081
-0.009228 -0.023598 -0.017059
0.010706 -0.005031 -0.025641
-0.046089 -0.021093 -0.005640
0.005288 -0.009838 0.028189
0.048044 0.037794 -0.020826
0.004712 0.012149 0.007701
0.019652 0.025449 0.019813
-0.014719 -0.013926 0.015347
0.005900 -0.005649 0.016579
0.016693 0.011446 0.007489
-0.010252 0.006211 0.006478
-0.006970 -0.004775 -0.012539
0.045152 0.010223 -0.000663
-0.000422 0.009555 0.007816
-0.009711 0.013671 -0.004462
0.014502 -0.047966 -0.013012
0.024781 0.003703 0.011025
0.017728 -0.007033 -0.008157
0.007197 -0.017116 0.032526
0.010979 0.004183 -0.015884
-0.025129 -0.030856 -0.012179
-0.012947 -0.027355 0.014253
0.006194 0.036509 -0.000998
-0.004293 -0.000170 0.007581
-0.015664 -0.025305 -0.024541
0.008079 -0.014652 0.000449
0.007969 -0.034742 -0.016846
0.002112 0.039372 -0.017083
0.006798 -0.011362 -0.040104
0.001355 -0.012981 0.006079
-0.022675 -0.001681 0.013090
-0.002750 -0.025996 0.017690
-0.035994 -0.005555 0.009512
0.020118 0.007896 0.023314
0.022144 0.009047 0.012908
-0.026375 0.031520 0.038707
0.026113 -0.009793 0.023339
-0.003690 -0.021401 0.033194
-0.015255 0.009539 -0.008725
0.030533 0.006544 0.006662
-0.019588 0.030499 0.044512
0.018407 -0.000037 -0.012804
0.012858 -0.006322 0.004512
-0.046268 -0.011125 -0.005785
-0.007055 -0.003425 0.025629
-0.038150 -0.019581 -0.009973
-0.006812 0.011123 0.017056
-0.006554 0.008545 -0.030070
-0.018105 -0.009266 -0.005703
-0.011964 -0.022209 -0.003789
-0.005051 -0.043045 -0.018466
0.012974 -0.003798 -0.003172
0.012885 -0.013453 0.017522
-0.007449 -0.030564 0.029005
0.008217 0.000254 -0.004428
0.025780 0.005826 0.016906
0.022805 0.004668 -0.001326
0.024234 0.002213 0.011930
0.003176 0.001216 0.004612
0.018729 -0.023509 0.012008
0.003325 -0.007723 -0.014818
-0.016936 -0.007118 0.008241
-0.001346 -0.013166 0.010613
-0.001796 0.017965 -0.039377
0.015985 -0.008717 0.016292
-0.004687 -0.022675 0.006367
0.018010 0.003681 -0.015827
-0.022947 -0.012047 -0.008339
-0.008063 -0.004955 -0.033923
-0.002054 0.001916 0.002444
0.020236 -0.014903 0.036478
-0.025622 -0.028621 0.021585
0.055477 0.018152 -0.006617
-0.020963 -0.004207 -0.021937
-0.005495 -0.002406 -0.024131
0.054362 0.017906 -0.022755
0.022909 0.005685 -0.027335
0.003843 -0.017594 0.013131
-0.000079 -0.013679 0.002314
-0.010359 -0.018631 0.006636
-0.025420 -0.005066 0.027312
-0.012242 -0.017087 0.017726
0.020241 0.031779 -0.009413
0.011997 -0.018700 0.009276
0.026709 -0.011845 -0.000271
0.017680 -0.000354 -0.026301
-0.016780 -0.017444 -0.026388
-0.030808 0.003952 -0.002283
0.025236 -0.008028 0.003660
-0.043597 -0.059766 0.006093
-0.007797 -0.001945 0.019091
0.005450 -0.010390 -0.020413
-0.029593 -0.012666 0.008638
0.003076 0.006336 -0.020115
0.005331 -0.006496 -0.015107
0.026009 0.011230 0.002701
0.009149 -0.006888 0.005325
-0.004344 0.005868 0.005165
-0.006892 0.011586 0.006265
-0.009671 0.005346 -0.033082
0.018612 -0.015358 0.014430
-0.017799 -0.001519 -0.012041
0.033120 -0.000220 -0.002404
0.001561 0.012155 -0.029407
-0.006947 -0.013141 -0.003799
0.007312 -0.019963 -0.044084
-0.001834 0.002129 0.025370
0.012239 0.034428 0.003602
0.014511 -0.016766 0.008568
0.042433 -0.012404 0.003094
0.003830 0.019463 0.019564
0.016132 -0.007136 -0.002655
0.009395 0.023249 -0.030172
0.001309 0.000723 -0.038580
-0.007235 -0.020557 -0.006410
-0.011672 -0.006787 0.021336
-0.030491 -0.027115 0.032004
-0.019456 -0.043685 0.013550
-0.021823 -0.009226 0.009258
0.018609 -0.026498 0.014297
0.012718 -0.015565 -0.031914
-0.024894 -0.018842 0.036198
-0.003587 -0.014037 0.017547
0.004590 0.008096 -0.002929
0.002360 0.008575 0.030905
-0.000643 0.002041 0.002183
0.033648 -0.023959 0.020135
-0.024955 0.011465 0.003006
0.005202 -0.005788 0.049448
-0.000244 -0.008496 0.018331
0.005199 0.013403 0.029115
-0.026343 -0.008866 0.028045
0.002556 -0.016383 0.023558
0.002427 -0.007156 0.013619
-0.015142 0.011769 -0.019186
0.017120 0.052959 0.015357
-0.009790 -0.018072 -0.018157
0.015076 -0.007970 -0.023804
0.024323 -0.008980 -0.011295
0.003602 -0.022973 0.010427
-0.037103 -0.005725 -0.033922
0.024465 -0.022997 -0.014791
-0.001575 0.016752 0.024929
0.000167 -0.002678 -0.016365
-0.022137 -0.031069 0.008759
0.000480 0.008780 0.007967
0.006751 -0.008178 -0.032584
-0.028517 0.020335 -0.017004
0.031424 -0.003618 0.025840
0.002846 -0.003600 -0.012126
0.003093 0.015739 0.005624
0.001548 -0.029935 0.001361
0.005833 0.030383 -0.011630
-0.003971 0.002315 -0.016024
0.005868 -0.012580 -0.000489
-0.014515 -0.019551 0.041183
-0.015205 0.019268 0.012998
-0.022983 0.013453 0.013052
0.000218 0.026742 -0.033822
-0.013508 0.024967 0.023312
0.017355 0.005974 0.017625
0.015449 -0.010274 -0.003301
0.003435 0.001999 0.001073
