# 参数名称：backbone.features.6.conv.4.weight
# 参数形状：(192,)
# 参数数据类型：float32
# 参数值（保留6位小数）：
0.987507
0.991800
0.987742
0.981802
0.981426
0.988458
0.992332
0.985464
0.989611
0.981291
0.987648
0.993360
0.992049
0.995741
0.979808
0.993773
0.992042
0.987304
0.987892
1.001746
0.991561
0.988472
0.991777
0.985489
1.003102
0.994658
0.986938
0.987026
0.983981
0.995250
0.984560
0.988582
0.979614
0.988463
0.987295
0.993970
0.982644
0.983352
0.992567
0.987823
0.978110
0.980277
0.984271
0.983388
0.986824
0.980651
0.983925
0.993348
0.987092
0.985013
0.983769
0.976997
0.996929
0.975022
1.003248
0.989804
0.988271
0.986576
0.985366
0.993353
0.992861
0.989207
1.002937
0.991215
1.000765
0.988941
1.003909
0.988832
0.993466
0.990686
1.000505
0.998413
0.986948
0.984340
0.977509
0.996493
0.983573
0.982922
0.994512
0.991244
0.994895
0.987063
0.997527
0.990357
0.986807
0.988405
0.995120
0.996874
0.983365
0.980953
0.998636
0.988862
0.978757
0.983984
0.984995
0.991229
0.980323
0.994202
0.990184
0.994872
0.992499
0.986178
1.000908
0.979396
0.995047
0.986824
0.984577
0.983434
0.988322
0.987198
0.995510
0.994624
0.984714
0.993339
0.985004
0.989685
0.984408
0.984738
0.987408
0.993576
0.996618
0.992297
0.973967
0.982908
0.989533
0.983731
0.994961
0.983111
0.987376
0.990584
0.989684
0.983322
0.983881
0.986075
0.997898
0.991526
0.997715
0.989248
0.974735
0.990366
0.998324
0.976857
0.990439
0.996098
1.000124
0.985268
0.993200
0.986776
1.004762
0.989216
1.008924
0.990506
0.989703
0.992368
0.986457
0.995700
0.990925
0.986771
0.983797
0.973696
0.991187
0.988519
1.003635
0.986521
0.991838
0.997211
0.995508
0.986897
0.986553
0.985651
0.984498
0.997966
0.994047
0.991888
0.982926
0.982508
0.995971
0.983991
0.984167
1.000256
0.997711
0.989222
0.991429
0.989260
0.981849
1.004047
0.979261
0.983715
0.990204
0.997076
0.986076
0.982836
