# 参数名称：backbone.features.2.conv.1.weight
# 参数形状：(96,)
# 参数数据类型：float32
# 参数值（保留6位小数）：
0.962277
0.982298
0.876534
0.986687
0.911261
0.916008
0.992455
0.994342
0.981043
1.001232
0.879171
0.993749
0.927740
0.990628
0.941486
0.926726
0.965924
0.993031
0.878830
0.887321
0.892122
0.995491
0.989601
0.994460
0.991745
0.900000
0.938940
0.999680
0.913221
0.992747
0.999888
0.907174
0.982830
0.877323
0.926936
0.995469
0.991341
0.933612
0.929954
0.995042
0.984512
0.989721
0.974807
0.992351
0.992994
0.984353
0.960921
0.902980
0.958593
0.883697
0.988192
0.929607
0.975756
0.985389
0.918359
0.896579
0.979810
0.989228
0.978239
0.916953
0.967561
0.997207
0.924538
0.987968
0.977661
0.908338
0.929928
0.881768
0.860244
0.911699
0.991430
0.984337
0.994807
0.996917
0.908476
1.001902
0.866273
0.987950
0.979652
0.990577
0.931808
0.992768
0.910235
0.967161
0.984949
0.985651
0.907846
0.985387
0.911944
0.857578
1.006703
0.985799
0.984276
0.916944
0.908649
1.000344
