# 参数名称：backbone.features.8.conv.7.weight
# 参数形状：(64,)
# 参数数据类型：float32
# 参数值（保留6位小数）：
0.992362
0.993683
0.986206
0.994910
0.990434
0.989570
0.996350
0.988578
0.982830
0.991416
0.986282
0.997455
0.986293
0.984274
0.987977
0.990333
0.999946
0.991443
0.992698
0.993510
0.997271
0.989909
0.994592
0.993649
0.994303
0.988992
0.998878
0.989446
0.995730
0.993904
0.988401
0.988108
0.984838
0.991906
0.989900
0.993526
0.987756
0.991222
0.996040
0.991981
0.991122
0.976757
0.996260
0.988634
0.988213
0.988092
0.995936
0.992762
0.992554
0.997621
0.982000
0.987180
0.987097
0.990290
0.991112
1.000942
0.994876
1.002198
0.991295
0.998040
0.989001
0.988398
0.990538
0.994127
