# 参数名称：backbone.features.5.conv.1.running_mean
# 参数形状：(192,)
# 参数数据类型：float32
# 参数值（保留6位小数）：
0.000069
0.000140
0.000267
-0.000036
0.000297
-0.000043
-0.000256
-0.000050
0.000350
-0.000114
0.000083
-0.000236
-0.000212
-0.000244
-0.000145
-0.000301
-0.000042
-0.000045
0.000213
0.000067
-0.000059
0.000150
0.000145
0.000206
-0.000112
-0.000114
-0.000054
0.000184
-0.000040
0.000206
0.000090
0.000104
-0.000146
0.000028
0.000061
-0.000024
-0.000088
-0.000335
-0.000236
-0.000214
-0.000005
-0.000064
-0.000248
0.000068
-0.000054
0.000063
-0.000093
0.000013
-0.000053
0.000190
-0.000081
-0.000120
0.000061
-0.000104
0.000391
0.000029
0.000020
0.000370
0.000309
-0.000126
0.000050
-0.000082
0.000015
-0.000026
-0.000096
0.000006
0.000074
-0.000142
-0.000139
-0.000020
-0.000158
-0.000084
0.000035
-0.000175
-0.000264
0.000258
-0.000082
0.000102
-0.000073
0.000223
-0.000041
0.000133
-0.000184
-0.000036
-0.000033
0.000253
0.000153
0.000014
-0.000025
0.000098
-0.000073
-0.000080
-0.000090
0.000083
-0.000086
0.000040
0.000020
0.000018
0.000082
0.000010
-0.000001
0.000156
-0.000049
0.000031
0.000198
-0.000158
-0.000187
-0.000189
0.000199
-0.000002
0.000379
0.000004
-0.000010
-0.000266
0.000229
-0.000066
-0.000056
-0.000070
0.000297
0.000083
-0.000160
0.000062
0.000251
0.000083
0.000085
0.000051
-0.000244
0.000212
0.000051
0.000017
0.000091
-0.000221
0.000244
0.000010
-0.000045
-0.000175
0.000453
0.000075
0.000118
0.000249
0.000114
0.000175
-0.000168
-0.000040
-0.000157
-0.000084
-0.000146
-0.000238
0.000170
0.000142
-0.000185
0.000016
-0.000055
0.000069
0.000041
0.000040
-0.000030
0.000162
0.000057
0.000090
0.000161
-0.000013
0.000074
-0.000034
-0.000015
0.000290
0.000044
0.000075
-0.000079
0.000195
-0.000102
-0.000006
-0.000020
-0.000168
0.000336
0.000372
0.000001
0.000068
0.000153
-0.000100
0.000048
-0.000112
0.000061
0.000214
0.000129
0.000070
0.000197
-0.000047
-0.000076
-0.000034
0.000044
0.000137
