# 参数名称：backbone.features.11.conv.7.running_mean
# 参数形状：(96,)
# 参数数据类型：float32
# 参数值（保留6位小数）：
-0.773500
0.608734
0.037954
0.494596
-0.450674
0.460506
-1.255695
-0.036014
-0.276888
-0.197630
-1.156094
-0.269992
1.697222
1.492314
-0.639121
-0.256947
-0.291814
-0.401430
-0.402939
1.603922
0.074205
-0.551657
-0.709248
-1.863809
-1.878974
-0.033724
-0.731456
-0.494333
-1.888081
-0.048782
1.311762
-0.464500
-0.232408
-0.316356
0.848444
0.051699
-0.160309
0.281532
-1.128630
-0.177760
-0.178631
0.529423
0.134361
-0.560250
0.351587
0.150270
-0.256937
0.722701
-0.641586
-0.124948
-0.550664
-0.174368
-1.076397
-0.630914
0.343259
-0.435652
0.029085
-0.405809
-0.492454
-0.223734
0.786906
-0.463913
1.027196
-0.587559
-0.909768
-0.068775
-1.285975
-0.644214
0.354262
-0.714304
-0.532016
-0.501117
-0.672807
0.270635
0.956374
0.532708
0.257382
0.358651
0.059662
-1.396917
-1.127456
2.284109
-0.344002
0.234464
-0.351311
1.185035
-0.241649
1.383462
-1.116453
-0.467200
-1.151067
1.930506
-0.441649
-0.121232
-1.356031
2.056526
