# 参数名称：backbone.features.13.conv.1.running_var
# 参数形状：(576,)
# 参数数据类型：float32
# 参数值（保留6位小数）：
0.822418
0.838019
0.901971
0.846018
0.573169
1.232923
0.393775
0.450368
1.090911
1.163199
0.417711
0.616734
0.412368
0.671651
0.873850
0.877193
0.643679
0.470036
0.530032
1.147327
0.544352
0.621099
0.480180
1.190605
0.551625
0.464901
0.794581
1.005240
0.488639
0.445180
0.806894
0.795696
0.479263
0.946535
0.411220
0.727686
0.603798
0.628433
0.405278
0.993604
0.463290
0.730700
0.586298
0.987973
0.929602
0.811928
0.628186
0.612583
0.573617
0.444899
0.439604
0.465848
0.586213
0.561746
0.585089
0.686943
0.460782
0.576006
1.030971
0.687689
1.393489
0.345614
0.629799
0.376600
1.435045
0.583190
1.413604
1.282897
0.755502
1.134294
0.502085
0.650029
0.555969
0.579989
0.397729
0.821716
1.493410
0.432972
1.266072
0.443013
0.892671
0.774221
0.713936
0.908560
0.411309
0.508052
0.361936
0.263613
0.481631
0.996742
0.807827
0.799294
1.566821
0.900650
0.725458
0.437280
0.591080
1.078535
0.882631
1.005445
1.070231
0.526430
0.493275
0.852299
0.475948
0.618679
0.319052
0.438175
0.487901
0.789677
0.522907
0.691967
0.874177
0.911890
0.636145
0.554011
0.588585
1.058424
1.068443
1.225643
1.012453
1.015808
0.860229
0.383491
1.062915
0.674940
0.921715
0.548761
1.004032
0.910136
1.135012
0.638864
0.584003
0.371136
0.679764
1.316065
0.603593
0.552855
0.788075
0.555033
0.750355
0.646250
0.394810
0.466892
0.543571
0.797569
0.958859
0.918521
0.778609
0.712994
0.837428
0.401400
0.668670
1.192867
1.667516
0.727407
1.273008
0.680908
1.049946
0.513475
0.649093
0.464713
0.490201
0.637903
0.668519
0.436320
0.436950
0.426354
0.790136
0.349365
0.534096
0.556359
0.564956
0.396409
0.830143
0.404540
0.489065
0.392970
0.584742
0.607342
0.973694
0.379728
0.737587
1.182828
0.750918
0.991964
0.591787
0.546081
0.856993
0.598554
0.731469
0.860982
0.582428
0.489094
0.418615
1.079091
0.732523
0.584595
0.756784
0.469060
0.662647
0.915657
0.716257
0.644170
0.435673
0.739011
0.577286
0.728952
0.496547
1.367665
0.669970
0.588622
0.466511
0.443208
0.624326
0.543442
0.619907
0.500371
1.737578
0.651527
1.189671
0.421153
0.521572
0.652353
0.667668
0.577155
0.835726
1.121412
0.418964
0.435369
0.602533
1.153067
0.617536
0.438347
0.479453
0.405051
0.797196
0.623862
0.623819
0.538907
1.769215
0.969022
0.971082
0.339198
0.553055
0.419827
0.542154
0.512399
0.710708
0.998802
0.777263
1.098863
0.813869
0.787815
0.912248
0.400117
0.734618
0.643593
0.665474
0.560743
0.333384
0.620564
0.890044
0.517705
0.613218
0.832371
0.906389
0.525287
1.128938
0.595094
0.987102
0.709940
0.629872
0.404598
0.951673
0.893918
0.574455
0.765558
0.434146
0.600619
0.718900
0.392773
0.693813
0.893597
0.609399
0.866672
0.354024
0.670880
0.761390
0.564464
0.785838
0.528227
0.968586
0.794188
0.488408
0.476127
0.473495
0.576597
0.509140
0.310617
0.753109
0.394513
0.539114
0.687395
0.648633
0.445728
1.674406
0.480640
0.882627
0.966969
0.374353
0.436614
0.652291
0.557053
1.034317
0.703548
0.652844
0.522996
0.511529
0.731409
0.753224
0.461488
0.730067
1.432986
1.168508
0.358924
0.490921
0.629206
0.566117
0.845138
0.346956
0.666404
0.417884
0.387024
0.728204
1.199488
0.724769
0.668830
0.933381
0.542036
0.503861
0.544138
0.634875
0.497257
0.478928
0.835664
0.605772
0.985867
0.695595
0.568107
0.754237
1.616021
0.771829
0.564222
1.583594
0.562309
0.411754
1.191989
0.538122
0.614754
0.983425
0.675391
0.485710
0.523247
0.741961
0.595219
1.470089
0.558654
1.190880
0.773591
0.447300
1.578802
0.438059
0.669781
0.516435
0.505983
0.525930
0.707537
0.756432
0.384577
0.391418
1.007388
0.489707
0.872291
0.600638
0.408183
0.577711
0.456972
0.933378
0.738779
0.529023
0.604391
0.367803
1.029033
1.151124
0.616803
0.383752
0.531321
0.459406
1.312886
0.813654
0.589469
0.785793
0.608456
0.696270
1.096849
0.862263
0.781823
0.605052
0.775438
0.489076
0.867706
0.388065
0.566682
0.538650
0.854424
0.778790
0.510319
0.666183
0.671880
0.435163
0.569664
0.755487
1.037829
0.569873
0.646389
0.420103
0.949659
0.605988
0.855053
0.587683
0.600602
0.551597
0.372460
0.792661
1.022233
0.543686
0.732030
0.486028
0.434052
0.798010
0.432941
0.778015
0.526756
0.797902
0.561397
0.426212
0.445661
0.918422
0.392514
0.592473
1.020499
0.409465
1.025985
0.829274
0.579616
0.450816
0.441441
0.464706
1.563911
0.856067
0.885712
0.529104
0.524655
0.621552
0.669830
0.664420
1.535296
0.589586
0.602839
0.466841
0.396340
0.735595
0.483144
0.785669
0.423514
0.478808
0.566604
0.531204
0.558629
0.476140
0.488942
0.590411
0.784724
0.668251
0.491057
0.350277
0.617007
0.523786
0.924953
0.493861
0.746293
0.472290
1.194324
0.883278
0.367779
1.349239
0.528166
0.506100
0.520957
0.556152
0.467987
1.085206
0.759153
0.431076
0.464243
1.481404
0.508691
0.840316
0.735745
0.464803
0.556545
0.546298
1.051455
0.602759
0.538050
0.586389
0.269411
0.982352
0.567391
0.873765
0.727663
1.181897
0.776075
0.880385
0.491148
1.369472
0.449226
0.981165
0.580652
0.365914
0.512874
0.950118
0.460097
0.842709
1.433507
0.733062
0.591256
0.711964
0.577415
1.048184
0.831559
0.647773
0.507231
0.763225
0.668287
0.663184
0.934460
0.632435
0.376439
0.656717
0.610018
1.329861
0.698222
0.491837
1.086817
0.716445
1.106217
0.744736
0.282460
1.169803
0.345089
0.732211
0.487072
1.124759
0.646545
0.445186
0.492979
1.004548
0.321571
0.955520
0.476651
0.524666
0.685628
0.514709
1.234702
