# 参数名称：backbone.features.3.conv.1.running_var
# 参数形状：(144,)
# 参数数据类型：float32
# 参数值（保留6位小数）：
0.139178
0.155973
0.469711
0.166037
0.397036
0.348182
0.317966
0.558180
0.115742
0.391837
0.140953
0.337473
0.207904
0.153031
0.211477
0.211077
0.479375
0.688773
0.223111
0.382210
0.382514
0.149976
0.179758
0.748003
0.295025
0.276118
0.391514
0.256909
0.141113
0.325339
0.228744
0.645332
0.324508
0.215050
0.273321
0.209157
0.281463
0.252512
0.299708
0.230388
0.415472
0.323034
0.429533
0.330163
0.545572
0.688510
0.257339
0.601203
0.198502
0.468909
0.305993
0.507747
0.163033
0.328576
0.707338
0.217724
0.554618
0.229585
0.273718
0.198396
0.295332
0.348760
0.265208
0.487227
0.210175
0.518887
0.238457
0.170052
0.176775
0.232673
0.251008
0.241547
0.492005
0.160053
0.519472
0.412586
0.401251
0.386665
0.433826
0.594360
0.175740
0.235294
0.186003
0.677655
0.197294
0.395802
0.521448
0.152597
0.205911
0.534250
0.181598
0.720530
0.221410
0.379553
0.154580
0.257292
0.247893
0.467920
0.475384
0.270927
0.351333
0.396231
0.387230
0.320692
0.427120
0.242326
0.297465
0.136915
0.238758
0.274369
0.159946
0.339598
0.238283
0.588936
0.436017
0.194461
0.319859
0.231529
0.393177
0.192973
0.263284
0.354722
0.308038
0.152149
0.510383
0.111686
0.381773
0.188521
0.158438
0.301143
0.358400
0.362602
0.288142
0.184461
0.447607
0.200075
0.451170
0.361215
0.235164
0.262979
0.324030
0.628076
0.125595
0.194783
