# 参数名称：backbone.features.13.conv.4.weight
# 参数形状：(576,)
# 参数数据类型：float32
# 参数值（保留6位小数）：
0.949755
0.946442
0.964927
0.949093
0.933476
0.940441
0.948726
0.938758
0.952111
0.963667
0.965181
0.967455
0.948935
0.953640
0.938160
0.945240
0.959071
0.940322
0.972457
0.954501
0.946099
0.958741
0.935460
0.959475
0.949662
0.940831
0.969418
0.950641
0.945600
0.950782
0.948168
0.958384
0.958689
0.946253
0.931232
0.949044
0.967698
0.939470
0.955350
0.949963
0.927565
0.930168
0.925202
0.942284
0.969711
0.962238
0.927646
0.923278
0.934484
0.940212
0.923710
0.929502
0.957253
0.951844
0.945129
0.957518
0.933088
0.952809
0.968094
0.958672
0.964083
0.946341
0.948082
0.920873
0.934983
0.956342
0.959214
0.953253
0.937776
0.947724
0.929839
0.966890
0.938267
0.916842
0.917449
0.944840
0.972889
0.929334
0.967842
0.951750
0.932334
0.948231
0.941902
0.933161
0.939689
0.954578
0.960208
0.959533
0.947151
0.950231
0.936353
0.956356
0.958450
0.968931
0.954342
0.946373
0.941803
0.950161
0.946663
0.893499
0.962485
0.945595
0.940823
0.964570
0.946905
0.916195
0.962755
0.917874
0.940025
0.972457
0.964571
0.931939
0.947210
0.965564
0.950542
0.945641
0.958060
0.961366
0.954755
0.946182
0.964524
0.936783
0.966953
0.927554
0.938544
0.950488
0.936951
0.940747
0.939643
0.960892
0.940450
0.945866
0.941368
0.949832
0.956299
0.960333
0.923858
0.957182
0.917002
0.942427
0.962065
0.953914
0.948958
0.962295
0.955628
0.934620
0.952611
0.922665
0.940167
0.961855
0.948172
0.939619
0.949069
0.969941
0.945194
0.959005
0.943377
0.930823
0.935261
0.953285
0.923682
0.946733
0.932396
0.962634
0.927313
0.922014
0.946488
0.958475
0.924033
0.943304
0.944543
0.940115
0.956111
0.948124
0.950609
0.961374
0.961554
0.944272
0.967838
0.945122
0.958431
0.940679
0.922155
0.962975
0.949751
0.949723
0.962790
0.937860
0.936469
0.959650
0.954881
0.932626
0.936456
0.952227
0.939703
0.974926
0.935104
0.935223
0.963805
0.923456
0.949931
0.938409
0.960345
0.957067
0.967512
0.942500
0.957161
0.961245
0.952359
0.946475
0.960001
0.935239
0.918439
0.950352
0.944530
0.924607
0.933328
0.938204
0.932045
0.945600
0.971189
0.954651
0.943122
0.945604
0.928660
0.935912
0.965413
0.968434
0.936650
0.944506
0.964075
0.948593
0.940190
0.939337
0.944905
0.946709
0.941547
0.946794
0.938296
0.973457
0.923634
0.970285
0.940645
0.938922
0.930459
0.927084
0.953557
0.942113
0.952024
0.956583
0.960096
0.961487
0.950962
0.947274
0.931483
0.955538
0.955654
0.941167
0.920657
0.967404
0.932613
0.967231
0.951776
0.925796
0.946938
0.934341
0.972409
0.967573
0.971502
0.969640
0.945302
0.927378
0.952714
0.937016
0.928899
0.944927
0.947753
0.970524
0.965578
0.962328
0.970373
0.950107
0.958528
0.948372
0.930832
0.953209
0.960739
0.950355
0.960809
0.940312
0.930253
0.932096
0.961554
0.945113
0.961582
0.942821
0.948789
0.937258
0.928676
0.946244
0.954986
0.938598
0.949522
0.952676
0.925847
0.958244
0.959038
0.940283
0.970453
0.973746
0.943495
0.971290
0.944892
0.967245
0.967381
0.957435
0.962544
0.965083
0.947673
0.970384
0.955793
0.953035
0.928580
0.969955
0.962642
0.920630
0.944323
0.966034
0.977549
0.956637
0.941085
0.953200
0.939782
0.948776
0.930551
0.938465
0.970234
0.964099
0.957731
0.927252
0.960093
0.928587
0.955812
0.916137
0.924387
0.941261
0.945738
0.932052
0.954650
0.951076
0.930042
0.933168
0.967912
0.951557
0.942837
0.927499
0.927953
0.945282
0.963177
0.949283
0.964540
0.953387
0.945785
0.951586
0.944374
0.942876
0.943765
0.947213
0.942668
0.959410
0.946434
0.940180
0.940619
0.960441
0.965612
0.963206
0.961341
0.957351
0.931768
0.932136
0.942302
0.959527
0.949931
0.963382
0.948662
0.961093
0.950564
0.951797
0.964545
0.951916
0.931535
0.962553
0.934373
0.955074
0.951196
0.936440
0.933336
0.923140
0.933014
0.946483
0.947707
0.960452
0.959732
0.929183
0.955983
0.950853
0.981271
0.962639
0.957217
0.952628
0.937845
0.965471
0.961670
0.965791
0.935141
0.919961
0.950738
0.916031
0.959415
0.931486
0.936213
0.946529
0.947157
0.932012
0.956999
0.960186
0.929201
0.959215
0.955378
0.936841
0.924652
0.932062
0.946030
0.929631
0.935773
0.927651
0.931807
0.947891
0.955250
0.935976
0.942271
0.938737
0.940363
0.952169
0.942248
0.936955
0.966284
0.943478
0.932218
0.932994
0.949944
0.972225
0.947812
0.954961
0.962937
0.958831
0.918818
0.937862
0.954748
0.919898
0.958436
0.939228
0.917516
0.945233
0.946304
0.954091
0.937159
0.960960
0.929550
0.952135
0.961098
0.938018
0.965170
0.957336
0.965871
0.957091
0.914809
0.956685
0.926046
0.947843
0.960379
0.965468
0.950856
0.960916
0.941023
0.937244
0.941594
0.957145
0.939780
0.974074
0.949354
0.920876
0.916291
0.973837
0.943032
0.950971
0.936319
0.951072
0.960266
0.929001
0.938375
0.956377
0.934363
0.960867
0.951595
0.948235
0.953451
0.950998
0.939236
0.947583
0.918646
0.946482
0.964223
0.957655
0.958756
0.925652
0.965381
0.927510
0.942733
0.956108
0.942606
0.949891
0.931177
0.936644
0.942993
0.936470
0.934408
0.936161
0.943121
0.957835
0.962576
0.958403
0.915771
0.936427
0.942199
0.937752
0.962242
0.943153
0.959626
0.947220
0.967710
0.951351
0.948012
0.929715
0.962413
0.946794
0.924476
0.941529
0.970478
0.937358
0.930813
0.954281
0.944380
0.958314
0.966390
0.970287
0.957352
0.967101
0.935151
0.948100
0.957006
0.955909
0.923385
0.949686
0.932479
0.925165
0.929711
0.944578
0.945018
0.928018
0.957027
0.938113
0.948606
0.949890
0.943965
0.968338
