# 参数名称：backbone.features.5.conv.1.weight
# 参数形状：(192,)
# 参数数据类型：float32
# 参数值（保留6位小数）：
0.874120
0.860592
0.978812
0.948868
0.986578
0.899102
0.861238
0.931026
0.952585
0.940989
0.884177
0.859001
0.945109
0.886498
0.946921
0.880499
0.954770
0.963165
0.862486
0.936839
0.868050
0.957810
0.957269
0.953579
0.914548
0.929040
0.880008
0.860955
0.861816
0.862319
0.958154
0.875666
0.858071
0.962559
0.972113
0.889052
0.905243
0.860840
0.860443
0.866312
0.954089
0.928830
0.868026
0.936028
0.928656
0.892047
0.929404
0.861926
0.973580
0.863542
0.963240
0.929137
0.964491
0.949259
0.969627
0.860796
0.911023
0.931781
0.961545
0.972515
0.965734
0.876845
0.861301
0.921979
0.859529
0.936178
0.946682
0.870520
0.888898
0.905294
0.860511
0.869679
0.946926
0.896915
0.878157
0.857835
0.963064
0.968953
0.951185
0.896553
0.864138
0.961343
0.886299
0.864963
0.954076
0.926642
0.889202
0.859838
0.944648
0.959870
0.963669
0.859085
0.978308
0.874401
0.893466
0.972387
0.944898
0.946726
0.924696
0.969803
0.955294
0.902644
0.948520
0.938520
0.921962
0.975349
0.863822
0.904872
0.965804
0.859896
0.948128
0.947138
0.971307
0.963094
0.965654
0.969419
0.906020
0.944675
0.927487
0.977823
0.941969
0.944055
0.969967
0.936143
0.967827
0.939769
0.960086
0.969179
0.872586
0.868728
0.950175
0.968846
0.971100
0.936558
0.869927
0.933902
0.863235
0.862322
0.862260
0.960411
0.968423
0.964666
0.942203
0.973575
0.868564
0.898953
0.944211
0.967374
0.947921
0.950490
0.933734
0.870269
0.897242
0.983050
0.899002
0.964698
0.881904
0.968321
0.981935
0.934394
0.960734
0.881314
0.961598
0.891053
0.881825
0.860931
0.885601
0.912368
0.961713
0.962805
0.941047
0.963206
0.857532
0.971610
0.923684
0.861186
0.868361
0.923400
0.924035
0.882660
0.972265
0.864280
0.859588
0.950407
0.883280
0.964105
0.863142
0.952303
0.877311
0.917366
0.872235
0.926221
