# 参数名称：backbone.features.15.conv.4.running_mean
# 参数形状：(960,)
# 参数数据类型：float32
# 参数值（保留6位小数）：
0.003811
0.010649
-0.002183
-0.019382
-0.006684
0.008165
-0.007849
0.001927
0.007534
0.010467
-0.018647
-0.013708
-0.002935
0.007379
-0.015677
0.007033
0.004296
0.003971
-0.010468
-0.003155
-0.010223
-0.015838
-0.007269
0.007201
-0.024347
0.015255
0.003023
-0.002299
-0.003593
0.005227
-0.015200
-0.017565
0.001790
-0.002423
-0.012076
0.013017
-0.020414
0.033546
-0.035391
0.002960
0.001898
-0.003052
-0.020010
0.003182
-0.013639
0.015494
0.005785
-0.019529
0.004566
0.011939
0.012393
0.009484
0.003811
0.012326
0.013710
-0.021315
0.011901
-0.024117
0.005375
0.019242
0.015326
0.018413
0.007036
0.026221
0.002991
0.002667
0.016176
0.008240
0.016575
-0.029600
-0.003363
-0.001256
0.016615
0.007382
0.012539
-0.000316
-0.030803
-0.007950
0.014498
-0.003610
-0.023548
0.011078
0.018473
0.003630
0.010450
0.019907
-0.002220
-0.005899
-0.005501
-0.024689
-0.011839
-0.014305
0.002390
0.008314
0.006620
0.013648
-0.006260
-0.013453
0.017207
-0.002141
-0.006140
-0.016894
-0.013351
-0.000286
0.009140
-0.011853
-0.002804
-0.006399
-0.022022
0.017675
-0.003608
-0.010021
-0.007008
-0.023471
-0.017680
0.000964
0.000932
0.006397
0.011761
0.003513
0.010516
-0.005244
-0.024537
0.003351
0.012228
-0.001990
0.022030
0.009359
0.000631
-0.007756
0.031986
-0.019721
-0.014854
-0.000198
0.007589
0.022658
-0.017902
-0.011442
-0.017546
0.000593
-0.013269
0.001679
-0.000509
0.004366
-0.012278
0.020813
-0.000804
0.011334
0.012280
0.010178
-0.017372
0.018194
0.039323
-0.004981
-0.021053
0.004994
0.016502
0.006537
-0.005516
0.004902
0.016077
-0.001654
-0.016764
-0.024323
0.001554
0.001469
-0.007865
-0.011353
-0.000557
-0.017561
0.005725
-0.018776
0.008939
0.022537
0.005058
0.008143
0.006520
-0.007124
0.012686
-0.003701
0.006402
-0.001766
0.025738
-0.000212
-0.025539
0.008321
-0.000991
0.003453
0.006581
-0.008072
0.009449
-0.007418
0.016089
0.009900
-0.013939
0.023999
-0.009224
-0.006594
0.031388
0.013580
0.003422
0.003331
-0.008080
-0.023725
-0.012405
0.018241
0.018615
0.010247
0.007739
0.024563
0.013217
0.005516
-0.011230
0.003296
0.002718
0.009420
-0.004885
-0.015223
0.006434
0.015258
0.009999
0.003747
0.022989
0.013141
-0.010690
0.024729
-0.000628
-0.001497
-0.005134
0.013035
0.021754
0.013326
-0.004620
-0.011287
0.026609
-0.006455
0.015287
0.011221
-0.011282
-0.010594
0.000867
-0.004410
-0.003904
0.000864
0.017152
-0.004897
-0.006811
0.001758
-0.011633
-0.007733
-0.006265
-0.001802
-0.002418
-0.001933
-0.008906
0.006658
-0.021225
-0.018842
-0.020742
-0.006039
0.007116
0.003326
0.016145
-0.011640
-0.020267
0.008492
-0.011652
-0.002736
-0.007303
-0.015456
-0.018878
-0.003377
-0.003611
0.022157
0.004426
-0.003963
0.020803
0.026998
0.033463
0.000142
-0.005173
-0.020704
0.006297
0.022385
0.006745
-0.013270
0.011235
0.004975
-0.008973
-0.004167
-0.003017
0.022894
-0.006854
0.018748
0.021653
0.005201
-0.005721
-0.012098
0.006064
-0.000526
0.019949
-0.010425
0.017300
0.024260
0.019831
-0.003489
-0.005432
0.010078
0.000007
-0.002004
0.009826
-0.011486
-0.007799
0.006375
0.020925
-0.017137
0.001944
-0.006965
0.007620
-0.020641
-0.004594
0.012168
-0.029941
0.002151
0.005053
0.000020
0.000381
-0.014630
-0.006558
0.001126
0.007501
-0.006500
0.009832
0.001717
-0.014958
0.014960
0.009217
-0.005411
-0.001151
-0.019936
0.024146
0.008993
-0.006435
0.001690
0.002465
0.004637
0.011221
0.012255
-0.022025
0.015148
0.000062
0.011532
-0.007491
0.001741
-0.003397
-0.032068
0.017431
-0.019099
0.023108
-0.017041
-0.044928
-0.005666
-0.020922
-0.015658
-0.024747
0.011715
0.014338
0.009521
0.001758
0.006656
-0.007107
0.012101
-0.011009
0.003103
0.005256
0.011947
0.011382
0.005332
-0.008063
-0.026027
0.012495
-0.003171
0.001401
-0.006225
-0.028076
0.009916
0.001620
0.019186
0.004650
0.011873
0.001966
0.018328
0.008370
-0.018803
-0.001983
0.006420
-0.003737
0.018136
0.005880
-0.002348
0.009237
0.010457
-0.001309
0.004286
0.008691
0.022022
-0.002436
-0.003703
0.000529
0.013442
-0.004297
-0.027095
0.002091
0.000592
-0.021149
-0.010921
-0.020986
-0.020866
0.003367
-0.002239
0.014711
0.004833
-0.006031
-0.013485
0.013792
0.000579
0.008236
-0.015710
-0.006822
0.000907
-0.000182
0.001717
-0.003079
0.003008
-0.001804
-0.000846
0.026682
0.009031
-0.013367
0.001452
-0.005271
0.001128
0.011992
0.019372
0.013145
0.027885
0.005956
0.002549
-0.004024
0.022184
-0.002668
-0.001271
0.005118
0.033739
0.010943
0.012553
0.006886
-0.007492
0.015897
0.025704
0.011928
-0.003481
0.017198
0.014554
-0.004385
-0.009385
0.009460
-0.002148
0.005514
-0.016160
0.016741
-0.012942
0.008812
-0.012219
0.003197
-0.026427
-0.008345
0.019827
0.020407
-0.000355
0.027163
-0.008245
-0.019293
-0.019749
0.001390
0.003289
-0.003044
-0.036321
0.028568
-0.017521
-0.003988
0.006497
-0.026965
-0.019886
-0.008533
0.006572
-0.008505
-0.020072
0.012976
0.004487
-0.032152
-0.015120
0.011343
0.018834
-0.012906
0.003714
-0.002694
-0.015663
0.014633
-0.010053
0.014756
-0.006987
-0.008377
0.017597
-0.020747
0.007143
-0.007455
0.009292
-0.003570
0.000164
0.005120
-0.014281
-0.004797
0.000336
0.009022
-0.023190
-0.004816
0.002582
-0.005642
-0.001219
-0.017910
-0.004693
-0.005384
0.011699
0.014180
0.015020
-0.013477
0.026561
-0.019480
-0.027621
0.003674
0.022333
-0.006148
0.010409
-0.014067
0.013314
-0.000708
-0.019125
0.005891
0.013658
-0.003649
0.012133
0.006794
-0.003492
0.001960
0.019283
-0.003918
-0.018098
-0.017145
0.002906
0.006920
0.000200
-0.003585
0.011147
0.001080
-0.013397
-0.014272
0.014028
0.018256
-0.003238
-0.030048
0.000442
0.010487
0.009564
-0.012927
0.005301
0.001829
-0.016320
-0.005665
0.007009
0.010999
0.010798
-0.018380
0.005054
0.031244
-0.008317
0.030280
-0.007754
0.013208
0.016303
-0.026468
0.010297
0.010778
-0.007887
0.003745
0.004236
0.000780
0.006205
-0.027042
0.019930
-0.018443
0.025129
-0.021781
-0.001658
-0.005031
-0.013345
0.009511
0.017452
0.025030
0.022542
-0.011782
-0.000114
0.005322
0.015542
0.009832
-0.016473
0.004242
-0.019100
0.041335
0.019676
-0.001467
0.008135
-0.014050
-0.015049
-0.002548
0.010239
0.011161
0.001761
0.000944
-0.006491
0.008672
-0.008532
0.001099
0.004507
-0.007119
-0.024387
-0.033507
0.012479
0.007755
0.004672
0.015689
0.010420
0.018178
-0.003211
-0.012096
-0.002895
0.022794
-0.013029
0.010269
-0.026407
-0.024839
-0.004412
0.003299
-0.018162
-0.013206
0.007204
0.028520
0.012164
-0.009476
0.021211
0.003236
-0.004375
-0.012386
0.011688
0.007332
-0.003724
0.035439
-0.002518
-0.000977
-0.019138
0.014498
0.000685
0.008091
-0.014074
0.000910
-0.007608
-0.013432
-0.010507
0.026503
-0.001406
0.015646
0.002670
0.013537
-0.003580
0.009421
-0.014232
0.023702
-0.002292
-0.020176
-0.008597
0.013190
0.008612
0.014855
-0.002848
-0.014232
0.011814
0.007541
-0.000120
0.004949
-0.005728
0.032131
-0.023610
-0.006306
-0.006297
-0.006119
0.005721
-0.007193
0.008437
0.019483
0.004597
-0.012239
0.007801
-0.029385
0.018524
0.002906
-0.007059
-0.018642
-0.010475
-0.000094
-0.033527
-0.005276
-0.002604
-0.006380
-0.002589
-0.018074
-0.006112
0.005383
0.025767
-0.002287
0.012513
-0.003046
0.003455
0.006309
0.026142
-0.005314
-0.025428
-0.004163
-0.007382
0.018325
-0.005379
-0.019824
0.006957
0.007238
-0.007144
-0.000526
-0.019374
0.007824
-0.001947
0.004095
0.012393
-0.003669
0.010696
0.019445
0.001514
-0.014561
-0.022552
-0.010830
0.023735
0.006690
-0.011067
0.008215
0.006120
0.031830
-0.019906
-0.008776
0.000978
-0.000808
0.011414
-0.007291
-0.011999
0.010517
0.005634
-0.010015
0.003254
0.002397
-0.008403
0.006195
-0.002272
-0.005881
0.019561
-0.006365
-0.001272
0.004237
0.013218
-0.004580
0.010163
-0.037848
-0.003997
-0.004152
-0.016783
0.022047
0.005469
-0.004959
0.006737
0.006451
-0.005896
-0.001010
-0.027277
0.012977
0.007357
0.017023
0.010187
-0.000005
-0.001913
0.005157
-0.005254
0.001933
-0.002325
0.017197
-0.005102
-0.000309
-0.007405
0.003997
0.009276
0.008597
-0.007420
-0.027547
0.008073
0.001347
0.016402
-0.004824
-0.004563
0.002462
0.009578
0.000878
-0.008111
-0.006405
0.002270
0.015977
0.014974
-0.007206
-0.001978
0.004627
-0.008929
0.001818
0.010393
-0.010071
0.004967
-0.008126
-0.001214
0.001040
0.020667
0.003051
-0.006697
0.012650
0.019695
0.001230
0.016121
-0.024593
-0.006868
0.006766
0.010377
0.003427
-0.001618
0.004000
0.011375
0.012001
-0.000682
-0.012748
0.011016
-0.015173
-0.014084
0.008796
0.000744
-0.012071
0.004469
-0.030161
0.007012
0.010581
-0.006057
0.010464
0.010766
0.000722
-0.008976
0.009360
0.005941
-0.017742
-0.006278
0.011430
0.002070
0.007584
-0.004482
-0.004935
-0.014457
0.004593
0.000572
0.000317
0.006146
-0.017971
-0.002871
0.006606
-0.003646
0.040957
0.003655
-0.010678
0.021530
0.022332
0.003329
-0.026054
-0.015146
-0.011134
0.002150
-0.010609
-0.013913
-0.017813
0.003499
0.002211
-0.006191
-0.017458
0.006774
0.002517
0.026103
-0.002616
-0.007902
0.009385
-0.000974
-0.021875
0.016182
-0.000168
-0.001053
-0.020808
-0.016066
-0.009289
-0.009178
-0.007827
0.003849
0.015235
0.005377
-0.013712
0.016540
0.010640
-0.032979
-0.001620
0.013599
-0.016342
0.010078
-0.001490
0.014289
0.034243
0.020538
-0.029199
0.016979
-0.024405
-0.011906
-0.020289
0.008852
-0.002430
0.015564
-0.009908
0.007740
0.007292
0.020617
0.011376
-0.009804
-0.001140
0.021116
-0.000787
-0.000716
-0.006862
0.003408
