# 参数名称：backbone.features.2.conv.1.running_var
# 参数形状：(96,)
# 参数数据类型：float32
# 参数值（保留6位小数）：
0.130597
0.369293
0.961791
0.147878
0.352010
0.158758
0.175018
0.226463
0.201506
0.379523
0.537146
0.091227
0.046998
0.570489
0.517655
0.595108
0.348563
0.122636
0.462956
0.182003
0.632796
0.240844
0.326078
0.438556
0.313438
0.424760
0.233172
0.308363
0.272206
0.197670
0.338644
0.185666
0.147270
0.096248
0.413728
0.366055
0.547870
0.191664
0.285124
0.321634
0.168635
0.050516
0.163902
0.268524
0.128508
0.407065
0.093244
0.313871
0.085111
0.289555
0.129398
0.328439
0.300931
0.165520
0.614699
0.171605
0.112147
0.235806
0.409154
0.114572
0.030607
0.339877
0.788679
0.340690
0.134748
0.354220
0.243834
0.387565
0.132555
0.604585
0.352210
0.490591
0.232979
0.105349
0.268541
0.094480
0.778192
0.306766
0.146826
0.307994
0.208306
0.128447
0.452915
0.193404
0.162990
0.171723
0.376616
0.064015
0.528208
1.066123
0.170467
0.782918
0.147709
0.393219
0.227949
0.305024
