# 参数名称：backbone.features.5.conv.0.weight
# 参数形状：(192, 32, 1, 1)
# 参数数据类型：float32
# 参数值（保留6位小数）：
-0.059700
-0.064736
0.054411
0.036822
0.015672
-0.104482
-0.033058
0.092711
-0.034727
-0.195631
0.092668
0.045694
0.084635
0.131886
-0.135700
-0.063492
0.029127
-0.113927
0.100791
-0.169389
0.211006
-0.064527
0.065335
0.052121
-0.082845
-0.004960
0.237266
-0.152491
-0.045151
0.016729
-0.000036
0.163654
0.061405
0.127505
0.060774
0.026741
0.086949
0.064207
0.075317
0.257588
0.118062
-0.064971
-0.012077
-0.019083
0.006992
0.018629
-0.026378
0.048553
0.025078
0.010807
-0.020908
0.043879
0.118587
0.057034
0.067805
0.170844
0.020698
0.033699
0.103738
0.070849
0.234060
-0.175732
-0.199717
-0.129400
-0.022109
0.150924
0.316331
0.092456
0.058270
0.035578
-0.207914
-0.089800
0.019127
0.014918
0.087888
-0.095317
-0.002450
-0.110647
-0.001044
-0.329535
0.249007
0.066272
-0.013192
0.031925
-0.111561
0.008150
0.077117
0.020538
-0.000319
0.055703
-0.061520
0.041249
0.028986
-0.047751
0.003361
0.070630
-0.001591
0.128727
0.083304
-0.264915
0.065452
-0.148265
-0.048758
0.059244
-0.079336
-0.076297
0.102273
-0.093064
-0.166556
0.023259
-0.160724
0.084669
-0.005575
-0.086179
-0.005408
0.172379
0.000407
-0.109691
0.080572
-0.153466
-0.173246
-0.029109
-0.184248
0.010057
-0.149895
0.091268
0.045090
0.069649
0.064191
-0.003004
0.055457
-0.100983
0.104194
-0.029943
-0.002118
0.043421
0.079474
0.050089
0.001346
0.078505
0.071195
-0.136060
-0.060088
0.062482
-0.108290
0.029509
-0.087191
-0.002065
-0.053375
0.087362
0.072060
0.024578
0.072054
0.138537
-0.031078
-0.047997
0.004088
0.059465
-0.086920
-0.108193
0.038634
-0.229624
-0.018962
-0.179367
0.078916
0.110187
0.047686
-0.132963
-0.020381
-0.004884
-0.100570
0.117908
-0.145109
-0.015348
0.032514
0.066121
-0.014998
-0.175716
-0.085682
-0.029191
-0.061874
-0.041972
-0.130751
-0.113670
-0.005360
0.006946
0.119877
0.050881
-0.013284
-0.015688
-0.096529
0.118687
0.093321
-0.068727
-0.124313
-0.048058
-0.016190
0.058231
0.083317
-0.279149
-0.012378
0.010446
-0.029483
-0.065422
-0.123302
-0.019564
-0.028912
-0.076932
-0.011662
0.086878
0.157104
-0.137540
0.012372
0.124657
0.098351
0.042032
-0.057600
-0.100352
-0.137684
0.076768
0.131582
0.136025
-0.227707
-0.022511
-0.054731
0.113654
0.013953
-0.132169
-0.221725
0.143122
0.032705
0.042987
-0.072343
0.033640
-0.010135
-0.009688
-0.060282
-0.125859
-0.149530
0.004232
-0.057450
0.035289
0.158994
0.032107
0.014777
-0.054844
-0.030449
-0.080357
0.027558
0.049835
-0.040320
-0.086390
0.140840
0.041566
-0.071675
-0.059271
-0.122372
0.024892
0.001683
-0.148154
-0.193716
-0.036294
0.053079
0.028310
-0.198736
0.002166
0.018473
0.135079
0.057690
-0.081689
0.043121
0.024125
0.018329
0.297445
-0.107230
0.129482
-0.230452
0.065826
0.103683
0.140198
0.030840
0.009565
0.134701
-0.058713
-0.094499
0.056908
-0.139079
0.030831
-0.066869
-0.061789
0.001970
-0.053837
-0.019850
0.040245
-0.157679
-0.051345
0.075186
-0.150688
-0.086286
0.097683
0.030104
0.047071
-0.067849
-0.256213
-0.112688
0.061509
0.029800
-0.001875
0.051519
0.112240
-0.105499
-0.069935
-0.186447
-0.110038
-0.025590
-0.056595
-0.262341
0.000507
0.060379
-0.000595
-0.033458
-0.116688
-0.029306
-0.080020
0.048044
-0.047648
-0.002201
-0.039689
-0.004842
0.039480
-0.089749
-0.169409
-0.019153
-0.041491
0.109015
-0.133411
0.217826
0.003154
0.069789
-0.068293
-0.039881
-0.055034
-0.047105
-0.054387
0.202811
0.072112
-0.040000
0.066040
-0.018682
0.104823
-0.018427
0.079050
-0.085166
-0.109158
0.140229
-0.144682
0.043667
-0.058813
0.101837
-0.143495
-0.023900
-0.112084
-0.012260
-0.031364
-0.032895
-0.096247
-0.260118
-0.106633
0.123591
-0.084363
0.062794
0.093450
0.118481
0.143533
0.078200
0.101890
0.007778
-0.128989
0.068410
0.071655
0.027237
-0.025351
-0.027381
-0.024203
-0.110314
0.179913
-0.113453
0.011364
-0.170992
-0.075042
-0.070995
-0.030190
-0.034466
0.029364
-0.021315
0.281764
-0.081774
0.161682
-0.070417
-0.175824
0.044838
-0.108031
0.126624
-0.201892
0.023723
-0.090640
-0.212723
0.024609
0.187168
-0.070359
-0.152690
0.183174
-0.057882
-0.138412
0.146759
0.103112
-0.040095
-0.001167
-0.118471
-0.040989
-0.008386
0.067989
0.138567
-0.125034
0.070422
-0.137468
-0.039980
0.102919
-0.004838
0.008006
-0.008460
0.026601
-0.057492
0.124747
0.081414
0.006967
0.015140
0.048199
0.127915
0.066073
0.000917
-0.094951
-0.069796
0.061367
-0.105481
-0.007691
0.168109
-0.132716
-0.001671
-0.033833
-0.042177
0.139602
0.056002
-0.013181
0.007668
-0.025268
0.008950
0.092700
-0.038457
0.058781
-0.214248
-0.005309
-0.060554
-0.047465
-0.067821
0.062788
0.102526
0.005552
-0.032139
0.087195
0.043501
0.084078
0.088011
-0.077067
-0.111240
-0.095959
0.133484
0.086946
-0.165922
-0.165711
0.066418
0.064776
-0.025716
-0.065152
-0.021960
0.103202
-0.029006
0.004678
-0.097142
-0.005951
0.037685
-0.110207
-0.167832
-0.063552
-0.086320
0.030866
-0.096114
0.132297
-0.013076
0.062522
0.103317
-0.049896
-0.119655
-0.039174
0.021627
-0.180792
0.166016
0.065616
0.296901
-0.058321
0.084301
-0.176136
0.086016
-0.017475
0.012627
0.069653
-0.022932
0.034704
0.077239
-0.057254
-0.075854
0.053628
0.142618
-0.083989
0.063617
0.018064
-0.120063
-0.128143
0.064784
0.092561
0.014021
0.090087
-0.180248
-0.082582
-0.014460
0.067144
-0.048223
-0.126181
0.023365
0.045994
0.045243
-0.125326
-0.059366
-0.044515
-0.008825
-0.083094
-0.023571
-0.108661
-0.035803
0.017676
-0.051419
-0.070263
0.081398
0.128284
0.013176
-0.042865
0.112061
-0.094820
-0.004155
-0.070255
0.016610
-0.114066
0.046504
0.148116
-0.001382
-0.041381
0.031608
0.036627
-0.055273
-0.111112
-0.047912
-0.075887
0.059761
0.078971
-0.025728
-0.089152
0.131302
0.179493
0.059653
-0.112292
0.210042
0.035162
0.175170
0.026165
0.151411
-0.079701
0.092413
0.066669
0.058556
-0.072006
-0.077422
0.005518
0.125349
-0.039089
-0.122467
0.115084
-0.071628
-0.058624
0.100983
0.013835
-0.011801
-0.050159
0.045291
0.103814
-0.096852
0.037962
-0.064932
-0.015320
0.027183
0.134405
0.074797
0.020772
-0.019429
-0.085943
0.078302
0.053531
-0.047702
-0.096419
-0.046482
0.000150
0.035362
0.218378
0.138670
0.050366
-0.035547
-0.089873
-0.121849
-0.204837
0.136091
0.006034
-0.051387
-0.027474
-0.143308
0.060525
0.044008
-0.082981
0.080437
-0.026747
-0.080848
-0.052594
-0.192363
-0.141620
-0.175710
0.105827
0.075130
0.099864
0.007600
0.084114
-0.095159
-0.132204
-0.076082
-0.111609
-0.107816
0.074417
-0.017189
-0.117824
0.044679
0.006581
0.143155
0.033018
0.136875
-0.051410
-0.129832
-0.097477
0.006505
0.088763
0.155817
-0.234637
-0.039409
0.040768
-0.177203
-0.087243
-0.046222
-0.125571
0.013084
0.054807
0.053002
0.009849
-0.095485
0.209464
0.013187
0.024810
-0.094424
0.016941
-0.018527
-0.312603
-0.116862
0.001946
0.003846
0.027326
0.056179
0.190519
0.009574
0.140309
0.083931
0.209376
-0.200331
0.005834
0.081811
-0.106172
-0.002822
-0.049710
-0.022765
0.027908
0.044474
-0.059636
-0.223508
0.034895
0.048920
0.119252
-0.084146
0.039725
-0.054843
0.125925
-0.075374
0.137543
-0.035971
0.112980
-0.107050
0.014550
0.052870
-0.088722
-0.176501
0.019202
-0.223150
0.031569
-0.024079
0.033037
0.106301
-0.049267
0.023461
-0.000345
-0.242901
-0.037762
-0.123697
0.016956
-0.025669
-0.000671
-0.072371
0.026849
-0.067511
-0.270861
0.041316
0.024280
-0.067321
0.129422
0.094236
0.098536
0.012036
-0.222247
-0.124328
0.021027
0.116424
0.114387
-0.073849
-0.093344
-0.122337
0.186172
0.133816
0.144201
0.132056
0.063346
-0.077872
-0.134823
-0.121139
0.064592
0.101895
0.006708
-0.103572
0.009500
-0.043358
0.194461
0.032480
-0.003356
0.029533
0.009129
-0.037939
0.288430
-0.004856
0.019785
0.102356
-0.159608
-0.066016
-0.037156
-0.151115
0.000810
0.071407
0.040761
-0.142469
0.082725
0.167461
-0.233124
-0.133322
-0.031370
-0.101914
0.111069
0.059763
-0.020416
0.096123
-0.033143
-0.055234
-0.141995
-0.011521
-0.000640
-0.121607
0.112219
-0.063137
0.128077
0.027930
-0.104432
0.173186
0.125056
-0.051061
0.088630
-0.145295
-0.003906
-0.057625
0.240651
-0.032266
0.206878
0.109290
-0.004321
0.331357
0.122149
-0.095671
-0.122800
-0.088636
0.153244
-0.216698
0.228453
0.073711
0.032746
0.016183
-0.001002
0.048817
0.109445
-0.003845
-0.058110
0.001226
0.145760
-0.138421
-0.099748
0.054812
-0.199087
0.084055
-0.106227
0.141438
-0.025012
-0.292813
-0.040274
-0.072227
0.052499
0.045547
0.040204
-0.084271
0.055738
0.065551
0.035195
0.050184
0.123066
0.162048
-0.141859
-0.024161
-0.105603
0.228147
0.077534
-0.105784
-0.067892
0.109604
-0.038253
-0.062395
0.104677
0.067637
-0.082610
0.052417
0.083592
-0.106004
-0.117203
0.002351
-0.035281
0.079515
0.026674
-0.022398
-0.083824
-0.039925
0.110880
0.016426
0.088434
0.062986
-0.066809
-0.068616
-0.110277
0.108055
0.125990
-0.160621
0.093512
-0.210407
-0.187724
-0.218390
-0.043169
0.146847
0.014080
0.037857
0.053540
-0.042182
-0.259197
0.079078
-0.136144
0.128025
0.032372
0.051461
0.165167
-0.152163
-0.099117
-0.035567
0.121040
-0.079852
-0.008561
0.017743
-0.070180
0.033277
-0.083259
-0.097377
-0.015962
-0.025782
0.189492
0.077938
0.014100
-0.024535
0.108149
-0.144969
-0.085824
-0.017693
0.090674
0.270741
0.003662
-0.031971
0.053567
0.046492
0.163647
0.159747
0.018537
-0.196977
0.016479
-0.130278
0.031377
-0.189013
-0.090032
0.039876
0.057961
-0.036660
-0.018329
0.021443
-0.023818
-0.060582
-0.055532
-0.026606
0.000989
0.024640
0.354020
0.076544
-0.033489
-0.046573
0.109048
-0.006262
-0.089621
-0.049621
0.161817
0.144623
-0.121129
0.056794
0.051422
-0.009514
-0.240372
0.026365
-0.073353
-0.029564
0.093027
-0.201534
0.066464
-0.009822
0.017519
0.063518
0.102944
-0.080661
-0.053341
0.054884
0.034081
-0.047446
0.128940
0.075420
-0.075517
-0.115457
0.290016
0.143487
0.014021
0.056182
-0.081613
-0.079391
0.032204
0.015054
-0.038935
0.113718
0.058646
0.061439
0.154525
-0.061692
0.278982
0.043928
-0.063734
0.047682
-0.050676
0.241263
0.054645
0.024821
-0.024736
0.022002
0.065084
-0.084092
0.109620
-0.267306
0.070134
-0.112603
0.037680
0.187229
0.046038
-0.308708
0.020805
-0.085669
-0.102439
-0.170258
0.074053
0.025275
-0.040484
0.105479
-0.016424
-0.059680
-0.094163
-0.173607
0.074127
-0.049227
-0.188929
-0.028334
-0.054276
-0.131641
-0.051786
-0.093117
-0.041488
-0.168495
-0.010886
-0.247141
-0.123715
0.085356
0.045471
-0.021750
-0.237916
0.031345
0.013530
-0.033905
0.109824
0.035349
0.049620
-0.059647
-0.093689
-0.010486
0.052060
0.076548
0.028448
-0.062862
0.145493
-0.037144
0.055673
-0.014735
0.218375
0.037796
-0.008943
0.043750
0.011245
-0.027415
-0.003212
-0.045896
0.078854
0.048229
-0.001351
-0.130250
0.081320
-0.054721
0.074580
0.223316
-0.093374
0.009684
-0.076988
0.093024
0.044713
-0.117456
-0.012598
-0.072972
0.034272
-0.167058
-0.007351
-0.112637
-0.129378
0.144053
0.067405
0.121888
0.087541
-0.251330
0.007936
0.158657
0.001070
0.102223
0.028200
-0.010123
-0.016608
-0.049506
-0.101796
-0.072513
0.209517
0.014863
-0.249457
0.001428
0.062662
-0.072157
-0.112338
0.100422
-0.217930
-0.071321
-0.051125
0.007847
0.131304
-0.260405
0.042473
-0.074818
0.099639
-0.090058
-0.014426
-0.082460
-0.041970
0.026905
-0.193525
0.128742
0.088937
-0.094633
-0.022657
-0.132804
0.006949
0.249418
0.197221
0.039522
-0.058019
-0.097925
0.126818
-0.042138
0.199358
-0.010205
-0.139026
-0.216239
0.118151
-0.009654
-0.063526
0.044524
-0.110867
0.222801
-0.121630
0.160400
0.114445
0.098064
-0.207598
0.017354
-0.097120
-0.109478
-0.006489
-0.114317
0.067126
0.101776
-0.087571
0.095199
-0.212692
0.019114
-0.017424
0.017458
-0.100801
0.041904
-0.097332
-0.154125
-0.191730
-0.052958
0.101075
0.018425
-0.037667
-0.076228
-0.026075
0.047554
0.049863
0.098536
0.014844
0.156442
0.187654
-0.090380
-0.011291
-0.065919
-0.157572
0.215178
0.150050
0.076462
0.204275
0.078772
-0.197911
-0.087213
0.138237
-0.073748
0.100576
-0.045233
0.216324
0.068200
-0.027684
0.147924
0.157475
0.007921
0.056194
-0.085554
0.082058
0.046830
0.030623
0.050583
0.037726
0.137665
0.025217
0.079381
0.031647
0.219191
0.091866
0.127780
-0.321822
0.113476
-0.001476
0.024634
0.066745
0.059401
0.022109
-0.124971
-0.159208
-0.140821
0.094171
-0.084223
-0.067464
0.044448
0.107560
0.113455
-0.032134
0.017405
0.017317
-0.015089
0.158168
-0.041426
-0.065371
-0.061639
-0.123435
-0.131601
0.157861
0.069836
-0.104977
-0.066062
-0.040448
-0.009519
-0.035717
0.055592
0.075151
0.006243
0.101104
0.070345
-0.051474
-0.120210
-0.075833
0.076208
0.071998
0.106338
-0.094508
-0.015694
-0.026196
-0.001331
-0.010607
0.030180
-0.042659
-0.047908
0.022410
0.102344
-0.038095
0.030756
0.039195
-0.282948
-0.016398
0.000606
-0.126691
0.117326
0.042660
0.023016
-0.134130
-0.127397
0.111348
-0.050406
-0.052521
-0.019295
-0.055061
0.124373
-0.008584
0.183404
-0.088547
0.126072
-0.134347
-0.008160
0.034453
0.087097
-0.036410
0.030350
0.188641
0.173350
0.046300
0.054963
0.084084
0.051445
0.001785
-0.041281
0.111849
-0.164564
-0.018113
-0.038838
-0.104183
0.103465
-0.042634
-0.099330
-0.067961
0.144213
0.077531
-0.098312
0.142991
-0.024416
0.023698
-0.001072
0.201100
-0.177491
-0.043284
0.009527
-0.044105
0.085586
-0.145122
0.077900
0.061043
-0.027887
0.049637
-0.034722
0.075131
0.043493
-0.116821
0.161152
-0.013202
-0.102605
-0.026066
-0.053111
-0.196546
-0.029703
0.055202
0.016983
-0.051403
0.145442
0.018394
-0.033688
-0.185054
0.228633
-0.145012
0.067712
-0.025364
-0.161210
-0.010549
0.150357
0.191038
0.118627
0.019031
-0.007373
-0.187042
0.054843
-0.063536
-0.201393
-0.015524
-0.105270
0.054490
-0.026539
0.002295
-0.103316
0.026109
-0.058192
0.047005
-0.098663
0.023604
0.079721
0.001076
-0.147579
0.002834
-0.020996
0.067042
-0.065458
-0.008027
0.057800
-0.044945
-0.006633
-0.102558
0.014114
-0.063915
-0.022181
-0.120099
0.048965
-0.036118
-0.018017
-0.101890
0.151946
0.154696
0.133459
0.008533
-0.194566
-0.068889
0.003211
-0.172509
-0.115227
0.027650
-0.143050
-0.098369
0.079711
0.147864
0.074880
-0.012855
-0.033809
0.092653
-0.050718
0.117045
-0.075503
0.059084
-0.153095
0.099445
0.093156
0.065827
-0.256994
-0.005722
0.074633
-0.022341
0.011390
0.011907
0.074866
0.086680
-0.041352
0.158503
0.070933
0.008854
0.150518
-0.008367
-0.023265
0.152716
0.006540
-0.047864
0.119755
0.040406
-0.043177
-0.031118
-0.008587
-0.003825
0.103880
-0.066822
0.039192
0.021043
0.142606
0.064780
0.152884
-0.014467
0.020177
0.037985
0.018615
-0.067334
-0.252227
-0.173733
-0.208997
0.073020
-0.105744
-0.111366
-0.082515
-0.046915
0.117918
-0.089459
-0.056277
0.015389
-0.007428
-0.009660
-0.025408
-0.195038
-0.019035
0.233229
0.166015
-0.076757
-0.140944
-0.121110
-0.085968
-0.034224
0.054190
0.217542
0.086278
-0.070813
0.097587
0.046526
-0.021578
-0.150030
0.046664
0.117535
-0.086725
0.086208
0.076837
-0.173933
0.020403
0.028528
0.015360
-0.212411
-0.103657
0.150017
0.092154
0.011548
0.003950
0.156032
0.128351
-0.178701
0.098065
0.076819
-0.124264
-0.106338
-0.001646
0.041416
0.109285
-0.077831
0.130741
0.055972
0.067704
-0.054386
0.206700
0.066903
-0.087028
0.045011
0.083933
0.088815
0.031660
0.032964
0.169180
0.014740
-0.029611
0.064446
0.094098
-0.032584
0.048001
-0.092503
0.118111
-0.009623
0.003938
-0.028661
-0.018558
-0.043921
0.003774
0.216739
-0.032542
0.054733
0.033165
0.137683
0.080673
-0.029045
-0.140751
0.066707
-0.189875
0.013645
-0.015086
0.083486
-0.006761
0.047261
-0.010338
-0.156633
0.151528
0.046067
0.154109
-0.071833
0.161164
-0.077666
-0.061828
0.300806
-0.146005
0.079498
0.155202
0.059057
-0.131885
-0.009537
-0.036823
-0.088619
-0.013619
-0.070838
-0.130911
0.129614
-0.074145
0.112077
-0.077090
-0.102635
-0.113008
0.082515
-0.047197
0.183708
-0.082056
-0.040136
-0.033398
-0.047097
-0.105597
0.136326
-0.158719
-0.028711
-0.019126
-0.070212
-0.110046
0.012138
0.032388
0.108482
-0.143116
-0.169413
0.109802
-0.093773
-0.055720
-0.006785
-0.290050
-0.098199
-0.076361
-0.163908
-0.103998
-0.055369
0.002090
0.070734
0.083675
-0.085733
-0.080531
-0.022823
-0.069773
-0.119121
0.016804
-0.081688
0.056927
0.133768
0.036124
0.157012
0.103474
-0.114311
-0.083385
-0.134913
0.082720
-0.248983
0.014629
0.123440
0.084402
-0.221500
-0.090845
0.177456
-0.041907
-0.018195
0.197007
0.114240
0.124544
-0.124878
0.006193
0.115572
0.029497
-0.108404
0.033787
0.006458
-0.157993
-0.051755
0.130988
0.218770
0.033460
0.077867
0.015974
0.016355
-0.069137
-0.168981
0.049608
0.070247
-0.241165
-0.082520
0.082562
0.016056
-0.025447
-0.052323
0.008433
-0.196463
-0.139052
-0.066709
0.146736
-0.154327
0.175703
-0.102185
-0.028409
-0.024061
0.075981
0.153953
-0.052659
-0.216172
0.065250
0.010236
0.053944
0.090766
0.119891
-0.033061
-0.051206
0.155899
-0.069134
-0.144519
0.129598
0.081639
-0.063455
0.064885
0.048903
-0.004809
-0.140417
0.051099
-0.056033
0.067159
-0.066478
0.233290
0.038245
0.039661
-0.174197
-0.052113
0.022848
-0.065780
0.066793
0.104650
0.120981
0.029909
-0.011311
0.200427
-0.020663
-0.030931
-0.126830
0.106341
0.090905
0.094121
0.173139
0.246063
0.006510
0.187081
0.013663
-0.208786
0.016084
0.051947
0.042969
0.216739
-0.081923
0.011510
0.063183
-0.049431
-0.025893
0.073302
-0.070643
0.057609
0.029740
-0.090447
0.020989
-0.056478
0.001437
0.222391
-0.098962
0.103586
0.088243
0.006325
0.027074
0.042127
0.127124
-0.011166
-0.107016
0.143238
-0.136437
-0.024984
0.020212
-0.057427
0.038628
0.101725
0.020659
0.050663
-0.153596
-0.083780
0.013108
0.044112
-0.188673
-0.004095
0.024559
-0.148049
0.092555
0.210198
-0.100991
-0.096380
0.038433
-0.054341
0.203490
0.078672
0.007997
-0.011580
-0.124411
-0.124910
0.077173
0.041497
-0.028700
0.050120
-0.047446
0.017934
-0.032426
0.027306
-0.003591
-0.092079
-0.047520
0.002592
0.127260
-0.027691
-0.140388
0.059582
-0.023301
-0.127001
0.013967
0.024851
-0.262539
0.165890
0.030872
-0.127046
0.082550
0.026647
0.162546
0.046155
0.157286
0.117438
0.066525
0.016096
0.166187
-0.010143
0.072439
-0.053555
0.131568
-0.007282
-0.163544
-0.132130
-0.085478
0.059418
-0.024696
-0.121458
-0.137272
-0.108960
-0.063249
-0.020729
-0.088414
-0.020295
-0.029079
-0.017318
-0.004221
0.018090
-0.147898
0.018821
0.195479
0.046084
-0.102434
-0.114402
0.025408
0.017219
0.022385
-0.158536
-0.028371
0.078179
-0.040304
-0.013496
0.023972
-0.075391
-0.077384
-0.146387
-0.245909
-0.073911
0.113600
0.083978
0.003139
0.194931
0.110362
0.007651
-0.118351
0.036763
0.065466
-0.130753
0.104595
-0.072626
0.102591
-0.045521
0.028531
-0.196718
0.002987
-0.063810
0.096538
-0.153499
0.029414
0.028977
0.041097
-0.067067
0.090592
-0.015566
0.064329
0.067021
0.075912
0.156361
-0.062558
0.130408
-0.144025
-0.053034
0.010509
0.044279
-0.094339
0.082889
-0.072203
0.095743
-0.110103
-0.070177
-0.068360
-0.019871
0.009705
-0.006600
0.005285
-0.041102
-0.072378
-0.016852
0.021366
-0.023317
0.164901
0.065742
-0.225261
0.058872
-0.024979
-0.037202
0.087965
0.085769
-0.017992
-0.019358
0.048402
0.080029
-0.179397
-0.042370
0.036068
0.136560
-0.112296
-0.151763
-0.138732
-0.030110
-0.082633
0.038027
-0.024256
-0.063170
-0.108531
0.089438
-0.157300
-0.169011
0.113202
0.195315
-0.125920
0.035742
0.104834
-0.170542
-0.032144
-0.096872
0.030458
0.311056
-0.156963
0.125294
0.094246
-0.056680
0.022558
-0.084791
0.047347
-0.206668
0.020378
0.037190
0.164300
-0.023913
0.072453
0.109406
-0.127347
0.019315
-0.038682
0.078443
-0.023299
0.127344
0.029040
0.009923
-0.054047
0.089639
0.043347
0.151399
-0.110692
-0.110140
0.051605
-0.120619
0.058082
0.032749
0.087036
-0.110617
0.092936
-0.205027
0.096037
0.074767
-0.140562
-0.090355
0.002991
-0.051461
-0.103614
-0.028640
-0.069023
-0.115342
0.019673
0.087198
0.036145
-0.016571
0.129376
0.036055
0.032650
-0.183253
-0.091816
0.040692
0.075840
-0.067448
-0.024115
-0.122594
-0.061017
-0.036008
-0.128287
0.192153
0.058073
-0.171225
-0.137254
-0.013193
0.016199
0.203963
-0.062980
0.018515
0.176027
0.035201
0.118742
0.128459
-0.104069
0.093552
-0.007159
0.138393
-0.066876
0.127599
0.007145
0.067765
-0.000940
-0.029459
0.061406
0.008308
-0.076119
-0.171755
0.031664
-0.005720
0.035478
0.035331
-0.150110
0.024146
0.152467
-0.015794
0.033326
-0.020287
-0.092757
-0.014423
-0.008957
-0.024314
-0.119689
-0.280443
0.116434
-0.018503
-0.121067
-0.047919
0.075347
0.151754
0.269892
0.173973
0.087823
0.089621
-0.047402
0.041478
0.008980
0.063479
0.094936
0.100160
0.008286
0.154914
-0.064613
0.006531
-0.076108
-0.080846
-0.010434
0.165401
0.129733
-0.088058
0.136407
0.052774
0.130811
0.031104
0.091304
0.253434
-0.090872
0.097515
0.023201
0.043722
0.089684
0.058204
0.062392
0.018497
-0.053832
-0.046484
-0.026851
-0.084660
-0.005290
-0.057062
0.110484
-0.094132
0.027872
-0.065234
0.026672
0.022226
-0.077400
-0.261411
-0.024162
0.006145
-0.133340
-0.070529
-0.090761
-0.028221
0.100190
0.065733
0.229110
-0.163191
0.050598
-0.053471
-0.197302
-0.139733
-0.043716
0.053501
-0.100630
0.035483
0.255784
0.266028
-0.095937
0.029948
0.130341
0.075283
0.088270
-0.073523
-0.019621
0.043157
-0.117945
0.037759
0.008917
-0.034403
-0.089589
0.080608
0.097716
-0.158670
0.169147
0.134792
0.117653
0.020452
-0.123701
0.008263
-0.011644
0.063023
-0.037922
0.295503
-0.002546
0.010564
-0.171656
-0.148247
-0.094238
0.067243
0.049510
-0.271496
0.049604
-0.000247
-0.009354
0.113185
-0.044891
-0.025859
0.011922
-0.026373
-0.099065
0.008787
0.042475
-0.145106
0.065764
0.135987
0.075172
-0.016703
-0.157804
0.089907
-0.053980
-0.007450
-0.024073
0.114314
0.055181
0.288938
0.033766
0.154297
-0.118638
-0.018122
0.017500
0.005964
-0.095095
-0.087840
0.028963
-0.002023
-0.216487
-0.130071
0.058880
0.095664
-0.008352
-0.037001
0.039233
-0.023931
-0.090152
-0.040451
-0.011382
0.044767
-0.087564
-0.062384
0.046706
-0.125590
0.091347
0.043739
0.029553
0.028766
-0.092699
-0.030077
-0.093584
0.023201
-0.183388
0.164911
-0.004436
0.013794
-0.048937
-0.032464
0.103464
0.028280
-0.036944
-0.110163
-0.062411
-0.076572
-0.079525
-0.008247
-0.100390
-0.078025
-0.027218
0.008019
0.100865
0.031642
0.085399
0.044995
-0.096737
-0.009872
-0.046195
-0.134935
-0.077278
0.098780
-0.259636
0.071856
-0.133984
0.008070
0.002562
0.107932
0.007220
-0.004850
-0.055856
-0.009196
0.028068
0.020409
-0.027987
-0.049684
-0.152679
-0.134485
0.079908
0.056768
0.044023
0.044731
0.314512
-0.000536
-0.040329
0.201350
0.086563
-0.193775
-0.028544
-0.177091
0.007718
-0.012420
0.169738
0.014922
0.233780
0.087548
-0.007055
0.046008
0.001070
-0.137559
-0.130553
0.144127
0.073612
0.051117
0.094140
0.095693
-0.113266
-0.068745
0.130061
-0.127009
0.175493
-0.055081
-0.153579
-0.012643
-0.203178
-0.059389
-0.222165
0.065441
-0.100520
0.073256
-0.049643
0.040673
-0.121029
0.063420
-0.044530
0.034555
-0.061807
-0.170263
0.125673
-0.000941
-0.088146
-0.019674
-0.200738
0.062091
0.058196
0.222797
0.028459
-0.107279
0.030566
-0.215981
-0.130089
0.135153
-0.106022
0.059309
-0.003089
0.017889
-0.017460
0.031075
-0.176437
-0.021852
-0.057388
-0.069126
0.002720
-0.043314
-0.043585
-0.061227
-0.089426
0.041398
0.125475
0.039328
0.219612
-0.126997
-0.079969
0.031811
-0.034049
-0.113036
-0.058217
0.060229
0.279045
0.035670
-0.144156
-0.054904
0.022294
0.085391
-0.024136
0.057040
-0.074220
-0.035869
0.053791
-0.030514
-0.012343
-0.117499
0.201757
-0.062189
0.159404
-0.040923
-0.046317
-0.195533
-0.111795
0.005739
0.063259
-0.084428
0.062865
-0.208599
-0.083680
-0.035804
-0.075554
-0.119605
0.191180
0.110366
-0.259190
0.184276
0.035527
-0.026819
-0.014478
0.046863
0.081464
-0.014934
-0.079681
-0.114453
0.013151
-0.022402
0.073715
-0.108588
-0.140624
0.074750
-0.053970
0.047490
0.101935
-0.059067
0.073648
0.268534
0.139043
0.024462
0.023713
0.043224
-0.042710
-0.137916
0.012819
0.066340
-0.026480
-0.026302
0.015872
0.007739
-0.014703
0.014701
-0.294441
-0.003668
0.004272
0.071891
0.024324
0.085543
-0.080926
0.015678
0.053320
-0.098357
-0.091223
0.011222
0.268058
-0.013020
-0.029017
-0.081490
-0.058226
-0.040709
-0.020647
-0.041769
-0.021768
-0.122961
-0.062910
0.135070
0.208228
0.050596
-0.078958
0.159486
0.055224
-0.097860
0.043544
-0.005172
0.246962
0.055593
-0.023666
0.059625
-0.015123
0.050137
-0.060613
0.087955
-0.037994
0.075084
0.019729
-0.147819
0.059060
0.036273
0.019149
0.050133
0.095659
-0.154246
-0.120373
0.130972
0.190414
-0.010726
0.170519
-0.033449
-0.004317
0.164749
0.029095
-0.082098
-0.151950
0.116410
0.082019
-0.189601
-0.162428
-0.064528
0.045754
0.025664
0.038889
0.090640
0.057229
-0.184412
-0.116905
-0.016386
-0.005926
0.154048
0.023567
0.199714
0.024815
-0.059901
0.012910
0.148165
-0.033939
0.043312
-0.129313
-0.129608
0.010387
-0.044673
-0.025473
-0.010203
-0.054598
0.144363
-0.146506
0.057963
-0.131030
-0.063197
-0.037666
-0.035504
0.245124
0.040376
-0.120870
0.147866
0.152708
0.112671
-0.120629
-0.079720
-0.028414
0.107467
-0.008893
-0.016832
0.048570
-0.109204
0.126964
-0.068935
-0.036087
0.065950
-0.079861
0.071413
-0.112002
-0.001138
-0.176057
-0.121486
-0.056275
0.051850
-0.188382
0.101788
-0.040342
0.070843
0.122111
0.086455
-0.167230
0.085101
-0.035411
-0.229048
0.083746
0.069967
-0.085940
0.083241
-0.180578
0.125134
0.141508
-0.178660
0.202434
-0.004089
-0.002346
0.089531
0.225984
0.030722
0.248900
0.193745
-0.060177
0.094014
-0.062613
-0.058971
-0.078910
0.041238
-0.122828
0.044603
0.113002
-0.160075
-0.028136
0.088430
0.032535
0.087542
0.157752
-0.079651
0.120586
-0.100759
-0.099255
0.025781
0.002239
-0.006689
0.161580
0.067801
0.023823
0.164048
-0.047451
-0.056388
-0.008982
-0.103879
-0.016796
-0.233895
-0.039993
0.025465
0.143069
0.045313
-0.197013
0.044471
-0.052753
0.153111
0.215917
-0.175409
-0.063912
0.011779
0.069094
0.241607
-0.088759
0.078897
-0.031608
-0.042373
0.087630
0.032536
0.052348
-0.111299
-0.007508
-0.122825
0.037961
0.003270
-0.042388
0.172593
0.054230
0.208653
-0.075686
-0.122245
0.242304
-0.177751
-0.120012
0.023566
0.044327
-0.113306
-0.022738
0.216658
0.063640
-0.003982
-0.040990
-0.040227
0.093828
-0.057801
-0.024782
-0.146068
0.131610
-0.008626
-0.025977
-0.053932
-0.016107
-0.066111
-0.000661
-0.047775
0.223890
-0.023253
-0.075512
0.168252
-0.002795
0.077934
0.046346
-0.021324
0.181986
-0.123752
-0.120208
-0.055116
-0.081657
0.143776
0.066527
0.012909
-0.122078
-0.083822
0.057010
-0.009811
-0.036772
0.052539
0.154286
0.038529
-0.156501
-0.055585
-0.183087
-0.014560
-0.170717
-0.023378
-0.061868
0.026854
0.072636
0.004749
-0.115695
0.144578
-0.190928
-0.104504
-0.072654
0.022359
0.088000
0.152684
0.065662
-0.167368
0.020585
0.160743
-0.116774
0.117681
-0.088470
0.178482
-0.107933
-0.132315
-0.031067
0.057249
-0.045744
0.003516
0.023378
-0.124483
-0.028676
-0.087232
0.036455
0.236962
0.136876
0.217086
-0.106229
0.190722
-0.070345
0.074712
0.047418
-0.019716
0.081240
0.091627
0.002394
0.087703
-0.094538
-0.077982
0.157384
0.064726
-0.285943
-0.055272
0.054056
-0.114249
-0.076140
-0.093976
-0.147953
0.120991
0.138144
-0.138339
-0.055685
0.067984
-0.089454
-0.088912
0.060874
-0.089656
0.048183
-0.143415
-0.116602
0.162669
-0.244195
0.034852
-0.077149
0.093390
0.014505
-0.030627
-0.083522
0.014777
-0.020508
-0.260062
-0.037424
-0.115741
0.049172
-0.090807
0.099752
0.002945
0.151702
0.036889
-0.003377
-0.115092
0.119626
0.099685
0.080030
-0.049249
0.021317
-0.135114
0.053346
0.042064
0.104332
0.126546
-0.016800
-0.090708
0.160139
0.177012
-0.033376
-0.309442
0.019685
-0.007779
0.141294
0.030806
0.064967
-0.016259
-0.184977
0.052507
0.122263
0.041173
0.109040
0.060745
-0.039367
-0.138324
0.015490
0.123386
0.175204
0.082742
0.143275
0.011852
-0.015730
0.020979
0.107074
-0.083845
-0.090132
0.097025
0.072570
0.095564
0.143397
-0.118902
0.071404
0.025106
0.076929
-0.008913
0.102943
0.046762
0.048645
0.080663
-0.083255
-0.078789
-0.031474
0.129108
-0.032558
-0.138260
-0.233562
-0.023719
0.000737
-0.183731
-0.046351
-0.136622
0.123895
-0.028821
-0.020510
0.045327
-0.137266
-0.178278
-0.016366
0.046903
0.005619
-0.097724
-0.044904
0.106145
-0.170410
-0.018060
-0.162154
0.101231
0.111979
0.094065
-0.016632
0.056890
-0.071940
-0.050337
0.155552
-0.002164
0.070386
-0.082942
0.183937
-0.017775
0.259737
0.079215
-0.034602
0.040938
0.136230
-0.066254
-0.090363
0.136567
-0.043790
-0.107810
-0.027988
-0.075679
0.133075
0.028495
0.098032
0.023236
-0.058095
0.011029
0.055178
-0.168912
0.026945
0.128184
0.052286
0.095104
0.211337
-0.008117
0.048754
-0.047568
0.106273
-0.175315
0.034381
-0.095150
-0.153333
-0.005425
-0.047855
0.002513
-0.137926
-0.024139
0.107637
-0.049636
-0.019538
0.011560
0.064351
-0.083086
0.142755
0.020762
0.065105
-0.087557
0.036526
0.053897
0.079681
-0.016196
0.194739
-0.248751
0.059136
-0.135133
-0.028181
0.059011
-0.084305
-0.010977
-0.032636
0.057092
0.005014
0.069805
-0.023106
0.017914
-0.022397
0.154107
0.010760
0.078365
0.002389
-0.076646
0.017674
0.111228
-0.054933
-0.082630
-0.074883
-0.078346
-0.065493
0.092425
-0.107507
-0.031877
0.015726
0.244563
0.092018
0.047243
0.098313
-0.103719
-0.055373
-0.148132
-0.241975
0.136886
0.032040
0.001394
-0.019281
-0.157739
0.072979
-0.086916
0.118169
-0.001049
-0.182129
-0.159060
-0.050422
-0.055625
-0.069509
0.103008
0.005039
-0.076862
-0.126565
0.019345
0.010817
0.044117
0.051750
-0.048267
-0.050724
-0.104690
0.063289
0.004413
0.092690
-0.043216
0.040959
0.050924
0.030885
0.016453
0.148721
0.031043
0.124159
0.116475
0.144211
-0.001282
-0.015380
0.118269
-0.029842
-0.040537
0.157820
0.148909
0.009741
0.149005
-0.053808
0.006153
-0.011010
-0.067290
-0.015946
-0.030587
-0.064552
-0.103883
0.071752
0.110447
0.000651
0.077867
-0.088995
0.122500
-0.055136
-0.066200
0.154547
0.030842
-0.033205
-0.227568
0.109580
0.102495
0.041641
-0.118209
-0.050886
-0.165198
-0.023591
-0.005201
-0.004781
0.065548
-0.007916
-0.072026
-0.027426
0.212418
0.019622
0.032442
-0.034722
-0.243573
-0.067782
0.028603
0.075077
-0.075680
-0.097960
-0.347827
0.031782
0.067983
-0.051503
0.036885
-0.080961
-0.097838
-0.119073
0.058604
0.037249
0.029261
0.048979
-0.133820
-0.145184
0.063560
0.014362
-0.136823
-0.018802
-0.063083
-0.030124
0.111079
0.090214
0.112292
-0.205891
0.041929
-0.055375
-0.013012
0.138070
-0.042771
0.006767
0.234371
0.145847
-0.084106
0.095660
-0.152316
-0.047900
-0.148224
-0.043491
-0.075600
-0.031719
-0.081577
-0.121613
0.061210
0.021794
0.008388
-0.047058
-0.251405
0.065751
0.075235
0.043277
0.024709
-0.136296
-0.015314
-0.006384
0.104240
-0.011389
0.048337
0.029245
-0.035021
0.082747
-0.014858
0.077741
-0.047263
-0.060575
-0.090728
-0.019085
0.073366
0.207092
-0.153235
-0.083068
-0.063335
0.034114
-0.020250
-0.014331
-0.037121
0.057312
-0.277767
0.063545
0.005320
-0.045482
0.007358
0.137031
0.063228
-0.072317
0.111134
-0.062762
-0.004349
-0.030931
0.100379
0.112018
0.133062
0.034476
-0.020173
-0.143965
-0.021911
-0.003743
0.086294
0.087132
0.176735
0.100581
0.023337
0.021703
-0.077035
-0.044569
0.097138
0.040730
-0.015508
0.030446
-0.044850
-0.033961
-0.167139
-0.011414
-0.007668
-0.052521
0.033646
0.031950
-0.006042
-0.093513
0.111542
-0.031249
-0.122757
-0.126397
-0.114144
0.032679
0.095668
0.008081
-0.122658
-0.093574
0.034320
0.167520
0.003306
0.010356
-0.077677
0.081748
-0.116958
-0.029320
0.074822
0.382591
0.008717
0.048657
0.207864
-0.005240
0.200575
0.084643
-0.040819
-0.026422
-0.002152
-0.027552
0.142569
0.027925
-0.068064
-0.053411
0.160265
-0.148446
0.018392
-0.000744
0.037628
-0.012214
-0.105804
-0.065937
0.266254
-0.018453
-0.023199
0.081552
-0.029469
-0.051803
-0.046092
0.042435
-0.124058
0.012516
-0.136853
0.099443
0.044700
0.117156
0.031047
0.007593
-0.124372
-0.019907
0.020169
-0.000777
-0.113989
-0.069864
0.026981
0.042798
0.040483
0.072496
-0.004089
0.027320
-0.065865
-0.042132
-0.069741
0.013619
0.056125
-0.000357
-0.073664
-0.114840
0.056066
-0.076396
0.031769
0.048312
-0.118732
0.123509
0.083140
0.057977
0.052208
0.036769
-0.086268
0.285969
-0.059068
0.166791
0.073519
0.009716
-0.090986
0.002516
-0.050043
0.077668
0.157971
-0.121843
0.089382
0.084579
-0.081662
0.115878
0.105602
-0.058021
-0.166958
0.125121
0.008563
-0.015742
-0.137688
0.190644
-0.083740
0.015259
0.003396
0.114885
0.048664
-0.065116
-0.235996
-0.040797
0.017819
0.052444
-0.140398
-0.204335
-0.237988
0.190019
0.006020
0.044246
0.066447
0.145787
0.080730
-0.026861
0.089416
-0.079400
0.067729
-0.001185
-0.047431
-0.223076
0.104524
-0.002920
-0.175447
0.044801
0.087320
-0.116692
0.017649
0.189320
0.107141
0.044534
0.271229
0.009269
0.124679
-0.088558
0.134010
0.047070
0.062881
-0.051743
-0.010574
0.172665
0.057986
0.032397
-0.231228
0.070427
-0.012021
0.009002
-0.108059
-0.089529
-0.167729
-0.181247
0.035776
-0.046331
0.009021
0.068047
0.107183
-0.034307
-0.082398
-0.021987
-0.077852
0.247195
0.033799
0.171637
0.037682
-0.004679
-0.015842
0.108477
0.028506
-0.126703
-0.031181
0.039633
-0.167039
0.120015
-0.003660
-0.006592
0.067854
0.036120
-0.144463
0.032603
-0.158565
0.082366
-0.124217
0.258391
-0.088178
0.050562
-0.026255
0.048844
0.131044
-0.251912
0.018084
-0.046029
0.170308
0.142064
0.103801
0.029335
0.024075
0.078645
0.119423
0.121132
-0.091578
-0.000180
-0.062070
0.052984
-0.053980
0.073279
0.032270
0.161243
0.126275
0.039496
-0.247924
0.118477
0.108105
-0.153036
0.135716
0.070497
-0.000796
-0.059594
0.183689
-0.104739
-0.077789
-0.106551
-0.046140
0.120106
-0.109890
-0.079405
-0.039412
0.047618
0.035764
-0.114193
0.117853
-0.110822
0.100125
-0.056544
-0.098704
-0.046274
-0.001939
0.242241
-0.098126
-0.152885
0.069142
0.001722
0.037395
-0.026496
0.099638
-0.051969
0.071562
-0.146821
-0.071226
0.100766
0.088926
0.121757
0.063533
-0.108981
0.188633
-0.089803
0.240180
-0.001824
0.187804
0.105444
0.254191
-0.009566
-0.185574
0.195661
-0.066049
0.029636
0.002003
-0.158468
0.086492
0.060425
-0.221623
0.124272
-0.208032
0.192009
-0.053832
-0.062113
0.014717
-0.101390
-0.041747
-0.007719
0.103246
0.055129
-0.182054
-0.101955
0.096057
0.181065
-0.218792
0.112642
0.010201
0.016333
0.074695
-0.084994
0.105994
0.052946
-0.036324
-0.108598
-0.036164
-0.128588
0.046374
-0.088708
-0.004211
0.017647
-0.122007
-0.111538
-0.134737
0.168839
0.032087
-0.137896
0.114028
0.206909
-0.030947
-0.059923
0.207707
0.033465
0.002595
0.123181
-0.075409
0.080212
0.062080
-0.173036
0.117798
-0.076899
-0.012199
-0.078841
0.011334
0.140664
0.032951
-0.021421
-0.020649
-0.044543
0.114943
-0.061839
-0.192715
-0.020180
0.018194
0.077990
-0.022640
-0.059601
0.133619
0.039779
0.105773
0.120490
-0.067362
-0.053004
-0.026137
-0.070815
0.082014
0.009223
0.064302
-0.025434
-0.073688
0.000455
0.006416
-0.083691
0.100308
0.068779
-0.132060
0.085846
-0.054009
0.000493
0.107433
-0.025298
0.166028
0.005426
-0.027327
0.054428
-0.099172
0.077288
-0.030331
0.039579
-0.059807
-0.114069
0.113984
0.180446
-0.009738
-0.005750
-0.094851
-0.073837
-0.049098
-0.110932
0.079001
-0.032924
-0.014928
-0.053689
0.030387
-0.010314
0.059422
0.096603
-0.067780
-0.108407
0.040620
0.305302
-0.097160
0.168805
0.134878
0.023672
0.101813
-0.053040
0.007223
0.096591
0.127572
0.030687
-0.068930
0.038220
-0.151588
-0.097178
-0.105907
0.208721
0.072443
0.057336
0.018833
-0.150853
0.175868
-0.099799
0.078447
-0.157229
-0.022267
-0.200420
-0.049781
-0.062222
0.070084
-0.074192
-0.062314
-0.041905
-0.144769
0.067599
0.070163
0.086486
0.121958
0.009145
0.147574
0.017612
0.007089
0.285183
-0.015014
0.066518
0.039400
-0.073352
0.073639
0.011788
0.005791
-0.037746
0.117421
0.019338
-0.071089
-0.167453
0.109766
0.042695
0.109149
0.006572
0.167074
0.172756
-0.101311
0.086822
0.067337
-0.012311
0.014639
0.140010
0.050471
-0.012707
0.088887
-0.006133
-0.017248
0.126953
-0.021081
0.128286
0.074346
-0.068209
-0.020294
-0.166026
0.017054
-0.173612
0.069018
-0.109970
-0.162189
0.073700
-0.055872
-0.122134
0.010358
-0.123267
-0.139365
0.143613
-0.020851
-0.135763
0.035182
0.135937
-0.024901
-0.031156
-0.092352
0.044845
0.042096
0.056651
0.064999
-0.025700
-0.024202
-0.079384
-0.121135
-0.086554
-0.005864
-0.106115
-0.035512
-0.170770
-0.011366
0.073531
0.032187
0.226632
0.042888
0.010248
0.079504
0.009603
-0.012649
0.109250
0.221547
0.018799
-0.090796
-0.117945
-0.173066
-0.000648
-0.033510
-0.040190
-0.084685
-0.054803
0.119543
0.000977
0.123279
-0.051979
-0.083645
0.058648
0.048165
-0.009152
-0.183360
-0.094007
-0.024489
0.006650
-0.112457
-0.025689
0.109009
-0.066581
-0.013508
0.089503
0.033365
0.060239
0.018597
0.039604
-0.061579
-0.121861
0.047620
0.263043
-0.009730
-0.091299
-0.147078
0.039742
-0.005385
-0.148840
0.025617
0.162199
-0.299752
0.096429
0.242191
0.041973
-0.217880
-0.116974
0.148712
-0.106812
-0.060141
-0.148037
-0.003137
0.121368
-0.025735
0.005285
-0.074158
-0.040965
-0.074733
0.091724
0.044610
0.003415
0.070725
0.140340
-0.035001
0.053200
-0.069575
0.035795
-0.076419
0.100008
-0.117867
0.093418
0.057206
-0.104707
0.092686
0.013734
-0.139301
0.000971
0.041783
0.030880
0.200026
-0.106491
0.128299
-0.109007
0.141736
-0.148707
-0.122441
0.052718
0.059218
0.144686
0.034642
-0.048769
-0.033298
-0.021233
-0.011624
0.032531
-0.053320
-0.056626
-0.017085
-0.027485
-0.120586
0.029596
-0.304389
-0.002708
0.041455
-0.080360
-0.038569
-0.015367
0.005880
-0.026536
0.203843
0.005622
-0.087287
-0.029958
0.106996
-0.115752
-0.054262
0.062402
0.121509
-0.118103
-0.109481
-0.042392
-0.020942
-0.085096
0.015166
-0.138597
0.037836
-0.019879
-0.113786
-0.013052
-0.118630
-0.183077
0.022823
0.047267
0.024302
-0.020780
0.021723
0.074527
0.248078
0.046348
-0.094333
0.037939
0.042982
-0.010960
0.051987
0.191775
0.185325
-0.017974
-0.003592
-0.022060
0.157571
-0.027634
0.061541
0.034756
-0.251472
-0.167244
0.057786
0.027813
-0.069776
-0.118871
-0.001553
-0.026173
0.017661
0.007747
0.088881
-0.059490
0.098672
0.004491
-0.212594
-0.154976
-0.071909
0.075237
-0.111075
0.003089
0.039949
0.042336
-0.042154
0.239388
-0.014782
0.163940
0.007108
-0.148123
-0.019135
-0.205064
-0.096511
0.076328
-0.043689
0.068069
0.037935
-0.059188
0.005601
0.122174
0.159613
0.004375
-0.068662
-0.061044
0.004138
-0.169161
0.002540
0.226708
0.097098
0.083345
-0.117798
0.078911
-0.066914
-0.036407
0.046285
0.023797
0.168475
-0.018555
-0.113077
0.050643
0.016165
-0.021047
-0.166219
-0.063680
0.109489
-0.051306
-0.002683
-0.123326
0.144685
-0.148789
-0.108228
-0.063486
-0.003980
-0.093626
0.034299
0.126621
0.043102
0.051790
-0.014823
0.118281
0.136767
0.082424
0.175802
-0.032608
-0.206498
-0.036747
0.104822
0.017183
-0.025348
-0.026517
-0.054327
0.106424
0.112095
0.021124
-0.016801
-0.090152
-0.075538
0.008129
-0.090926
0.141795
-0.014271
0.000037
0.047235
-0.023756
0.028121
0.098632
-0.063566
-0.037833
0.186230
-0.099531
-0.127266
0.087888
0.057992
0.050322
0.252011
-0.016603
-0.184703
-0.086593
0.057792
0.091309
0.115095
0.131624
-0.131177
0.058342
-0.017949
0.036757
-0.203841
0.179232
0.139278
-0.085872
0.115712
-0.046150
0.051248
-0.182092
-0.084292
-0.051529
0.101302
-0.121591
-0.043092
0.146089
0.080560
-0.087377
0.095593
0.064132
0.056266
0.034052
-0.013542
0.051393
-0.176117
0.103535
0.077567
-0.139665
-0.051699
-0.106033
0.010929
-0.094002
0.151083
-0.059840
-0.022481
0.073783
-0.037892
-0.010376
0.022762
-0.141789
-0.044419
-0.030554
-0.272710
0.200415
-0.004207
0.127561
-0.092875
0.089142
-0.150239
-0.165275
-0.096401
0.140379
-0.108770
-0.032753
0.051462
0.112467
-0.072620
0.082176
-0.010875
-0.093365
-0.036739
-0.095251
0.136378
0.032765
-0.062771
-0.050726
0.023276
0.037088
-0.004670
0.067407
-0.135767
0.084680
-0.009684
0.008729
0.085032
-0.105336
0.010312
0.095583
0.194292
-0.135762
-0.176358
0.130391
-0.081830
-0.152712
0.201379
-0.177200
0.105714
-0.007140
0.090457
0.049485
-0.042771
0.203293
-0.022316
0.060555
-0.119166
0.115577
0.140921
-0.063493
-0.012188
0.106414
0.005269
0.001031
0.008445
0.056543
0.007555
0.050723
0.020466
-0.012240
-0.005525
0.005346
0.147069
-0.166434
-0.093759
0.138624
0.233959
0.193720
0.075321
0.003745
-0.183747
-0.023598
-0.052328
-0.063443
-0.082003
0.166798
0.013355
0.071504
-0.024227
0.144722
-0.025631
-0.028086
-0.024926
-0.025071
-0.088419
0.013125
-0.112555
0.111934
0.122932
0.069121
0.136609
-0.094311
-0.112938
0.067180
-0.143578
0.088609
0.076830
-0.037167
0.026856
-0.145619
-0.074267
0.058640
-0.279219
-0.086142
0.048200
0.111782
-0.222321
-0.153791
-0.122049
0.064856
0.067354
-0.187219
-0.077171
0.006422
-0.114051
-0.020586
0.127164
0.054894
-0.047416
-0.009311
-0.010946
0.038460
0.029220
0.153226
-0.101380
0.018664
0.099697
-0.033946
0.063631
0.007056
-0.138319
0.074935
0.077937
-0.030969
0.050447
-0.125586
0.051601
-0.234894
-0.005216
-0.094957
0.008758
-0.016715
-0.104067
-0.093179
-0.016698
0.036167
-0.028107
0.075264
-0.110905
-0.261171
-0.053859
0.165248
-0.202387
-0.031482
-0.157349
0.075797
0.067270
0.088293
0.051294
-0.000513
0.098717
0.071102
0.272477
0.099802
0.110083
-0.082802
0.122309
0.206625
0.100707
-0.079906
-0.144923
-0.005267
0.173866
-0.089616
0.058686
-0.209435
0.058032
0.004862
-0.258956
-0.057770
0.056760
0.198536
-0.054600
-0.033643
-0.001272
-0.078164
0.001691
0.105807
-0.034837
-0.147058
0.004651
-0.045704
-0.026785
-0.044141
-0.110038
-0.019050
-0.221859
-0.122560
0.092191
-0.137417
0.021395
0.037913
0.047549
0.033161
0.143778
0.006367
-0.081071
-0.077534
-0.059496
-0.053794
0.133576
-0.039672
-0.024568
-0.012588
0.024603
0.022995
0.014927
-0.051822
-0.105110
0.023423
-0.065331
-0.056358
-0.109804
0.128868
0.029721
-0.203615
-0.012134
-0.014410
0.096789
-0.103047
0.046474
0.176073
-0.060894
-0.018231
-0.117589
0.080237
0.104796
0.014478
0.007118
0.024497
-0.029722
-0.085543
-0.025587
0.160654
0.145849
0.008732
-0.229847
0.176115
-0.186530
0.080877
-0.065667
-0.253314
-0.096924
0.032683
0.008369
-0.071215
-0.191899
0.014192
-0.027781
0.058893
-0.037037
-0.027591
-0.153361
0.036877
-0.004199
0.110797
-0.252341
-0.057803
-0.101949
0.111534
0.064536
-0.110648
-0.064482
-0.013097
-0.056991
0.081501
-0.015571
0.048589
-0.061387
-0.066925
0.008561
-0.059996
0.064907
-0.164796
-0.171022
-0.045040
-0.071566
-0.075660
0.054240
-0.021770
-0.081708
-0.054198
0.060742
-0.002199
0.027577
-0.263856
0.202550
-0.184986
-0.160624
0.063728
-0.156750
0.204738
-0.054985
-0.058688
-0.059459
-0.028253
-0.079217
-0.072802
0.039096
-0.196869
-0.046910
0.271121
0.193796
0.056892
-0.024057
-0.018772
-0.020670
0.039982
-0.073497
0.085308
0.005339
-0.081061
-0.158191
0.045120
0.004509
-0.049940
-0.053181
0.021000
-0.106301
-0.012795
0.266966
0.091432
0.145579
0.205559
0.117496
0.021133
-0.099761
-0.111824
0.121296
0.006506
-0.091613
-0.072985
-0.161119
0.124690
0.238119
0.199706
0.100912
0.046079
-0.070956
0.033889
0.010541
-0.118533
0.013765
0.215053
-0.029706
0.004413
0.057777
-0.178277
-0.006685
0.075994
0.067498
-0.162049
-0.029969
0.131624
-0.044316
0.104426
0.047843
0.006864
-0.062512
-0.144587
-0.043339
0.110139
-0.068288
0.064055
0.134979
0.160163
-0.044599
0.345433
-0.033614
0.071243
0.096940
-0.138989
0.167049
-0.001866
-0.056864
0.082010
-0.212671
0.095407
0.039666
0.180573
-0.295879
-0.128178
0.018022
0.116837
-0.028587
0.059476
0.013674
0.071867
-0.182779
0.051062
0.179813
0.042275
0.032111
-0.109791
0.089553
0.073222
0.067420
-0.044019
0.021046
0.104489
0.099954
0.037606
-0.077054
-0.137821
0.053085
0.025483
-0.107011
-0.220655
-0.112891
-0.058323
0.132952
-0.031439
-0.038182
-0.090763
0.003460
-0.121736
0.007795
0.094490
0.036150
-0.023137
-0.172177
-0.026051
0.138787
-0.036082
0.062582
0.124530
-0.139535
-0.037526
0.050613
-0.018014
0.023984
0.055133
0.092955
-0.069636
-0.221998
0.106560
-0.001516
0.027571
-0.097150
0.055062
0.107628
-0.065746
-0.030765
-0.152156
-0.002061
-0.093862
-0.027570
-0.022309
0.109551
0.130506
0.063926
0.007517
-0.086987
-0.292627
-0.099790
0.072969
0.035725
0.104334
-0.164011
-0.051614
-0.165591
0.062746
-0.031651
0.245018
0.030703
0.053641
-0.023579
-0.060110
0.221122
0.018447
0.137575
0.009886
0.288655
-0.155465
0.122893
-0.105329
0.143877
0.011503
-0.119475
-0.166320
0.138229
-0.004847
0.057435
0.007310
-0.315022
-0.023783
-0.008632
-0.025095
0.072757
-0.027323
-0.061887
-0.048419
0.140550
-0.121326
0.046028
0.170040
-0.064545
0.063717
0.071123
-0.017580
0.107842
-0.043738
0.088776
-0.100267
-0.118564
0.130738
0.105650
-0.053132
-0.046499
-0.086061
-0.043875
0.078921
-0.036427
-0.038895
-0.023828
-0.097137
0.066389
0.042655
-0.056316
0.120565
0.018770
-0.088287
-0.071852
0.146422
-0.093856
-0.175286
-0.174363
-0.026950
0.047011
-0.050364
0.176750
-0.032852
-0.089958
0.089712
-0.143564
-0.022828
0.120627
0.010902
0.032877
0.014811
0.113477
-0.101111
-0.235885
-0.133360
-0.047211
-0.050901
-0.214641
-0.146685
-0.014415
0.205934
0.110448
0.070949
-0.068653
0.010505
0.049682
-0.125794
-0.083089
-0.124328
-0.168552
-0.042053
-0.044488
-0.073851
-0.057226
0.255226
0.064803
0.058535
-0.059817
0.036580
0.045441
-0.113124
-0.072018
0.040830
0.063730
0.003328
0.025068
0.137139
0.031093
0.067937
-0.125058
-0.064859
-0.024755
-0.024191
-0.074935
-0.047526
-0.054347
0.125515
-0.008466
0.068551
0.021950
0.031585
-0.121417
-0.018008
0.000542
0.171451
-0.050699
-0.022858
-0.059814
0.148002
0.013206
-0.075307
-0.051314
0.164390
-0.082432
-0.017794
-0.136277
0.152958
0.095042
0.020051
-0.174076
0.128461
0.050454
-0.200939
-0.126325
0.089133
0.049143
0.028703
-0.131720
0.062941
0.061822
0.010143
0.082335
-0.071915
0.061170
-0.028484
0.056182
-0.107929
0.167213
-0.010792
0.023932
0.089221
-0.055985
-0.041498
0.127638
0.160553
-0.216813
0.098785
-0.002995
-0.201944
0.115268
-0.168585
0.069608
0.123225
-0.115734
0.108115
0.142180
-0.052926
0.113388
0.051497
-0.236223
0.019871
0.069070
0.093519
0.028484
-0.126820
0.066457
-0.154740
0.064038
0.045215
0.062574
-0.131901
0.200431
-0.117227
0.135497
-0.157323
0.062211
0.105799
-0.155886
0.170502
-0.000321
-0.191377
-0.006872
-0.061838
-0.183908
0.060281
0.047595
0.002031
0.060672
0.058564
-0.001816
0.008950
-0.296705
0.057749
0.017547
0.010219
0.066816
-0.008767
-0.052360
0.063131
-0.029554
0.187517
0.148309
0.145505
-0.050589
0.099395
0.039957
-0.064887
-0.053262
-0.225755
0.017741
0.041209
-0.048172
0.052170
-0.105468
0.131273
0.060081
0.081618
0.131380
-0.062968
-0.071027
0.109286
-0.044328
-0.132077
0.068054
-0.013694
-0.003354
0.168838
-0.091748
-0.054413
-0.093232
-0.040551
0.097929
0.008083
-0.118656
-0.020247
0.167528
0.134851
0.055397
-0.043210
0.127389
0.128139
-0.105527
-0.091323
-0.077398
0.185706
-0.107722
0.060206
-0.201346
-0.165606
0.050777
-0.196308
0.004303
0.075996
0.124014
-0.203022
0.069157
0.140858
-0.008655
0.041559
0.134339
-0.290641
0.061176
-0.064306
0.000580
-0.134260
-0.137105
-0.139381
0.074425
-0.038202
-0.104011
0.063174
0.023215
0.039131
0.056102
-0.020277
-0.036391
0.008727
-0.095372
-0.062667
-0.102330
-0.110206
0.011282
-0.085683
-0.031373
-0.084646
0.265592
-0.003692
-0.085310
-0.001666
-0.110190
-0.079242
-0.022669
-0.064909
0.300701
-0.022359
0.109808
-0.080312
0.205278
-0.028994
-0.003945
-0.149359
0.005384
0.072591
-0.077115
-0.036044
-0.195789
-0.028015
-0.131272
-0.044742
-0.011645
0.029771
0.081988
-0.079766
-0.071138
-0.027326
0.058023
0.203400
-0.003421
-0.021134
0.088092
0.113663
-0.102710
0.179942
0.145905
-0.047792
-0.081246
-0.062467
-0.106811
0.126196
0.132674
-0.259228
0.025431
0.016299
-0.030405
0.141187
0.193179
-0.037847
0.054848
-0.101405
-0.049695
0.000817
-0.021248
0.040977
0.037816
0.112926
-0.073089
0.113912
0.107212
0.072474
-0.041760
-0.117673
-0.108432
-0.025442
-0.079951
-0.043689
0.015792
-0.004961
-0.104863
-0.011110
0.089898
0.005453
0.092151
-0.139242
0.062863
-0.113787
0.015817
0.126861
0.105610
-0.005144
0.002878
0.046069
0.018889
-0.165954
-0.121097
0.053459
0.093252
-0.131093
-0.080613
-0.168494
0.081095
-0.018198
-0.089108
-0.081302
0.149164
-0.019492
0.097852
-0.110195
-0.080551
-0.054758
-0.014813
-0.076216
0.075940
0.027307
0.022316
0.127273
0.115667
-0.067608
0.125298
-0.039961
-0.027091
-0.022857
0.012536
0.071986
-0.041802
-0.086577
-0.026252
-0.024562
-0.135743
-0.028623
0.168803
-0.001082
0.069487
-0.092293
-0.009393
0.059367
0.010297
0.058161
-0.021293
0.030763
-0.147133
0.017077
0.007248
-0.020724
0.068666
0.188463
0.082560
-0.074715
-0.105745
-0.109592
0.068927
-0.061101
-0.035264
-0.036336
0.072498
0.133145
-0.166735
-0.023884
0.253434
-0.035890
-0.084672
-0.053277
0.006967
-0.061745
-0.290546
-0.175145
-0.045676
-0.012320
-0.040042
0.220659
0.014139
-0.011660
0.001876
-0.000609
-0.105667
0.049717
-0.147145
-0.086540
0.130476
0.063211
-0.049821
0.024363
0.013982
-0.122155
-0.099399
0.071097
0.121544
-0.083948
-0.076421
0.164572
-0.001653
-0.153270
0.088804
0.079915
0.006714
0.182649
-0.138741
-0.062891
0.124651
0.043900
-0.085908
-0.054256
0.138287
-0.031366
0.061718
0.116205
-0.027046
0.083683
-0.009199
-0.092116
-0.091776
-0.062419
0.089774
0.183941
0.058459
0.082742
0.007596
-0.188791
0.171310
0.063216
0.016992
-0.216370
-0.030179
0.048948
-0.070045
0.001347
0.171747
-0.049428
0.011668
0.104116
0.019141
0.133608
-0.159096
0.012807
0.011111
0.142673
0.057899
0.072609
-0.120888
0.074017
0.030301
0.212995
0.236905
0.046970
-0.093300
0.003588
-0.065217
0.100438
0.140612
-0.074158
0.016397
0.033577
0.019907
-0.107558
0.186735
-0.043709
0.125348
0.044540
0.031148
-0.092795
0.160625
-0.109760
-0.012817
0.068368
0.012739
-0.079462
-0.113590
-0.037747
0.100370
-0.031389
0.186738
0.266656
0.012636
0.048090
0.095320
-0.032318
0.116737
0.072064
0.068368
-0.035899
0.101158
-0.091541
0.016346
-0.144946
0.044709
-0.135645
-0.187586
-0.074269
0.125281
0.052131
-0.098772
0.087925
-0.005741
0.076419
0.101631
0.003786
-0.049100
0.095788
-0.042341
0.106734
-0.166232
-0.034956
-0.187203
-0.154036
-0.003017
0.090810
0.158958
0.022214
-0.017631
0.095804
0.073054
0.015646
0.004550
-0.005158
-0.034782
-0.135567
-0.021815
-0.037394
-0.148413
-0.019741
0.043181
-0.107770
-0.150372
-0.072944
0.091710
-0.247095
0.097413
-0.122266
-0.135759
-0.099962
-0.138720
-0.141121
0.027803
-0.004587
0.054316
0.234229
0.102223
-0.027231
-0.058507
-0.122595
0.020821
0.013655
0.121814
0.043759
-0.106785
0.033196
0.077421
0.049262
0.169606
-0.043235
-0.197143
0.126317
-0.014033
-0.056346
0.105498
-0.131664
0.172899
0.049411
0.186944
-0.139517
0.006793
-0.034832
-0.133606
0.049623
-0.077160
-0.275279
-0.097987
-0.000282
-0.091393
0.104601
0.166801
0.142226
-0.022714
0.001634
0.061446
-0.147401
0.021771
-0.015650
-0.038447
-0.166928
-0.259154
-0.040050
-0.198502
0.133268
0.046963
0.120308
0.162107
-0.043887
-0.055115
0.001127
-0.160113
0.147386
-0.262862
0.121027
0.027734
-0.017021
0.009874
0.070753
-0.056583
-0.088138
0.076212
0.173883
-0.327520
-0.087487
0.091558
-0.008375
-0.051170
-0.169980
0.087181
-0.119032
0.035370
-0.040588
-0.057321
0.025187
-0.161485
0.070125
-0.223537
0.030607
0.070012
-0.092424
0.039582
0.190776
-0.076511
0.099964
0.112564
-0.085013
0.037826
-0.037615
0.173400
-0.053480
-0.033966
0.048020
0.015557
0.060140
-0.164987
-0.171611
-0.114097
0.105882
0.036667
0.039945
0.008530
-0.111310
-0.040039
-0.014123
-0.024746
0.059425
-0.006467
-0.038768
-0.016635
0.077065
0.155017
0.081482
-0.048996
0.005479
0.070258
0.105067
0.089396
-0.100148
-0.048748
-0.008835
0.107921
0.067675
0.082177
0.006292
0.135639
0.089146
-0.030275
0.059444
0.094695
0.168722
-0.078772
-0.142231
-0.152038
-0.092150
0.125707
0.092962
-0.024552
0.093222
-0.009726
0.003530
-0.008725
0.175658
0.076730
-0.088725
-0.102184
-0.160586
0.093247
-0.164431
0.080459
0.088156
-0.012392
-0.038136
0.244943
0.213139
0.142718
0.155950
0.025372
-0.010123
-0.165463
-0.139152
0.151652
-0.091931
-0.128943
0.077794
0.083832
-0.030859
0.028836
-0.054876
-0.098577
0.026546
0.016821
-0.128839
-0.066240
-0.175806
0.101773
-0.023316
-0.018503
0.041591
0.092357
-0.037727
0.071692
-0.032220
-0.015344
-0.008668
0.045885
0.160465
0.061728
-0.037175
0.039229
-0.037041
-0.061209
-0.202130
0.063299
0.054745
-0.081508
0.017930
-0.111909
-0.053927
-0.134069
-0.098716
0.113602
-0.078114
0.081966
-0.031269
-0.018975
0.141940
-0.069871
-0.089190
-0.072517
-0.005306
0.110511
0.074711
0.118013
0.037277
0.096154
0.028702
0.033757
-0.070863
-0.043022
-0.001285
0.074582
0.061985
0.039086
0.046079
-0.065688
-0.014627
0.080484
0.061042
0.006418
0.025920
0.102137
-0.060655
0.183216
-0.070797
-0.044450
0.028330
-0.049099
0.058817
-0.045132
-0.096284
0.098016
0.144153
0.085267
0.031878
-0.012060
-0.100512
0.023768
-0.002239
0.202160
-0.013833
0.045383
-0.155174
0.105162
-0.057797
0.056687
-0.150383
0.049955
0.023120
-0.006177
-0.155992
-0.102755
0.020008
0.034574
0.120682
-0.114034
-0.022734
-0.107992
-0.125208
0.035095
0.213801
0.202632
-0.049836
0.071629
0.051571
-0.052713
-0.251361
-0.195796
-0.044254
-0.127476
-0.207166
-0.107574
-0.073718
-0.017302
0.101949
-0.152749
0.009524
0.049548
-0.057628
-0.064717
-0.056138
-0.164123
0.092120
0.042405
-0.206268
-0.196442
-0.152275
-0.024997
0.114229
-0.102456
-0.120045
0.052891
0.010862
-0.090956
-0.044790
-0.077509
-0.235799
0.001171
-0.015390
0.075302
-0.219689
0.005332
0.109070
0.204839
-0.209465
0.018213
-0.021361
0.259746
-0.032462
-0.049213
-0.051548
-0.093476
0.054719
-0.128467
-0.105394
-0.056331
-0.035343
0.070885
0.204914
-0.043187
-0.016360
-0.061077
-0.054486
-0.106684
-0.210826
0.043674
-0.164086
-0.093405
-0.016567
-0.240694
0.133281
0.162717
0.080276
-0.071510
-0.001074
0.031156
-0.053134
-0.139598
-0.093097
-0.047949
-0.101737
-0.218014
-0.097446
0.033575
0.005393
0.088540
-0.175847
-0.074897
-0.084381
0.012594
-0.062403
0.068193
0.032645
-0.165932
-0.000860
0.108293
-0.056060
0.248778
-0.153865
0.026103
0.004412
-0.013307
0.087061
0.014813
0.107697
-0.054037
0.107664
0.169166
-0.016757
-0.003438
-0.170658
0.026229
0.075210
-0.094932
0.038857
0.039569
-0.108736
-0.018428
-0.109778
-0.024647
0.080516
0.036782
0.106471
0.061565
0.096071
-0.093406
-0.123549
0.143918
0.068709
-0.084849
0.080485
-0.137472
0.057158
0.179647
0.129428
-0.095654
-0.088679
-0.101125
0.123179
-0.021258
0.038468
-0.007997
0.065330
0.074301
0.002978
0.005315
0.066815
0.067152
0.090361
0.035696
-0.072400
-0.124732
0.010194
-0.082626
-0.023636
-0.184184
-0.061358
0.031672
-0.116672
0.112988
-0.119762
0.062359
-0.020220
0.021988
0.047441
-0.013474
-0.123538
0.232186
-0.133323
-0.028242
-0.100124
-0.075219
0.121248
0.071966
0.110176
0.214376
0.128272
-0.082498
0.021845
-0.066054
-0.039291
-0.084001
-0.003963
-0.038054
0.102105
-0.036802
0.036708
-0.102254
0.063486
-0.182584
0.048712
0.195623
0.053174
0.048980
0.039740
-0.113410
-0.030187
0.226495
-0.071713
-0.109393
0.047937
-0.048388
-0.025034
0.065532
-0.093669
0.282559
0.042552
0.153421
-0.053132
0.107679
0.092471
-0.059645
0.190528
0.063536
-0.041325
0.000543
-0.009298
0.139949
0.148238
0.012993
-0.143931
-0.027186
-0.018669
-0.167286
0.083158
-0.069548
0.023635
-0.074752
0.042113
-0.016732
-0.037193
-0.142383
0.007390
-0.033045
0.000468
-0.118972
-0.151327
0.117201
0.051355
-0.000824
-0.125161
0.119523
0.025500
0.044008
0.194631
-0.139486
0.024863
0.104261
0.098150
0.034468
0.104425
-0.043156
0.103257
-0.106348
-0.026066
0.126700
-0.055475
-0.135178
-0.046630
-0.031578
-0.013288
-0.104564
0.113078
0.198141
-0.128346
-0.079094
0.137184
0.036493
0.122820
-0.072023
-0.286389
-0.057660
0.077797
-0.143594
-0.072201
-0.038439
-0.078206
0.057694
-0.099033
-0.100670
-0.142886
0.045216
-0.120703
-0.245412
0.081819
-0.021646
-0.221196
-0.001946
-0.168201
-0.101910
0.094062
-0.162492
0.072314
0.149222
0.005869
-0.059774
0.029051
-0.084272
-0.058876
-0.160325
0.049466
-0.062978
-0.072319
0.124656
-0.011257
-0.038884
0.104438
-0.018518
-0.083144
0.063654
-0.006630
0.112893
0.167986
0.039573
0.202469
0.032087
0.273239
-0.059547
0.037567
0.211366
-0.135821
-0.159089
-0.105180
-0.086405
0.050092
-0.120127
-0.136375
-0.115028
-0.219330
0.045210
-0.176048
0.002127
0.005283
-0.065630
0.147777
-0.041871
0.028634
0.095135
-0.065108
-0.061260
-0.050082
-0.034926
-0.020960
-0.015517
-0.140952
0.142114
-0.093523
0.110911
-0.097916
0.011946
-0.021868
-0.036516
-0.006326
-0.061991
-0.122996
-0.152778
0.031914
0.001569
-0.003075
0.055225
-0.045498
0.094805
-0.016903
-0.043591
0.108387
-0.012430
0.152787
-0.151971
0.015505
0.079162
-0.040020
-0.171066
-0.043084
-0.106293
-0.056053
0.088207
-0.017944
-0.261930
-0.007317
-0.191161
-0.040307
0.083550
0.064644
0.074738
-0.055297
-0.182674
0.087205
0.135767
0.149737
0.105168
0.013539
-0.055134
-0.007829
-0.039142
0.072709
-0.101513
0.247161
-0.060663
0.028774
-0.047625
0.011289
0.041239
0.033866
-0.058201
-0.045171
-0.193218
0.102913
-0.072649
0.247288
-0.141706
0.146712
-0.004919
-0.035454
0.054954
0.001483
-0.086066
0.005082
0.039742
-0.002693
0.003217
0.042605
0.040291
0.090665
0.090808
0.032601
0.076781
0.079929
0.006632
-0.010814
0.049010
0.046721
-0.093810
0.048244
0.097799
-0.034984
-0.075397
0.123327
0.109939
-0.124026
-0.074729
-0.035051
0.118485
-0.051159
0.018072
0.021645
-0.112717
-0.128676
0.169650
0.034227
0.022132
0.021660
-0.164970
0.097022
0.003759
-0.045283
-0.000010
-0.074608
-0.022046
-0.210909
-0.002057
0.044883
0.112227
0.017830
0.261253
-0.083178
-0.165638
0.230390
0.048488
-0.168532
-0.035711
0.041128
-0.043303
-0.014468
0.012081
0.150774
-0.015814
-0.080710
-0.056538
0.106121
0.126098
-0.052426
0.053521
-0.197701
0.026455
0.195940
-0.056019
-0.104035
0.119373
-0.053362
0.117129
0.159906
-0.112545
0.124155
0.152885
0.077463
0.125107
-0.057751
0.090766
-0.085468
0.132935
-0.026146
0.109327
0.019347
-0.119301
0.177485
-0.065501
-0.154673
0.097240
0.052597
-0.111875
-0.065782
-0.091007
-0.008633
0.050356
-0.001399
0.073915
0.178152
-0.103114
0.259771
-0.108031
-0.006731
0.055055
0.011671
0.114823
-0.053715
0.083980
-0.089635
-0.041569
0.025355
-0.155036
-0.007296
-0.064471
-0.039855
0.030339
-0.025423
-0.083642
-0.058172
0.015965
-0.012295
-0.312652
-0.021768
-0.059882
0.056204
0.244571
0.178630
-0.037949
-0.109504
0.092644
-0.098931
0.193416
0.097455
0.313967
0.141908
0.039960
0.075245
0.105425
-0.027691
-0.028690
0.059632
-0.027981
0.024857
0.109764
-0.020131
0.057408
0.041214
-0.104873
-0.241968
-0.140804
-0.059496
0.016889
0.088537
0.154676
-0.149668
-0.078558
-0.022627
0.086233
-0.153131
-0.134946
0.242152
-0.133030
-0.170876
-0.025840
0.012881
-0.061246
-0.125639
-0.089708
-0.081271
-0.065502
0.112798
0.122123
0.060722
-0.024442
0.007324
0.064951
-0.102473
-0.115958
-0.191813
-0.284871
0.134450
-0.015883
0.038929
0.230024
0.044499
0.018521
0.028658
-0.105714
-0.114084
-0.013373
0.167002
-0.039826
0.022228
0.173237
0.131674
-0.028712
0.186895
-0.120763
0.122696
0.037488
0.043133
-0.060945
0.015021
-0.132866
-0.050609
-0.197068
-0.176612
0.057429
-0.162805
0.154930
-0.045633
0.024323
-0.117789
0.027117
0.055142
0.066772
-0.230077
-0.005071
-0.054981
0.063732
-0.015547
-0.011405
0.086234
-0.149724
0.143921
0.028112
0.094597
0.086420
-0.123474
-0.047315
-0.124736
0.103174
-0.060729
-0.079072
0.082188
0.088956
0.191578
0.057956
0.029923
-0.035491
0.218887
-0.034725
-0.050299
-0.015603
-0.056866
0.078572
-0.155833
0.071062
-0.052296
0.126305
-0.142285
0.019681
-0.089321
0.031432
-0.103137
-0.187172
-0.030525
0.006523
0.089947
0.141930
0.018513
0.049123
0.021363
0.022339
0.145983
0.059214
0.003037
0.011077
-0.123964
-0.117407
0.041301
0.075448
0.109049
0.065156
0.103317
-0.027810
-0.070920
0.021546
0.023606
-0.070159
-0.024701
0.010426
-0.115263
0.058668
-0.002661
-0.133875
-0.024609
-0.029738
-0.021628
-0.190804
-0.128987
-0.035195
-0.116603
0.063462
