# 参数名称：backbone.features.13.conv.4.running_mean
# 参数形状：(576,)
# 参数数据类型：float32
# 参数值（保留6位小数）：
-0.003178
0.011384
0.008357
0.010875
-0.010947
0.010352
0.026468
-0.007811
0.008276
0.004883
0.017325
0.034453
-0.007005
0.010597
-0.004114
0.007334
0.021941
-0.010152
0.046194
0.016041
0.016098
0.007821
-0.018861
0.019804
0.014902
-0.005562
0.027899
0.015441
-0.014238
-0.001707
0.008693
0.010684
0.012835
0.005706
-0.011314
0.000496
0.024990
-0.001692
0.024251
-0.000746
-0.016354
-0.037784
-0.052336
-0.016261
0.013102
0.014576
-0.050394
-0.019800
-0.015693
-0.004416
-0.027342
-0.000867
0.017272
0.012070
-0.001274
0.033860
-0.003583
-0.000233
0.018387
0.023498
0.010419
-0.002987
0.002936
-0.007178
-0.004917
0.009553
0.021653
0.005640
-0.019935
0.023540
-0.024944
0.003329
-0.025358
-0.032827
-0.037373
0.030543
0.011184
-0.025073
0.025223
0.005958
-0.007727
0.003655
-0.011613
-0.035477
-0.005171
0.015509
0.010472
0.038030
0.013799
0.026842
-0.012654
0.006913
-0.039601
0.031254
0.013617
0.003424
-0.008494
0.034963
-0.021271
-0.043269
0.032913
-0.004729
0.020513
0.004305
0.005014
-0.037866
0.013731
-0.030915
-0.004550
0.010496
0.034819
-0.030386
0.032863
0.022860
0.014285
0.012537
0.033021
0.017218
0.009532
0.007632
0.002727
-0.015490
0.016425
-0.025856
0.036239
0.020693
0.003685
-0.012622
0.003081
0.009712
-0.023759
-0.005155
-0.007461
0.006370
0.020987
0.013009
-0.026344
0.012018
-0.027158
0.003496
0.027101
0.008979
-0.008019
0.037211
0.047838
-0.028385
-0.014550
-0.020605
-0.023055
0.004032
0.002936
-0.008352
-0.005744
0.017391
0.002886
0.004311
0.000686
0.005707
-0.004148
0.023837
-0.038426
0.001661
-0.008502
0.010153
-0.017365
-0.033972
-0.000400
0.011828
-0.023324
0.002788
-0.013168
0.006587
0.027108
-0.002677
-0.015397
0.016463
0.011175
-0.009052
0.024961
-0.000118
0.023254
-0.030687
-0.024503
0.024429
-0.003747
-0.004780
0.028509
-0.037093
-0.014178
0.012396
0.019146
0.000806
-0.009650
0.001779
0.004173
0.026950
-0.013772
-0.018227
0.029877
-0.015903
0.026412
-0.020329
0.029263
0.023185
0.021687
0.008325
0.038169
0.022606
-0.005905
0.005870
0.012751
-0.030259
-0.029464
0.002737
-0.011290
-0.026528
-0.005695
-0.001363
-0.028125
-0.006146
0.017006
0.009770
-0.003941
0.006106
-0.018868
-0.008962
0.011925
0.015887
-0.004095
0.001869
0.016795
-0.003345
-0.013557
-0.006145
-0.005448
0.020703
-0.001511
-0.005935
0.003958
0.035193
-0.031145
0.006836
-0.003152
-0.008298
-0.034882
-0.033959
0.021019
-0.024587
-0.010934
0.007740
0.004566
0.003968
0.008200
-0.001407
-0.011012
0.018109
0.012542
0.015501
-0.017474
0.031598
-0.032505
0.012179
0.001226
-0.020563
0.002686
0.001493
0.029229
0.017266
0.019084
0.010090
0.012637
-0.025322
0.013830
-0.032371
-0.015000
-0.006029
-0.008742
0.038263
0.034949
0.005079
0.018039
0.008124
0.042463
0.003824
-0.024551
-0.001337
0.017265
0.004232
0.005394
-0.000769
-0.008879
-0.014900
0.000593
0.053242
0.009766
-0.001800
-0.004877
-0.016531
-0.016882
-0.021200
-0.011219
0.020775
0.003218
0.010829
-0.010294
0.016687
0.036375
0.003297
0.034668
0.016959
0.009424
0.033327
-0.021293
0.043587
0.006851
0.022223
0.007139
0.027799
-0.010242
0.013352
0.021648
0.001122
-0.013514
0.031610
0.019976
-0.020813
0.003458
0.022056
0.018348
0.025055
-0.013810
-0.003863
-0.016171
0.002239
-0.017717
-0.005610
0.028388
0.012814
0.039067
-0.018344
0.016390
-0.011382
0.025494
-0.028352
-0.011238
-0.011173
-0.015655
-0.015178
0.010167
0.001916
-0.014747
-0.007074
0.030661
0.010062
-0.004781
-0.024617
-0.018849
-0.032924
0.029387
0.010942
0.047109
0.005787
-0.018317
0.005327
-0.003206
0.004759
0.023489
0.000144
0.017222
0.016460
-0.005672
-0.026812
-0.009141
0.012748
0.023910
0.029026
0.001917
0.019457
0.000244
-0.018260
0.022260
0.014644
0.014152
0.012750
0.008879
0.017033
-0.001037
0.005838
0.012282
0.002169
-0.007260
0.014414
-0.010967
0.010718
0.025730
-0.001450
-0.010131
-0.022669
-0.015990
-0.000599
0.007435
0.028412
0.013032
-0.010217
0.010375
0.005423
0.030815
0.013513
0.031384
0.020109
-0.011838
0.028268
0.016190
0.055630
-0.016539
-0.036388
0.001080
-0.029828
0.021049
-0.017391
-0.027008
0.016043
-0.014351
0.000167
0.008469
0.003723
-0.006457
0.019140
0.011643
-0.015032
-0.017170
-0.015676
-0.009861
-0.023824
-0.018224
-0.026239
-0.036436
0.001031
-0.000572
-0.010027
0.006572
-0.006373
0.022541
0.007633
0.013410
-0.017681
0.026708
-0.002217
-0.009976
-0.014709
-0.007426
0.019580
0.007071
0.017109
0.011539
0.004307
-0.041441
-0.015911
0.023072
-0.014652
0.021743
-0.007975
-0.028028
0.000051
0.000256
0.002089
0.003492
0.006466
-0.025809
0.002278
0.018093
-0.006882
0.017577
0.026202
0.018879
0.024559
-0.032017
0.038972
-0.011902
-0.005939
0.036195
0.019336
-0.008615
0.009275
-0.022289
-0.006144
-0.008234
0.022100
0.007440
0.020622
0.017083
-0.020839
-0.030212
0.015394
-0.016696
-0.008178
-0.018080
0.015836
0.024697
-0.008987
-0.006322
0.038905
-0.019757
0.016091
-0.009282
-0.008939
0.004007
-0.001917
-0.022078
0.000317
-0.036994
-0.009979
0.022020
0.022340
0.032220
-0.022160
0.008656
-0.029899
0.005397
0.005432
-0.000071
0.009029
-0.000957
-0.013424
-0.003910
-0.021988
0.027613
-0.018748
-0.021740
-0.002762
0.036027
0.024502
-0.033200
-0.019624
-0.008531
-0.009339
0.041543
-0.011298
0.010461
-0.001734
0.026750
-0.002459
0.016389
-0.037101
0.009794
0.025800
-0.018285
0.008879
0.034114
-0.010413
-0.013016
-0.010689
0.013186
0.010207
0.011637
0.020558
0.004907
0.018095
-0.017926
-0.005138
0.020584
0.015395
-0.028016
0.001693
-0.028310
-0.017580
-0.010174
-0.006834
0.036371
-0.022865
0.011734
0.002893
0.020467
0.011650
0.007936
0.017829
