# 参数名称：backbone.features.12.conv.7.running_mean
# 参数形状：(96,)
# 参数数据类型：float32
# 参数值（保留6位小数）：
-0.416590
-0.566036
-0.706142
0.721623
-1.224940
1.194835
0.958173
0.067550
0.422636
-1.372391
1.125875
0.478596
0.091769
-0.582681
0.399480
0.025380
0.402572
0.761150
1.950840
-0.347837
-0.487145
0.171355
-1.861792
2.196211
1.109792
-0.618366
2.153606
0.986468
-2.701550
-0.563406
-0.481417
0.199053
0.101364
0.363375
-0.467998
2.297042
0.081995
0.378707
-0.482226
-0.237694
1.441476
2.770268
-0.456516
-1.025299
1.747156
-0.605177
1.903454
0.143188
-1.921999
0.513157
-0.846871
-0.554044
0.020831
-0.347437
0.674770
-0.048979
-2.704091
-0.281237
1.163232
-0.854939
1.041553
1.772886
0.262775
-0.972202
-1.235294
-1.381975
-2.387159
1.463197
0.624566
0.018052
-0.681038
0.294575
-0.579860
0.647913
-0.440944
0.369255
-2.040315
1.037531
0.816106
-1.282442
1.427187
1.398753
-1.590045
-0.226594
-1.617504
-0.822931
1.468776
-0.505425
-0.828138
-0.170370
-0.398627
-1.045689
0.645593
0.894752
-0.043056
-1.028871
