# 参数名称：backbone.features.16.conv.4.weight
# 参数形状：(960,)
# 参数数据类型：float32
# 参数值（保留6位小数）：
0.916448
0.909400
0.936928
0.886284
0.933131
0.911652
0.922811
0.932407
0.942744
0.936404
0.915775
0.933904
0.915095
0.900296
0.929558
0.904924
0.913877
0.910754
0.919576
0.933852
0.886425
0.923599
0.917925
0.916603
0.940666
0.937158
0.897536
0.945708
0.891753
0.911885
0.911389
0.916324
0.895699
0.917463
0.883880
0.897148
0.888932
0.886760
0.899222
0.916747
0.904810
0.902213
0.912539
0.917606
0.914182
0.893433
0.899774
0.918034
0.916510
0.910797
0.899406
0.894090
0.898537
0.905669
0.940456
0.899288
0.906811
0.913847
0.919063
0.924816
0.932000
0.899468
0.933501
0.883042
0.884762
0.887932
0.908425
0.931547
0.899360
0.875066
0.914366
0.898974
0.901146
0.924484
0.910080
0.933175
0.917346
0.918421
0.908306
0.942233
0.893099
0.896511
0.889560
0.900896
0.876558
0.928825
0.883990
0.923164
0.928613
0.931220
0.915743
0.910800
0.908422
0.951814
0.909725
0.923043
0.923144
0.898449
0.938478
0.902652
0.913348
0.887609
0.890788
0.895318
0.885661
0.904876
0.884509
0.870224
0.896760
0.887994
0.931720
0.908140
0.897470
0.880197
0.883325
0.919750
0.907613
0.921428
0.923737
0.890987
0.915851
0.904424
0.890297
0.946330
0.942537
0.908633
0.918943
0.882566
0.929458
0.923427
0.919035
0.917143
0.920384
0.890897
0.968377
0.921897
0.891299
0.952644
0.926431
0.923312
0.896793
0.889022
0.932443
0.898024
0.914811
0.894967
0.888935
0.935948
0.897744
0.903661
0.884596
0.909153
0.888692
0.926105
0.917128
0.894100
0.934514
0.924223
0.903916
0.899387
0.893665
0.890146
0.937393
0.881945
0.931684
0.910812
0.919830
0.896445
0.905995
0.916918
0.924765
0.922844
0.921822
0.924811
0.875294
0.919281
0.915807
0.922097
0.894622
0.905156
0.911130
0.935161
0.884183
0.888914
0.893875
0.903387
0.914170
0.913186
0.909899
0.906290
0.946649
0.888784
0.916128
0.899377
0.923506
0.885741
0.932202
0.925148
0.886258
0.906731
0.930726
0.911888
0.931427
0.904752
0.911854
0.913286
0.940158
0.907245
0.921780
0.910245
0.923136
0.909847
0.921777
0.914192
0.912526
0.918075
0.904563
0.937855
0.917099
0.904324
0.918305
0.920036
0.942456
0.881819
0.924532
0.926105
0.920867
0.891483
0.894735
0.900621
0.908990
0.929896
0.913492
0.879782
0.893637
0.916796
0.905686
0.915259
0.954075
0.882862
0.895048
0.924933
0.908546
0.953567
0.938703
0.909863
0.902387
0.910562
0.938847
0.914499
0.902379
0.916954
0.935245
0.893347
0.896233
0.892144
0.903808
0.939015
0.936983
0.912955
0.915677
0.903787
0.904350
0.934623
0.896557
0.905643
0.922947
0.898703
0.925989
0.923055
0.875286
0.882047
0.907115
0.922036
0.951158
0.926902
0.898614
0.893863
0.903317
0.928004
0.940966
0.899746
0.928901
0.925894
0.878877
0.885761
0.902592
0.909317
0.915196
0.886982
0.929036
0.926493
0.895351
0.928222
0.895548
0.935959
0.902765
0.926541
0.917784
0.896994
0.894618
0.872407
0.894633
0.883243
0.900574
0.883266
0.918948
0.937881
0.892254
0.898799
0.928497
0.938109
0.929832
0.927122
0.896738
0.897404
0.916432
0.907695
0.954829
0.917538
0.907245
0.916582
0.921647
0.919592
0.929775
0.932027
0.958793
0.927490
0.925816
0.909175
0.936951
0.904711
0.923874
0.918995
0.924643
0.940773
0.941619
0.925570
0.893130
0.937076
0.910929
0.947134
0.915105
0.957332
0.905916
0.953490
0.893262
0.946404
0.887928
0.918268
0.948954
0.941357
0.912027
0.899969
0.903220
0.939600
0.920146
0.919776
0.937705
0.949525
0.925687
0.937066
0.918110
0.940662
0.927912
0.928605
0.927061
0.933759
0.882148
0.938759
0.916003
0.915496
0.932964
0.904977
0.941497
0.901901
0.925488
0.924853
0.957493
0.901952
0.921142
0.913346
0.892467
0.894351
0.886488
0.903848
0.933794
0.927270
0.894973
0.881737
0.911815
0.953578
0.925498
0.924749
0.925615
0.903062
0.932930
0.932354
0.893323
0.885923
0.916579
0.886769
0.949272
0.939064
0.896744
0.916052
0.886312
0.916586
0.919477
0.896110
0.895046
0.900039
0.928598
0.924365
0.881714
0.910045
0.941421
0.925314
0.895483
0.919802
0.911589
0.925823
0.931052
0.942836
0.900253
0.919712
0.936629
0.899979
0.935049
0.898054
0.931535
0.934207
0.927144
0.933964
0.905846
0.931993
0.907421
0.921155
0.930252
0.942705
0.905757
0.921178
0.931504
0.941015
0.930166
0.943504
0.918656
0.941815
0.918503
0.953228
0.902480
0.943158
0.915122
0.915797
0.885623
0.897497
0.924425
0.946263
0.899452
0.892383
0.927284
0.924528
0.896367
0.904134
0.897943
0.913350
0.919774
0.937191
0.897384
0.884089
0.945337
0.894229
0.897413
0.929417
0.948371
0.917468
0.917409
0.930532
0.914242
0.918226
0.937679
0.900523
0.920725
0.949745
0.899000
0.888734
0.918812
0.872497
0.918130
0.929390
0.944346
0.898751
0.888632
0.911189
0.925211
0.931094
0.898379
0.891141
0.904236
0.890204
0.913869
0.917027
0.926625
0.925926
0.900398
0.916307
0.919654
0.928149
0.893600
0.889880
0.929827
0.921742
0.894334
0.906848
0.914720
0.889030
0.906332
0.944614
0.897978
0.915766
0.954717
0.872480
0.938120
0.887088
0.922627
0.945303
0.871670
0.938324
0.899086
0.896856
0.944639
0.916942
0.928429
0.902854
0.901447
0.916405
0.936979
0.889274
0.899377
0.914620
0.905958
0.904399
0.949960
0.933414
0.896854
0.932160
0.901335
0.918044
0.939867
0.908981
0.904703
0.892222
0.902212
0.898830
0.893446
0.930924
0.946986
0.902944
0.923021
0.920510
0.884736
0.918135
0.907212
0.956549
0.907057
0.916703
0.894011
0.884808
0.941026
0.896472
0.917178
0.934191
0.923021
0.901691
0.901432
0.907784
0.898505
0.898829
0.917161
0.891489
0.915289
0.932960
0.911252
0.917970
0.916978
0.922256
0.902642
0.911428
0.901028
0.894193
0.883003
0.910681
0.887879
0.896631
0.878431
0.889455
0.904594
0.872360
0.918997
0.920698
0.881191
0.898285
0.945029
0.889419
0.939442
0.909811
0.897703
0.928132
0.910339
0.904369
0.941861
0.923252
0.954397
0.896619
0.917784
0.912535
0.891765
0.932023
0.930255
0.937801
0.902802
0.895189
0.937224
0.925121
0.926531
0.907593
0.945881
0.915426
0.888168
0.900603
0.908417
0.929025
0.898158
0.954710
0.911561
0.948974
0.926012
0.901158
0.897582
0.924120
0.945837
0.919202
0.890175
0.934832
0.887256
0.934125
0.931993
0.943930
0.881058
0.902987
0.921340
0.905644
0.892972
0.936260
0.924705
0.928343
0.912026
0.917571
0.904033
0.927805
0.877800
0.919522
0.908037
0.888997
0.891181
0.920247
0.898917
0.908686
0.912114
0.910075
0.939619
0.919185
0.890423
0.899412
0.912508
0.908846
0.918858
0.900969
0.923245
0.930328
0.916188
0.926509
0.914368
0.888687
0.916465
0.944623
0.928848
0.892466
0.889225
0.896858
0.920476
0.921699
0.928429
0.921756
0.888496
0.878394
0.893263
0.911183
0.935055
0.905150
0.911940
0.912115
0.941256
0.907359
0.941059
0.905647
0.929941
0.932755
0.917617
0.921769
0.924950
0.912850
0.923000
0.932442
0.895270
0.925194
0.929919
0.905656
0.945810
0.957516
0.905062
0.923183
0.950864
0.933008
0.911997
0.928006
0.923413
0.874501
0.900610
0.879581
0.892736
0.921611
0.897982
0.875121
0.902105
0.933108
0.912432
0.899835
0.876034
0.938992
0.936565
0.930875
0.931371
0.934638
0.889695
0.906533
0.898054
0.920758
0.921762
0.902678
0.877701
0.906376
0.940968
0.936970
0.926495
0.917724
0.910200
0.938839
0.879564
0.911422
0.921769
0.938621
0.919907
0.937374
0.932036
0.871174
0.907011
0.943856
0.924211
0.901116
0.901515
0.926462
0.915823
0.906120
0.888590
0.886189
0.917951
0.906441
0.916571
0.875919
0.880695
0.950917
0.898233
0.886545
0.903130
0.898806
0.957240
0.900129
0.919182
0.894828
0.906233
0.901847
0.916050
0.885397
0.945286
0.907838
0.885145
0.924915
0.904816
0.906962
0.916966
0.918937
0.927433
0.956173
0.927897
0.922081
0.910054
0.932918
0.920260
0.920986
0.909173
0.896202
0.894324
0.914331
0.950823
0.894177
0.899525
0.925654
0.913599
0.876205
0.942531
0.920397
0.910448
0.930436
0.939404
0.922548
0.891362
0.897445
0.906498
0.924973
0.883287
0.935166
0.902408
0.916079
0.890972
0.930126
0.934384
0.902314
0.883251
0.921885
0.947908
0.910235
0.897445
0.921847
0.949888
0.890555
0.911943
0.905345
0.896768
0.894498
0.892794
0.880202
0.917151
0.906498
0.869755
0.912521
0.884834
0.916998
0.912958
0.908747
0.912943
0.945545
0.904922
0.916899
0.908029
0.909352
0.907441
0.927649
0.932501
0.896966
0.893654
0.895977
0.916141
0.922368
0.947812
0.921971
0.929166
0.904111
0.875739
0.928455
0.926029
0.908724
0.915517
0.925742
0.947392
0.909203
0.908165
0.891962
0.933791
0.907881
0.906017
0.892527
0.939196
0.933827
0.886542
0.900024
0.898601
0.909380
0.899804
0.929966
0.894655
0.947986
0.912168
0.900981
0.885046
0.917325
0.912051
0.909712
0.905614
0.930697
0.923149
0.938044
0.932985
0.917203
0.910433
0.894310
0.918149
0.913442
0.916716
0.883605
0.889064
0.892995
0.898234
0.928219
0.903849
0.915045
0.902414
0.887033
0.909232
0.918566
0.885319
0.905238
0.923452
0.916547
0.911241
0.925824
0.882549
0.942664
0.894474
0.906876
0.921111
0.891394
0.900810
0.915608
0.922389
0.890239
0.903983
0.902361
0.926612
0.899636
0.923176
0.945801
0.914168
0.937673
0.943575
0.891680
0.954815
0.912338
0.881305
0.924042
