# 参数名称：backbone.features.6.conv.1.bias
# 参数形状：(192,)
# 参数数据类型：float32
# 参数值（保留6位小数）：
0.000907
0.001794
0.003836
0.004305
0.002876
0.003906
0.002608
0.003351
0.000909
-0.003417
0.000187
-0.000002
0.006192
0.000701
0.006434
-0.001010
-0.004323
0.004779
-0.001183
-0.000539
-0.006427
0.002645
0.001796
0.005807
0.002504
0.004419
0.002900
-0.001867
-0.001681
0.004206
-0.006824
0.006154
0.008436
0.010978
-0.007761
0.002648
0.000078
-0.003771
0.004687
0.001762
-0.002734
0.015331
0.003340
0.002601
-0.001401
-0.005331
0.001258
-0.000286
0.003064
0.007993
0.004711
-0.008321
-0.005752
-0.000969
-0.001325
0.006434
0.000251
-0.001194
-0.001297
-0.005845
-0.004875
0.004002
0.003744
-0.002761
-0.000662
-0.002147
-0.002733
0.002351
0.003999
0.000346
0.001893
-0.003092
-0.002432
0.005813
-0.002602
0.007366
0.001281
-0.002486
0.005113
-0.002097
0.003159
0.001004
-0.000968
0.000698
0.003066
0.004498
-0.001728
0.012419
-0.001749
-0.001757
0.004589
-0.003260
0.005604
0.003527
-0.004888
0.001025
-0.002828
0.000510
0.002909
0.002857
-0.001871
-0.001111
0.003780
0.004007
-0.005048
0.000992
0.004902
0.001579
0.003152
0.003616
-0.001787
0.001212
0.001425
-0.003139
0.003030
0.002029
-0.001520
-0.006195
-0.002139
0.002563
-0.003599
0.001855
0.000688
-0.005562
0.001271
0.008173
-0.002859
-0.002024
-0.002377
0.002458
0.004549
0.000760
0.001466
0.005329
0.007649
-0.001393
0.001591
0.004096
-0.004051
0.004426
-0.001978
-0.005056
0.007584
0.004603
-0.004043
0.000587
-0.000487
-0.001005
0.006348
0.002353
0.001437
-0.001352
0.000261
-0.000452
-0.001657
-0.002754
0.000247
0.001007
0.003116
-0.004606
-0.004788
-0.004549
0.000724
0.000305
0.004669
0.003899
0.006045
0.008694
-0.004339
-0.001263
0.005095
-0.007930
0.003595
0.003188
0.003681
-0.001297
0.001149
0.004195
-0.001938
-0.000377
0.001397
-0.003405
-0.001782
-0.000947
0.006759
0.000926
0.001118
0.002755
0.002708
-0.000749
-0.000668
0.001197
