# 参数名称：backbone.features.11.conv.7.running_var
# 参数形状：(96,)
# 参数数据类型：float32
# 参数值（保留6位小数）：
3.641537
2.602337
3.076085
2.764201
3.127043
3.721180
3.103015
2.775018
4.073618
2.991750
4.610401
2.916035
3.590388
3.310272
3.408049
3.874408
7.085385
3.956266
3.176502
7.338033
2.873256
2.864016
2.965843
5.752741
3.961836
3.612781
3.004552
3.666076
7.733860
3.236345
3.227826
3.218291
3.641532
3.866111
2.963525
3.350565
3.246657
2.790587
3.677459
3.665651
3.198159
2.701228
4.549895
4.324855
3.248500
3.418745
2.899710
3.359145
4.012614
4.243872
4.435039
3.582012
2.700441
3.105656
4.009949
6.992465
2.819097
4.309558
4.103241
2.963256
4.241975
5.235877
4.392153
3.708659
2.600915
3.282180
2.959502
3.351634
3.523896
2.825550
4.319656
2.998440
4.369686
3.455854
3.340546
3.430378
2.952316
3.270209
2.140524
2.936357
3.004388
3.671831
4.491895
2.945276
3.032482
4.869694
5.120272
5.068366
2.799512
4.543473
3.267286
3.876881
3.749619
3.160343
4.339967
4.277922
