# 参数名称：backbone.features.4.conv.1.bias
# 参数形状：(144,)
# 参数数据类型：float32
# 参数值（保留6位小数）：
-0.003264
0.007169
-0.007111
0.001601
0.005146
0.005576
0.005289
0.002752
0.000922
0.003609
-0.007912
0.000412
-0.004512
-0.004381
0.004699
0.005819
0.001736
0.003400
-0.007449
-0.002135
-0.000888
-0.001758
0.002647
-0.005005
0.002229
0.002566
0.001681
0.000610
0.002760
0.003235
0.000807
0.002199
0.007438
0.011053
-0.003919
0.010660
-0.001928
0.007421
0.004575
0.003927
0.004405
0.001430
-0.004447
0.003995
-0.000729
0.001399
-0.000630
0.000526
-0.005457
0.000159
-0.000371
-0.004860
0.005341
0.005621
0.004383
0.005548
0.003534
0.003159
-0.001244
-0.000167
-0.002086
0.000341
-0.002837
-0.000621
0.005252
-0.004404
-0.001911
0.001072
-0.000080
0.010281
0.001921
0.000523
0.001708
-0.000596
-0.006428
0.003805
0.003475
0.005383
-0.005206
0.002393
-0.003457
0.000919
0.001224
0.001802
0.002216
-0.001166
-0.003623
0.000440
0.001371
0.005516
-0.001905
-0.005937
-0.003735
0.009727
0.000663
0.003821
0.004269
0.004428
0.002433
-0.001866
0.011388
0.009827
0.006751
0.002293
-0.000811
-0.001517
0.010173
-0.000675
0.007159
0.007391
0.003704
0.006698
0.004704
0.003014
0.006478
0.000711
0.008728
0.002446
0.002559
0.002613
-0.003264
0.003654
0.003015
0.000945
0.003484
0.002016
-0.005308
-0.000091
-0.005090
0.004157
-0.002647
0.002705
0.002945
0.000447
-0.001355
0.002194
0.001698
0.004304
-0.001882
0.001127
-0.004647
-0.002953
-0.003536
0.006597
