# 参数名称：backbone.features.9.conv.1.running_var
# 参数形状：(384,)
# 参数数据类型：float32
# 参数值（保留6位小数）：
0.615861
0.639747
0.806924
0.693458
0.569807
0.709631
0.528704
0.486020
0.698413
0.970364
0.603104
0.670044
0.447355
0.754662
0.706613
0.607661
0.605796
0.548081
0.530029
0.609286
0.406790
0.548384
0.748680
0.519556
0.956723
0.528905
0.589886
0.514277
0.566218
0.932584
0.936566
0.567046
0.751651
0.587567
1.575872
0.387522
0.577780
0.734002
0.508698
0.794648
0.678002
0.862318
1.035457
0.875629
0.840942
0.615517
0.499781
0.623360
0.587628
0.780838
0.762897
0.955789
0.401167
0.576073
0.583854
0.817585
0.887793
0.757268
0.742058
0.789125
0.588124
0.447842
0.573032
1.327350
1.001072
0.653304
0.385274
1.011986
0.409971
0.671169
0.520120
0.681051
1.013972
0.467130
0.518609
0.479753
0.511984
0.498750
0.514200
0.872364
0.558256
0.932354
0.575756
0.408406
0.617330
0.789464
0.505537
0.387523
0.510814
0.393769
0.545664
0.903766
0.587135
0.528019
0.646699
0.595708
0.837158
0.608675
0.405357
0.418151
0.802985
0.729915
0.733435
1.265889
0.584733
0.551681
0.612334
1.042877
0.965213
0.479441
0.545489
0.704194
0.333081
0.581139
0.407112
0.535095
0.688560
0.775505
0.504125
0.622946
1.584440
1.039476
0.578997
0.547210
0.611414
0.896510
0.922062
0.565712
0.914125
0.703304
0.638544
0.742540
0.583551
0.955705
0.754247
0.714967
0.625102
0.652127
0.807940
1.049761
1.008354
0.888715
0.754914
0.341148
0.581392
0.961658
0.557004
0.404379
0.842988
0.528380
0.571452
0.680511
0.641338
0.598133
0.903917
1.020967
0.493475
0.668038
0.818886
0.722347
0.894898
0.684598
0.792795
0.381024
0.468607
0.506911
0.779388
0.911579
0.731263
0.672430
1.545572
0.509457
0.935206
0.632900
0.861625
0.886859
0.617094
1.059482
0.394021
0.817421
0.745992
0.889008
0.850231
0.493054
0.903299
0.601904
0.870872
0.477567
0.479523
1.029314
0.705269
0.769713
0.480150
0.795820
0.919354
0.671641
0.669023
0.525952
0.385198
0.763500
0.723642
0.700600
0.974353
0.744544
0.849542
0.714911
0.569446
0.671783
0.550939
0.576262
0.482841
0.590252
0.965525
1.273487
0.474309
0.493455
0.528768
0.598578
0.807529
0.627131
1.136469
0.936025
1.591681
0.620266
0.596379
0.680337
0.972063
0.878359
0.546835
0.615495
1.021981
0.635673
0.768653
0.995938
0.821141
0.873923
0.519526
0.641840
0.541805
0.399487
0.558395
0.622867
0.624912
1.013274
0.624961
0.652179
0.381271
0.949008
0.509386
0.597032
0.554395
0.733276
0.395233
0.442403
1.314500
0.585725
0.740160
0.520776
0.713221
0.738567
0.466048
0.376868
0.731495
0.518165
0.511668
0.926366
0.421818
0.633747
0.580448
0.722408
0.432751
0.569017
0.891464
0.757055
0.769605
0.844186
1.411619
0.677371
0.513046
0.761426
0.428896
0.456971
0.711882
0.541195
0.509546
0.481780
0.890745
0.524124
0.940237
0.961062
0.470776
1.528147
0.476034
1.269744
0.632859
0.820412
0.664849
0.782790
0.574379
0.644747
0.783482
0.643567
1.115546
0.820979
0.673987
0.430799
0.625214
0.924336
0.632048
0.668760
0.544878
0.469827
0.585424
0.861614
0.973034
0.657916
0.940163
1.077557
0.711156
1.016614
0.757285
0.872379
0.646211
0.600060
0.489501
0.614968
0.944498
0.525566
0.988693
0.587603
0.329286
0.587906
0.572756
0.701500
0.836545
0.530880
0.817339
0.571771
0.599189
0.490202
0.989189
0.915806
0.610306
0.587992
0.679888
1.334280
0.416503
0.805971
0.540314
0.490030
0.555154
0.604162
0.535669
0.916914
0.777158
0.345017
0.787718
0.612255
0.609537
0.574821
0.996587
0.753176
0.841234
0.687933
0.663891
0.979254
0.946470
0.582740
0.910772
0.565587
0.902870
0.457747
0.533624
0.629320
0.742164
0.724078
1.547075
0.584082
1.072759
0.881504
0.541146
0.552836
1.149866
0.422083
