# 参数名称：backbone.features.12.conv.7.bias
# 参数形状：(96,)
# 参数数据类型：float32
# 参数值（保留6位小数）：
0.000006
0.000135
-0.000051
0.000021
0.000040
0.000013
0.000083
0.000027
-0.000002
-0.000126
0.000006
0.000024
-0.000068
0.000066
-0.000019
0.000009
0.000024
-0.000002
0.000051
0.000091
0.000068
-0.000088
0.000017
0.000010
0.000160
0.000031
0.000037
0.000027
-0.000031
-0.000020
-0.000035
-0.000051
-0.000026
-0.000010
0.000056
0.000047
-0.000004
-0.000028
0.000109
0.000086
-0.000101
0.000006
0.000068
0.000081
-0.000109
-0.000085
0.000001
-0.000025
-0.000100
-0.000043
0.000068
-0.000026
-0.000006
0.000052
0.000051
0.000090
0.000060
-0.000002
0.000055
0.000041
0.000033
0.000089
0.000001
0.000017
0.000043
-0.000007
0.000021
0.000008
-0.000048
0.000052
0.000026
0.000008
-0.000001
-0.000061
-0.000062
-0.000136
0.000036
-0.000130
0.000111
-0.000011
0.000004
0.000019
0.000019
0.000050
-0.000021
0.000054
-0.000024
0.000075
0.000028
-0.000024
0.000117
0.000012
0.000034
0.000019
0.000026
-0.000030
