# 参数名称：backbone.features.17.conv.3.weight
# 参数形状：(960, 1, 3, 3)
# 参数数据类型：float32
# 参数值（保留6位小数）：
-0.002194 -0.014501 -0.004248
0.020258 0.008756 0.020093
0.011365 -0.000398 0.010496
-0.015452 -0.009316 -0.002889
-0.004718 0.034996 0.010408
-0.015074 0.008344 0.027074
0.017332 -0.003179 0.013488
0.008215 0.034421 0.009205
0.002424 0.004211 -0.014029
0.020040 -0.013216 -0.002505
-0.015317 0.000482 0.018123
0.026415 -0.013191 -0.013521
0.003137 -0.019015 0.002284
-0.005219 -0.005561 0.016052
-0.014248 -0.000747 -0.039326
-0.009165 -0.002305 -0.006316
-0.004900 -0.002193 0.001388
0.001818 -0.002628 0.025337
-0.015894 0.000047 -0.018675
-0.004931 0.034946 0.012840
0.001958 0.012320 0.011222
-0.012521 0.001229 -0.001426
0.017300 0.011906 -0.026276
0.014647 -0.029250 0.014627
-0.000183 0.009070 -0.014302
-0.028871 -0.002956 0.009807
0.001005 0.008563 0.007645
-0.004485 0.004639 0.014368
-0.015666 0.015175 0.020223
0.009439 0.013089 0.006097
-0.009820 -0.001160 0.011026
-0.016763 -0.004929 0.021981
-0.018816 -0.008187 0.023549
0.002102 0.000461 0.012546
0.006152 0.008025 0.046580
0.005811 0.009899 -0.029287
-0.016358 -0.004933 -0.031950
-0.022280 -0.008456 0.000538
-0.001498 -0.002604 0.012239
0.025937 -0.008315 0.038225
0.001625 0.027156 0.007533
-0.008842 -0.003982 -0.014745
-0.008262 -0.003437 0.014222
0.011829 0.013525 -0.002593
-0.027511 0.026938 0.026282
0.000621 -0.019288 -0.005429
-0.009281 0.008894 0.002249
-0.013541 -0.015387 -0.018613
-0.006749 0.017617 -0.015539
-0.026219 0.005698 0.007191
0.001483 -0.024885 -0.019506
0.001802 0.018481 -0.031868
-0.018240 0.011658 0.003725
0.002141 0.005227 -0.023160
-0.009686 -0.005445 0.005361
-0.010407 -0.011050 -0.034728
-0.013207 -0.005375 0.014059
-0.019492 -0.007956 0.023483
0.019880 -0.031742 0.014495
0.012928 -0.014320 -0.012571
0.037606 -0.014928 -0.000891
0.008639 0.017035 -0.028069
0.012528 -0.010119 -0.008442
0.003348 -0.000548 -0.000044
0.008569 -0.028761 0.009662
-0.006825 -0.020561 -0.022206
-0.021596 0.019206 0.002878
-0.015120 -0.013022 0.002589
-0.026572 0.002322 0.014196
0.015141 0.004275 -0.002869
-0.000816 -0.027145 -0.014193
0.003268 -0.006463 -0.014107
-0.007367 -0.003709 -0.012503
0.005130 -0.004239 -0.008009
0.008006 -0.022435 -0.015330
0.023761 0.013707 0.009272
-0.025036 -0.004228 -0.022675
0.012950 0.012727 -0.008909
0.004163 -0.002345 0.003826
0.001095 0.001180 -0.007951
-0.015981 0.008801 -0.004091
-0.000204 0.002952 -0.006460
-0.000018 0.005089 -0.034191
0.002735 0.019951 0.009165
-0.001513 0.008650 0.010678
0.004658 0.005963 -0.000306
0.002019 0.002892 0.007244
0.021208 0.004188 -0.003925
0.008166 0.021762 -0.039944
-0.004634 0.001566 -0.019654
0.022272 -0.010153 0.031281
-0.006354 0.006373 -0.019494
0.013579 0.025408 0.022394
-0.013874 0.008018 -0.002705
-0.010501 0.000093 -0.017455
0.029348 0.014930 -0.002127
0.017039 -0.023135 0.005026
-0.003721 -0.006787 0.035027
-0.024531 -0.008978 -0.004593
-0.007077 -0.005336 0.021301
0.020609 0.001945 -0.007749
0.013639 -0.005454 0.014772
-0.027536 0.011779 -0.021035
0.020003 0.012109 0.005382
0.003298 0.014339 0.001386
-0.001295 0.044268 0.007907
-0.036136 0.011472 0.035041
-0.007926 -0.019424 -0.019453
0.011023 0.015000 -0.018587
0.018825 -0.035694 -0.027842
-0.018588 -0.021160 -0.006683
0.016871 0.003772 0.021171
-0.003317 -0.002209 0.014793
0.040828 -0.010775 -0.022892
-0.009341 -0.000354 -0.003480
-0.021315 0.022867 0.004767
0.026809 0.014624 -0.000102
0.019013 0.003946 0.000729
-0.013949 0.006987 0.009196
-0.007129 0.014274 -0.025029
-0.023776 0.017497 -0.000441
0.021023 -0.002876 -0.012714
0.001485 -0.015429 -0.006809
-0.010232 -0.010934 -0.007067
-0.026712 0.014979 -0.019319
-0.013839 0.002204 -0.014770
0.006722 0.005741 -0.003125
-0.019232 -0.040109 -0.001215
0.014664 0.005290 -0.008184
-0.007347 0.009525 0.009465
-0.010089 0.003816 0.002724
-0.014353 -0.004360 0.006009
-0.004178 -0.002860 0.021569
0.017586 -0.000884 0.004104
-0.005769 -0.011273 0.007660
0.011176 -0.004181 0.019503
0.009108 -0.002989 0.000101
0.022057 -0.011433 -0.003268
0.007537 0.029555 0.022810
0.008476 -0.006980 -0.009641
0.016921 -0.000730 0.002307
-0.017553 0.001921 -0.016622
-0.000457 0.011542 0.005142
-0.011183 0.008635 -0.014241
0.007103 0.013575 -0.005235
0.008425 0.000324 0.002947
-0.000263 -0.001645 0.028455
0.018215 -0.013190 0.014787
0.037880 0.003491 0.002631
-0.004912 -0.009438 -0.004832
-0.009618 -0.016992 -0.017623
0.019582 0.009331 0.026548
0.034246 0.008318 -0.015406
0.029719 0.024709 0.008288
0.001480 -0.000618 -0.023902
-0.001666 0.010515 -0.015190
0.012123 -0.004148 -0.022954
-0.026788 0.007758 -0.019083
-0.009161 0.005925 0.007859
0.021411 -0.009606 0.000616
-0.020292 0.012385 0.009349
0.025429 0.022248 0.013687
0.003172 0.000489 -0.007074
-0.013367 0.019459 0.006619
-0.009235 -0.012313 -0.011151
-0.002355 -0.013752 -0.010697
0.004309 -0.023211 0.014399
-0.012391 -0.012542 0.002188
-0.000407 -0.013696 -0.010670
0.005873 -0.002462 -0.008926
0.000787 -0.027289 0.006717
0.013929 -0.003242 -0.020654
-0.003872 0.010941 -0.008920
-0.002501 -0.002936 0.006105
0.015088 0.007919 -0.033654
0.026373 0.010148 -0.002678
0.023898 -0.032320 0.005343
-0.000497 0.004378 -0.002079
-0.026106 0.014901 0.024497
-0.007200 -0.028803 -0.002279
-0.000030 0.005789 0.003561
0.007407 0.014706 0.023987
0.009168 0.032473 0.001904
0.019031 -0.009566 0.035328
0.010318 0.003658 -0.002237
-0.002769 0.005082 0.003765
-0.012674 -0.013225 -0.008950
0.020215 -0.000285 0.010760
0.005453 -0.004740 -0.026363
0.033034 -0.007982 0.004687
0.012517 0.004993 -0.005944
0.005343 0.002130 0.022224
0.009359 0.017753 0.001871
-0.008095 -0.010714 -0.003328
0.011801 0.016699 0.000279
0.003274 -0.005920 0.002957
-0.021129 0.020483 0.040501
-0.009744 0.022187 -0.003031
0.007829 -0.004510 0.038947
-0.023053 -0.002694 0.021744
0.033284 0.021808 0.006991
-0.013204 -0.017516 -0.005705
-0.014222 -0.002611 0.012131
0.031605 0.003797 -0.013046
0.002950 -0.002309 -0.000072
-0.002972 0.007512 0.007687
-0.004769 -0.005478 0.000766
0.016145 0.011654 -0.009552
0.006519 0.017998 0.026373
-0.009259 -0.010368 -0.014324
-0.011476 -0.039982 0.016197
0.019790 -0.005178 0.007770
0.009601 -0.004512 0.010794
0.019171 0.005693 -0.012704
-0.031958 0.029572 0.012714
0.020512 0.006527 -0.019034
-0.004502 -0.005407 0.020569
0.017389 0.005904 0.008581
0.008576 -0.006963 0.018093
-0.003751 0.019219 0.023317
-0.020783 -0.018919 0.027857
-0.013461 0.004374 0.009912
-0.040907 -0.016743 0.002243
0.010102 -0.013898 0.035347
0.014652 0.023576 0.012568
-0.006138 0.006528 -0.009016
-0.027940 -0.000242 -0.003079
0.005859 -0.004508 0.000581
-0.043324 -0.007927 0.005303
-0.017449 0.025312 0.007229
0.004852 -0.006493 -0.012539
0.014540 -0.013606 0.011269
0.011228 0.013253 0.001017
0.010315 0.005901 -0.030141
-0.012348 -0.028080 0.016890
0.013693 0.002534 0.016207
0.011440 0.016661 -0.025760
0.008492 -0.005776 -0.021138
-0.012420 -0.008423 0.016509
0.001586 -0.018141 0.011111
-0.006014 0.000551 0.009864
-0.000547 -0.026232 0.000028
0.016879 0.004800 0.014131
-0.016272 -0.005475 -0.013991
-0.006552 0.004025 0.009736
0.013464 -0.016616 -0.025747
0.012021 -0.000175 0.004918
-0.027828 -0.008811 0.031676
-0.012754 0.014530 0.035450
-0.011749 0.012465 0.005721
0.002869 0.003194 -0.016612
0.000092 -0.029342 0.001542
0.008470 0.008317 0.013105
-0.015213 0.001681 0.019656
0.021320 -0.006353 0.001770
0.006689 0.013102 -0.013823
0.018816 0.004590 0.003927
-0.015577 0.021402 0.009583
0.016662 0.045433 -0.008783
-0.006315 -0.000303 -0.006548
0.025976 0.002689 -0.002287
0.005949 0.001422 -0.011540
0.007872 -0.024199 0.004533
0.020073 -0.010237 0.003123
0.011219 -0.002554 0.026578
-0.017777 -0.002770 0.017908
0.019438 -0.009911 -0.002512
-0.004729 0.006655 -0.006327
0.009025 -0.006928 -0.002925
0.013237 -0.022195 -0.007922
0.017716 -0.013435 0.033473
0.000713 0.033592 -0.017458
-0.005736 0.037847 0.006634
0.016663 -0.008692 -0.019059
0.012485 -0.003161 0.019612
0.007221 -0.012503 -0.000565
-0.030345 0.008026 -0.006906
0.002775 0.011243 0.007892
-0.009438 -0.018773 -0.006547
0.002184 -0.030165 -0.000622
-0.011695 0.016553 -0.002865
-0.008453 -0.015130 0.025918
0.011850 0.014879 -0.005594
0.010354 -0.011691 -0.019704
-0.019395 0.003905 0.013789
0.005939 0.002765 -0.020840
0.009110 -0.006409 0.013708
-0.015256 -0.014272 -0.025855
0.005325 0.041920 -0.025131
-0.002336 -0.012074 0.004624
-0.000825 -0.000078 0.017133
0.025458 -0.009127 0.012513
0.010185 0.020640 -0.007697
-0.003073 0.022409 0.005893
0.032521 -0.000004 -0.006753
-0.014997 -0.003478 0.011064
0.002534 0.008426 0.000042
-0.003892 -0.000205 -0.009408
-0.020058 0.018466 0.010795
-0.006247 0.008270 -0.010380
-0.002511 0.011073 -0.026021
0.023006 -0.008563 0.021901
-0.020157 -0.007389 0.016563
-0.002702 0.014674 -0.007423
-0.005750 -0.002504 0.018716
-0.013186 -0.007255 -0.018206
-0.000887 0.005209 -0.001279
-0.011075 0.029151 -0.008424
-0.018750 0.001816 0.019811
-0.024153 -0.012827 0.013979
0.004926 0.004920 0.003633
-0.015876 -0.044594 -0.016455
-0.003666 0.002814 0.008315
-0.008118 0.031134 -0.001577
-0.005831 -0.028768 0.000270
-0.001489 0.010588 0.003823
0.005760 -0.010802 -0.011951
-0.000622 0.009013 -0.016807
0.005896 0.023336 0.027580
0.026425 0.011083 -0.007558
0.008544 -0.017798 -0.025470
-0.001627 -0.002421 0.003353
0.004354 -0.018308 -0.025609
-0.017125 -0.024334 -0.015345
-0.001417 0.005575 0.012281
-0.028062 0.003974 0.005439
-0.023041 -0.020435 0.015602
0.015192 0.007654 0.021523
0.009824 0.017942 -0.005307
-0.000719 -0.001270 0.004256
0.024904 0.029590 0.011417
0.014026 -0.018044 -0.002681
-0.015760 0.026863 -0.038184
-0.015609 -0.016788 0.014389
-0.013370 0.005023 -0.011890
-0.009750 -0.007836 -0.022806
-0.022702 0.008628 0.015121
-0.001611 -0.030926 -0.009833
-0.000332 0.036181 0.007851
-0.006425 0.010679 -0.020545
-0.001634 -0.033104 0.000638
0.000778 0.001031 -0.021831
-0.003238 0.004995 -0.004534
0.020051 0.003536 -0.014599
0.021948 -0.016874 0.024271
0.002598 -0.009025 -0.018414
0.016800 -0.003730 0.017761
-0.018670 0.021126 -0.023757
0.000099 -0.013820 0.005187
0.003363 0.018716 -0.011211
0.012663 0.002655 0.017455
0.017156 -0.015808 -0.013626
0.028582 0.004621 0.027891
0.002085 0.011863 0.023133
0.005779 0.001013 0.009225
0.024230 -0.003919 -0.030287
0.012274 -0.004407 0.026799
0.010916 0.016779 -0.008795
-0.003007 -0.001108 -0.016077
0.005965 0.035915 -0.014769
0.009542 -0.011680 -0.011741
-0.008817 0.026888 -0.022086
-0.017988 0.003655 0.021066
-0.002491 -0.006271 0.009057
0.004005 0.007829 0.007815
0.034744 0.005606 0.003178
0.016190 -0.007692 -0.015518
-0.022588 -0.015377 0.007761
-0.022311 -0.026931 -0.027626
-0.006125 -0.010689 0.000065
-0.004480 0.004168 0.003285
0.035235 0.004764 0.011747
0.010069 0.029425 0.002143
-0.015519 0.001727 0.028184
0.007061 -0.008121 0.023824
-0.019881 -0.011855 0.004687
0.021888 -0.002605 0.004226
0.005317 0.016187 0.025283
0.000770 -0.007186 0.004856
0.023441 -0.002216 0.023954
0.013832 0.011189 -0.006857
-0.003835 -0.000075 -0.031406
-0.024897 -0.000888 0.003256
0.010452 -0.014034 0.022034
0.015772 0.004999 -0.010133
0.003415 0.011410 -0.016628
0.025482 -0.020921 0.010389
0.004048 0.009799 -0.008781
0.015260 0.011367 0.006566
-0.001643 0.045249 -0.006821
-0.006452 0.013815 -0.016523
-0.006691 -0.015249 0.005582
-0.025304 0.000541 -0.011454
-0.010004 -0.014555 0.001921
0.020995 -0.003831 -0.012324
-0.005763 0.009397 -0.009962
-0.013698 -0.011927 0.010162
0.015973 0.003131 -0.015624
0.009831 -0.002703 0.009621
0.016147 0.015360 0.015418
0.025133 0.014914 -0.023395
0.014467 0.012809 0.010866
0.007286 0.035691 0.026321
-0.003294 -0.022729 0.007389
-0.002940 0.017667 -0.001709
0.020145 0.000847 0.017167
-0.024766 -0.008654 -0.000702
-0.003930 -0.030850 0.003521
0.005519 0.009073 0.009605
-0.008023 -0.014563 -0.032207
0.025020 -0.002147 0.025987
0.014418 0.007347 0.000139
0.009007 0.014924 -0.001354
0.005091 0.005675 -0.001602
-0.011590 0.006619 0.008237
0.002190 -0.025904 -0.010157
0.000675 0.013178 0.012275
0.003170 0.003482 -0.010887
-0.021433 0.002729 0.036402
0.017177 0.024044 -0.007171
-0.016761 0.006298 -0.011994
0.019228 0.008824 0.009477
0.003794 0.000184 0.003498
0.012102 0.004631 -0.005823
-0.006831 -0.018798 0.012169
0.007190 -0.029882 0.015754
0.039562 -0.028354 0.004365
0.014511 -0.006020 0.008072
0.016583 0.006296 -0.006773
0.013751 -0.003648 0.004449
0.005267 0.006968 -0.009373
0.010043 -0.004131 0.036526
0.011590 -0.020651 0.011736
0.012696 0.005167 0.006685
-0.050577 -0.025987 0.011176
-0.000440 0.009426 0.017690
-0.001522 -0.013213 -0.008279
0.012101 -0.032167 0.012266
-0.010134 -0.005919 0.016399
-0.010089 -0.020395 0.030408
0.016402 0.001601 -0.007958
0.018781 -0.008047 -0.004770
0.016028 -0.022856 0.028591
0.029877 -0.003149 0.029524
-0.009483 0.015209 -0.002749
0.010969 0.018704 -0.004011
0.017652 -0.009992 -0.028887
-0.010708 -0.013583 0.001581
-0.008377 -0.014427 -0.001454
0.004907 0.022284 -0.017099
-0.030892 -0.013187 0.001801
0.034291 0.021603 -0.014308
0.009817 0.009715 0.008978
-0.011589 -0.011996 0.000255
-0.011884 0.007662 -0.018421
0.032839 0.016420 -0.011142
0.019512 -0.000001 -0.007029
-0.007570 -0.024384 -0.027919
-0.008616 0.016782 0.004472
0.005069 -0.009507 0.002186
0.011060 -0.010595 0.005397
-0.025810 -0.012355 0.020118
0.027383 -0.005191 0.019216
-0.009715 -0.000647 -0.000076
0.010048 0.004977 0.010257
-0.044059 -0.042852 0.013717
-0.013237 -0.026049 -0.012987
0.000529 -0.010747 0.012762
0.016801 0.001169 -0.019041
-0.000450 0.008354 0.006907
0.006724 -0.006831 -0.016783
0.032074 0.003281 0.011335
-0.011478 -0.012871 0.015839
-0.000198 0.011882 0.013912
0.008078 -0.024559 -0.015951
0.015844 -0.002909 -0.014024
0.023338 0.025773 0.011841
-0.013954 0.002534 0.015529
-0.004171 -0.009279 0.013238
0.021144 0.006687 0.017655
0.005725 -0.000603 0.008574
0.012358 0.018617 0.033432
-0.008208 -0.019045 -0.000710
-0.016414 0.001802 0.017225
0.008357 0.000614 0.014005
0.012772 -0.023623 -0.000902
-0.005546 0.011626 0.026030
-0.021539 0.021548 -0.002353
0.003768 0.011948 0.018992
0.018225 -0.005063 0.018796
-0.026734 0.018862 -0.007234
0.009880 0.001718 0.014672
-0.032285 0.010000 0.015618
-0.017824 -0.021955 -0.009035
-0.015330 -0.015087 0.011025
0.009907 0.008952 0.012194
-0.001436 -0.008232 0.018021
0.024299 -0.010511 0.007794
0.010753 0.008055 0.023304
0.012606 -0.025230 0.017305
-0.002896 -0.003421 -0.003562
0.010229 0.001895 -0.003905
0.009538 0.029907 -0.003767
0.007646 -0.010407 0.027804
0.003783 0.021530 -0.015637
-0.006639 -0.008543 -0.029860
0.013894 0.001079 0.006462
0.024426 0.007803 0.011862
0.002176 -0.006714 -0.003344
0.003524 -0.004759 -0.021368
0.020108 0.001255 -0.011853
-0.023532 0.008433 0.014477
-0.007211 0.000279 -0.001946
0.022098 -0.008364 0.008458
0.015732 0.021952 0.026001
0.007360 -0.009772 0.023531
-0.012264 0.031141 -0.031944
-0.000723 -0.026863 -0.000291
0.021640 -0.000571 -0.012694
0.011368 0.002783 0.024893
0.006797 -0.022985 0.012035
-0.011354 -0.018766 0.005959
0.016419 -0.009568 -0.018819
-0.027995 -0.026483 -0.017238
0.008892 -0.001030 -0.009146
-0.016740 0.021302 -0.008388
0.009285 0.012803 -0.003154
-0.012163 -0.002358 0.013782
-0.004389 -0.002358 0.015395
-0.006685 -0.009568 0.004028
0.039953 -0.009915 -0.018310
0.015886 0.006837 -0.026442
0.010118 -0.024438 -0.021260
0.006522 -0.020870 -0.012866
0.023339 -0.008401 0.000884
-0.007887 0.008237 -0.002574
-0.009898 0.015806 -0.016031
-0.014819 0.033686 0.006069
0.007021 -0.004962 -0.016037
-0.016178 0.002873 0.025920
-0.010973 0.001145 0.012304
-0.005517 0.037846 0.004976
-0.001736 -0.007947 0.017937
-0.021528 0.015024 0.005015
-0.013497 -0.023580 0.003970
0.005550 -0.033058 0.017778
-0.025340 -0.004954 -0.010214
-0.012838 0.010728 0.029132
-0.014569 0.000561 -0.012962
0.013485 0.017520 0.016490
0.010146 0.025519 0.002793
-0.012288 -0.001765 -0.012220
-0.000238 0.018161 0.010657
-0.048281 -0.025810 0.007309
-0.002619 -0.007953 0.005568
-0.011836 -0.003123 0.019813
0.006207 -0.007203 0.004684
-0.016568 0.000865 0.022571
-0.017832 -0.005331 0.014299
-0.000180 0.003793 0.013686
-0.013032 -0.006882 -0.022217
0.010724 0.026820 -0.002093
0.005126 -0.023293 -0.030996
-0.001508 -0.004508 0.012549
0.001883 0.014101 0.003722
0.011654 0.000302 -0.017289
-0.016580 -0.012822 -0.026121
-0.023048 -0.002556 -0.022258
0.029902 -0.000756 -0.015157
0.002193 0.005007 0.011806
-0.004934 -0.016839 0.026760
-0.005722 0.007301 -0.004528
0.012986 0.007388 0.001311
0.011700 -0.001488 -0.003693
0.009616 0.017617 0.008180
0.001334 -0.008899 0.011450
0.004194 -0.015744 -0.004573
-0.012144 -0.001098 -0.006740
0.004289 -0.000252 -0.015115
0.001225 0.028767 0.029201
0.014771 0.006586 0.009257
0.023360 -0.000474 -0.004383
-0.000157 -0.037484 0.007634
-0.003592 -0.007123 -0.009098
0.005034 -0.013647 0.006356
0.031790 0.017612 -0.018901
-0.023610 0.005754 0.001155
-0.006344 -0.013894 0.022069
-0.006244 -0.005869 -0.004699
-0.011205 -0.002092 0.008722
0.000694 -0.012049 -0.000643
0.019068 -0.009837 -0.001831
0.001676 0.021367 -0.007460
-0.019149 -0.020054 -0.007461
0.002978 0.007337 -0.007248
-0.010464 -0.021563 0.028392
-0.003265 0.000105 -0.005314
0.012707 0.005574 -0.022483
0.022055 -0.023068 0.009291
-0.014077 -0.018029 -0.001152
0.008420 0.016067 0.002167
-0.010361 0.000315 -0.011277
-0.009186 -0.019534 -0.004582
-0.011086 -0.028746 -0.016846
-0.005950 -0.003005 0.006866
0.003317 0.022763 0.027032
0.005091 0.003027 0.003280
-0.017657 0.001307 -0.008262
-0.015497 -0.001811 0.009128
-0.007792 0.016574 -0.006556
-0.020818 -0.026012 -0.008566
-0.003779 -0.003488 -0.014092
-0.038341 -0.008980 -0.006735
0.005715 0.005868 0.008079
0.023099 -0.012933 -0.028706
-0.013651 -0.019720 0.026086
0.009192 0.018410 0.014181
-0.013978 -0.000898 0.024186
0.006012 0.010363 -0.010870
-0.013926 0.004796 0.008050
0.036298 -0.011807 -0.005582
0.015290 0.008206 0.027182
-0.018930 -0.011529 0.004039
-0.011363 -0.012952 0.006090
-0.005974 0.008406 -0.040302
0.009080 -0.029263 0.007231
0.022654 0.003421 0.004702
0.021397 -0.014014 -0.005605
-0.010995 0.004740 -0.006081
0.003658 0.021805 -0.005727
-0.006446 0.001327 0.003646
-0.012558 0.000917 0.003861
-0.038662 0.016009 0.016801
-0.015522 -0.008430 -0.002836
-0.015106 0.024771 -0.004047
-0.005991 -0.016533 0.021062
-0.014043 0.006473 -0.004881
0.013756 0.031792 0.003642
0.021658 -0.006282 -0.016018
0.016650 0.007660 0.011491
0.003474 -0.014087 0.003814
-0.002375 -0.008014 -0.000217
0.030146 0.006178 -0.017272
0.000498 -0.016886 -0.002165
-0.001348 -0.006828 0.006580
-0.004422 -0.001890 -0.012583
0.000377 -0.017610 0.011213
0.044648 -0.032481 0.005611
-0.009900 -0.000943 -0.014290
0.009999 0.016372 0.022869
0.007462 0.007465 0.026942
-0.009691 -0.021258 -0.013572
-0.005865 -0.016423 -0.007411
0.005136 -0.016781 -0.013657
0.015814 0.008933 -0.013275
0.005043 -0.009196 -0.001815
-0.010688 0.001998 0.022291
-0.012571 -0.006324 -0.003423
0.009265 -0.018409 -0.012041
0.000334 -0.028540 -0.027862
0.008601 -0.015567 0.020163
-0.018327 -0.006513 -0.009296
-0.005307 -0.021395 -0.023541
-0.009084 -0.031465 -0.038025
-0.024091 0.014161 -0.004248
0.010608 -0.006375 0.000537
-0.000886 -0.014155 -0.027188
0.010794 0.007947 -0.015663
-0.004244 -0.012860 0.017348
0.004974 0.003037 0.001251
-0.006327 -0.004228 0.006416
-0.001703 -0.000568 0.009472
-0.017913 -0.012322 -0.009691
0.007925 0.004029 0.018591
-0.008007 0.004020 -0.013121
-0.029203 -0.043731 -0.011852
-0.013267 0.026859 -0.004577
0.005075 0.011254 0.004994
-0.004480 0.001596 0.026119
-0.003590 -0.002563 -0.010273
-0.003897 0.025622 0.005541
-0.018154 -0.000099 -0.012703
-0.004499 0.013145 -0.021854
-0.031219 -0.006068 -0.012456
0.025048 0.005004 0.014802
-0.042756 -0.008593 -0.011965
-0.004729 -0.015522 -0.012408
-0.011906 0.002887 -0.000791
0.002700 0.016962 -0.013814
-0.000639 0.007294 0.034223
-0.001631 -0.011871 -0.007996
0.015404 -0.001646 -0.010593
0.020643 -0.023377 -0.009659
-0.022891 0.020471 0.004452
-0.025380 0.000759 0.018651
0.007798 -0.001709 0.003863
-0.010975 -0.018085 0.034751
-0.007956 0.016727 0.004863
0.009296 -0.017743 0.030092
-0.006126 -0.006617 0.000509
0.005792 0.028639 -0.007764
-0.021645 0.019105 0.012564
-0.017537 0.001875 0.015959
-0.025492 -0.025396 -0.005251
-0.011212 0.014374 0.008543
0.006101 -0.006207 0.023889
0.009586 -0.001450 -0.028872
0.006765 0.018468 0.013279
-0.003403 0.019355 -0.018850
0.008442 0.008121 -0.000404
0.016812 0.004014 0.023870
-0.020779 -0.012538 0.010102
-0.002771 0.016145 -0.002913
-0.014424 -0.006534 0.022232
-0.011374 0.006109 0.004088
-0.013272 -0.016398 -0.022190
-0.010668 0.002196 -0.009463
0.026720 -0.010692 0.005441
0.010609 -0.021232 -0.010694
0.017797 -0.006640 0.012623
0.000033 -0.012477 0.012412
0.000428 0.016890 0.008268
-0.003894 -0.005682 0.003933
0.024774 0.013652 -0.014317
-0.010422 -0.001950 -0.003416
-0.002360 0.003286 -0.017459
-0.014846 -0.021713 -0.011798
0.024629 -0.005133 0.002160
0.022846 -0.007641 0.013107
0.022124 0.008382 -0.013140
-0.000019 0.011600 -0.007417
0.026034 0.009061 0.003181
-0.017031 -0.004044 0.018457
0.003912 0.000074 0.011082
-0.010893 -0.000937 -0.012402
0.016391 0.006621 0.002542
0.003039 -0.011902 -0.010295
-0.025062 -0.021094 0.003636
0.010691 0.020443 -0.017275
0.017414 0.016770 -0.009909
0.013944 -0.020481 -0.005644
0.003392 0.008145 0.008313
0.009889 -0.007704 0.011378
-0.017181 -0.030832 -0.018134
-0.004459 -0.015039 -0.010560
0.046844 0.005413 0.013601
-0.011019 -0.022423 0.004026
0.016160 -0.014202 0.010062
0.006285 -0.003357 0.010900
-0.001721 0.012075 0.009635
0.026919 0.006432 -0.000725
0.009788 0.006389 -0.004649
0.011612 -0.006559 0.027393
-0.011757 -0.000980 0.027640
-0.034584 0.016754 0.001569
-0.000699 -0.014661 -0.010854
0.029609 -0.005115 -0.016939
-0.023306 0.028859 0.009867
-0.014795 0.015902 0.002535
-0.012070 -0.001041 0.014085
-0.000948 -0.019717 0.007512
0.012063 -0.008209 0.010787
0.000773 -0.005454 0.004793
0.006619 -0.004652 0.027790
0.010244 -0.001488 0.020032
-0.011357 -0.014518 -0.018037
-0.010477 0.011782 -0.002406
0.001403 0.010289 -0.004069
-0.013550 0.029127 -0.011288
-0.000540 -0.025940 0.019378
-0.006364 0.020054 0.007375
-0.005540 -0.011021 0.013449
-0.006903 -0.006290 -0.006333
-0.019827 -0.008738 0.004434
0.006916 0.021987 0.013139
0.009583 0.007215 -0.002974
0.022355 0.013425 -0.002511
0.000733 -0.015877 0.027457
-0.021414 -0.010571 -0.026433
-0.011057 -0.027829 -0.000033
0.044888 -0.006675 0.011681
0.004006 -0.005121 -0.032413
-0.002578 -0.027355 -0.028888
-0.006471 -0.000760 -0.012633
-0.016022 -0.013857 -0.001813
0.008661 -0.022874 -0.023213
0.020560 0.000153 0.020138
-0.000503 -0.007209 -0.028342
0.020633 0.004679 -0.036319
0.001016 0.001195 -0.000658
0.034287 0.003041 0.014221
0.013052 -0.017348 -0.023572
0.019595 -0.015532 -0.011153
-0.010520 0.010482 -0.008827
-0.016627 0.013604 0.002900
-0.009953 -0.015213 0.006515
-0.006820 -0.011020 -0.028585
0.000185 -0.006277 0.006051
-0.010880 -0.019406 -0.016507
-0.015461 -0.020993 0.015048
0.013285 -0.022539 0.027184
-0.021283 -0.032819 -0.019851
-0.009204 0.002400 0.011993
0.013764 -0.022909 -0.003659
-0.011861 0.012090 0.006387
0.004188 -0.012748 -0.013688
0.024115 -0.019112 -0.018867
0.017481 -0.029703 0.008497
-0.012594 0.003091 -0.012493
-0.006828 0.012943 0.003219
0.007865 0.010995 -0.027154
-0.016511 -0.006730 0.026886
0.001942 0.014389 0.030216
-0.023621 -0.019614 0.003787
0.017705 0.012499 0.018938
-0.024071 -0.015250 -0.028249
0.019391 -0.004169 0.013370
0.002197 0.011760 -0.024340
-0.009367 0.006253 -0.005965
0.016407 0.001310 -0.006103
0.014296 0.003026 -0.008212
-0.006877 0.020864 0.016027
-0.018400 0.010553 0.015130
-0.022590 0.015111 -0.004314
-0.025508 -0.002016 0.020347
-0.007755 0.005614 -0.006541
0.015343 -0.022311 0.028596
-0.040776 -0.003753 -0.015175
-0.000826 -0.016585 -0.018971
0.030125 0.003816 0.004234
0.003332 0.005837 0.014500
-0.012882 0.025869 -0.014232
0.001721 0.029769 -0.012814
0.020404 -0.019990 -0.018957
-0.005052 -0.016081 0.030608
0.045485 -0.017543 0.013899
-0.025941 0.002753 0.018582
0.018473 0.021540 0.010277
-0.043202 -0.006719 0.001322
-0.008144 0.029242 0.009886
-0.000940 0.033189 -0.001053
-0.017859 -0.014657 0.000634
-0.029273 0.015166 0.023894
0.017916 0.030059 0.004156
-0.001771 -0.015348 -0.002883
0.005231 -0.040191 0.007001
-0.019610 0.034136 -0.062970
-0.015693 0.008799 0.006514
0.013626 0.014711 0.005726
0.022386 0.004257 -0.002741
-0.006762 0.011735 0.001927
0.020392 -0.014866 -0.015942
-0.008127 0.008008 0.015181
0.035360 -0.010958 0.021515
-0.005919 -0.003898 -0.010081
-0.003701 0.009097 -0.023254
-0.001069 0.008900 0.004557
-0.007489 0.000463 0.009073
-0.015324 0.008287 0.029872
-0.000547 -0.001971 0.007773
-0.001241 -0.000064 0.005054
0.003547 -0.008973 -0.009658
-0.012650 0.005651 0.033936
0.004347 -0.012870 0.018943
0.030835 -0.009912 0.005924
-0.040320 0.004988 -0.008238
0.001363 -0.002694 0.003009
0.026420 0.011826 0.024114
-0.015476 0.017328 -0.018985
0.022623 0.014238 0.042334
0.002953 0.008532 -0.005277
-0.009798 0.001672 0.027803
-0.013801 -0.003265 -0.032501
-0.012089 0.008967 -0.027993
-0.007811 0.037942 -0.023647
0.030277 -0.013745 -0.005834
0.036914 0.018131 -0.010999
0.017799 0.009632 -0.024455
-0.005945 -0.006807 -0.010560
-0.000720 -0.003517 0.006065
-0.009280 -0.031337 0.033952
-0.000700 -0.000395 0.019931
0.017026 0.005425 -0.005451
-0.003893 -0.003610 -0.024588
0.022077 -0.008571 -0.006761
0.034047 0.020752 0.004634
0.015564 0.001373 0.021622
0.007771 0.012713 -0.002974
-0.021653 -0.014189 -0.017641
-0.026556 -0.004635 -0.011457
-0.006877 0.003963 -0.021237
0.020710 0.006255 0.000463
-0.008592 -0.025971 0.019994
0.027912 0.012187 0.018199
-0.008599 0.018879 0.011456
0.018881 -0.024933 -0.012129
-0.006642 0.021839 -0.015533
0.012481 0.007355 -0.027619
-0.012663 0.043829 -0.005193
0.005071 0.012958 0.002883
0.043723 -0.033443 0.004376
-0.001220 -0.003609 0.009073
-0.006620 -0.020691 -0.019474
0.016742 -0.008471 0.008746
0.015298 -0.008278 0.029812
-0.009929 0.001218 0.005842
-0.007646 0.005404 0.004922
-0.004559 -0.005930 0.001858
0.016364 -0.003349 0.008114
0.009213 -0.008441 -0.021485
-0.010693 0.003035 0.015950
-0.011453 0.024341 0.011751
0.024633 -0.008821 0.027036
0.034711 -0.007027 -0.007955
-0.011972 0.008641 0.004740
0.005223 -0.009068 0.012397
-0.012673 0.021083 0.015457
-0.001136 0.010220 -0.002614
0.019854 0.007949 0.015819
0.013745 0.001448 0.024421
0.013064 -0.017635 -0.000885
0.001132 0.017564 0.006001
-0.005746 0.017999 0.019393
0.008395 0.006522 0.027856
0.029771 -0.009656 -0.006083
-0.011738 0.008174 0.014645
-0.020795 0.007170 0.011599
-0.018959 -0.005100 0.002448
0.024189 -0.003161 0.024003
-0.000259 -0.000533 -0.000885
-0.012078 -0.007763 0.011374
-0.008327 0.018596 -0.017510
0.016871 -0.006991 0.009827
-0.004777 -0.019665 0.005689
-0.015957 0.004183 -0.004616
0.025722 -0.010809 0.023399
-0.034266 0.005890 0.016636
0.003668 0.018370 -0.000783
0.004178 0.003870 0.001308
-0.005654 -0.011034 -0.004875
0.022226 0.015002 0.005734
-0.014347 0.009477 -0.010002
-0.001507 -0.008326 -0.011692
0.005744 -0.026798 0.000091
0.006869 0.001892 0.006101
0.002897 -0.005170 -0.000707
-0.007802 -0.001696 -0.012380
-0.006978 -0.026611 -0.012963
-0.009052 0.005645 0.002645
0.026566 0.002564 0.003710
0.009919 -0.028436 -0.001465
-0.009168 -0.015829 -0.012499
-0.001217 0.009580 0.006160
0.005851 0.011733 0.013923
-0.010060 -0.000606 -0.010300
-0.010981 -0.006302 0.001943
0.007634 0.005409 0.004422
-0.007349 0.010055 0.019884
0.012094 0.014147 -0.002011
-0.008040 0.016676 -0.029453
-0.015069 -0.018754 -0.017695
0.001756 0.028066 -0.024396
0.032721 0.006437 -0.020370
0.005058 0.012422 -0.000144
0.014347 0.014537 0.007534
0.019007 0.003457 0.013123
-0.012783 -0.013134 0.028185
0.013684 -0.009686 0.010175
-0.011524 -0.000922 -0.027355
-0.015322 -0.027019 0.009703
0.010775 -0.014335 0.009048
-0.001074 0.004375 0.027674
-0.001308 -0.025190 0.017975
0.004941 -0.018397 0.002117
0.001431 -0.012664 0.004255
0.002961 -0.009743 0.009266
-0.029589 -0.010630 -0.005732
0.015348 -0.010855 0.024668
-0.001248 0.014618 -0.010120
0.013287 -0.006600 0.015564
0.009828 -0.007941 -0.009765
-0.000774 0.000490 0.000235
0.000323 0.003207 0.032643
0.020821 0.000641 0.027607
0.029595 -0.011431 0.017282
0.008230 -0.012423 -0.021235
-0.006341 -0.021223 0.004834
0.016764 0.018118 -0.012257
0.011565 -0.001042 -0.010656
0.023109 -0.000416 0.014160
0.007299 -0.008441 -0.008126
0.006512 0.006779 0.030646
-0.011709 0.019563 0.003434
0.027371 0.011124 -0.011345
0.027265 0.002307 0.013030
-0.004504 0.017270 0.019567
0.004661 0.027736 0.014951
0.003559 -0.010309 0.003499
0.013672 -0.017012 -0.008621
0.007355 0.003556 0.016026
0.014533 0.012640 -0.010375
0.011189 0.000597 0.029754
-0.001177 -0.011573 0.000820
0.007379 0.014569 -0.005063
-0.018684 -0.002466 0.031094
-0.017890 0.013903 0.015894
0.011675 0.038527 -0.005781
0.011196 -0.020906 0.006634
0.005460 0.012401 -0.011256
-0.000700 -0.008587 -0.006961
-0.004511 0.001624 -0.005374
-0.002412 -0.011338 -0.007291
0.002177 -0.038964 0.004080
0.041658 -0.007309 -0.011797
0.015440 -0.004152 -0.007825
0.029617 0.014320 -0.010724
0.021370 -0.006120 -0.038247
0.005359 0.018871 0.013105
0.007865 -0.018509 -0.024776
-0.026922 -0.017797 -0.009889
0.016918 -0.014788 -0.014744
0.003828 0.009985 -0.009280
0.024825 -0.000741 -0.015648
-0.003154 0.018901 0.024047
-0.010938 0.015282 -0.005936
-0.003313 -0.012432 -0.026386
0.003602 -0.002239 -0.007154
-0.021456 -0.003879 -0.008630
-0.010360 0.003237 0.027074
0.015103 0.004371 0.019143
-0.012306 -0.001478 0.011500
0.004545 -0.020407 -0.010046
-0.023925 -0.022544 0.024797
0.000974 -0.004722 -0.008766
-0.008181 0.005108 0.002673
-0.016828 -0.058579 0.023457
0.017342 -0.007461 -0.020298
-0.019993 -0.016340 0.002361
0.000133 0.020090 0.019097
0.002131 0.007646 0.020627
-0.031406 0.016551 -0.007993
0.001207 0.003766 0.006078
0.024872 0.023910 0.013547
0.005309 -0.003117 -0.014550
0.025721 0.003659 -0.000601
-0.026202 0.001156 0.007224
-0.002300 0.008465 0.000107
-0.027512 0.010214 0.009689
0.004959 0.001968 0.019419
0.004267 -0.010043 0.000833
-0.020917 -0.006440 0.008001
0.011989 -0.007693 0.003821
-0.010759 0.018253 0.027004
0.012853 -0.005093 -0.001064
0.025585 0.027431 0.011149
-0.003270 0.003655 -0.001150
0.028008 -0.001176 0.005319
-0.013805 0.003043 0.012648
-0.007725 0.023045 -0.025868
0.013226 0.008357 -0.011403
0.000530 0.021903 -0.013863
0.010715 0.003890 0.016939
0.012689 0.007600 -0.000076
0.005125 0.001106 0.004136
0.014093 0.013853 -0.000851
0.010209 -0.000582 -0.009440
0.004035 -0.022094 0.020408
0.006514 0.034287 0.000991
0.033233 -0.000022 0.017485
-0.030459 -0.010694 -0.036817
0.002355 0.014578 -0.010893
0.001964 0.006568 0.015697
-0.005489 -0.001442 0.004581
-0.016751 0.004415 0.012839
0.013910 -0.006009 -0.013660
-0.007341 0.003885 0.003334
-0.033902 -0.018089 0.001443
0.013654 0.010663 0.010327
-0.002788 -0.009763 -0.005029
-0.003128 -0.007153 0.005595
-0.015716 -0.000981 -0.009383
0.005620 -0.010995 0.003570
0.029402 -0.019788 0.003932
-0.007421 -0.001781 0.002978
0.019160 0.008589 -0.000357
-0.014542 -0.025686 -0.014568
0.005698 -0.001056 0.004499
0.009659 -0.019994 -0.023421
-0.011899 0.006953 0.021311
-0.017550 0.011415 -0.033114
0.007806 0.010139 -0.008546
-0.002377 0.005435 -0.024773
-0.039065 0.011380 0.006809
-0.031174 -0.008687 0.021695
-0.035104 0.001753 0.005090
-0.022681 0.019153 0.001363
-0.010074 0.012797 -0.024331
-0.019285 -0.002178 0.013228
-0.000792 -0.010922 -0.014352
0.016905 0.026771 0.026754
0.013936 0.026886 -0.000365
-0.003394 0.028164 -0.005724
0.014367 -0.035723 0.007046
0.017345 -0.004897 0.004299
-0.035007 0.010500 0.006348
0.039707 0.005796 0.037527
0.011196 0.004930 -0.013208
0.004323 -0.005334 -0.013276
0.014754 0.021367 -0.015859
0.021612 0.002499 -0.010808
-0.005304 -0.020411 0.004448
0.025554 -0.008653 -0.003147
0.015005 0.025500 -0.021124
0.003411 -0.020844 -0.013552
-0.011912 -0.015717 -0.009512
-0.004907 -0.007923 -0.004414
-0.026051 -0.015200 -0.004151
0.028357 0.011650 0.012245
0.003571 -0.016703 -0.014562
0.009851 0.006346 0.017530
0.016311 0.004223 0.002157
0.011340 0.008286 -0.008532
0.030193 0.010858 0.005397
0.033633 -0.002833 0.013601
0.012197 -0.012393 0.030406
-0.026999 -0.007496 0.005043
-0.009037 0.017093 0.001381
0.000839 0.007170 -0.001131
0.000567 -0.019348 -0.004541
-0.021309 0.020698 -0.012347
0.025446 0.016651 0.008737
-0.008079 -0.023015 0.007213
0.014054 0.003069 0.002977
-0.008615 0.009805 -0.002583
-0.001172 0.020845 0.020382
-0.009058 -0.003001 -0.023940
-0.017531 -0.000123 -0.010956
0.006135 0.019833 -0.008054
-0.006899 0.009578 -0.020057
0.011390 -0.009133 -0.000074
0.018275 -0.001867 -0.012086
0.013480 0.005594 0.010178
0.001644 0.013172 -0.011732
-0.019415 -0.029543 0.000803
0.011482 0.027019 -0.002245
-0.043341 0.000093 0.011917
0.027332 0.008459 0.007007
0.008339 -0.012851 0.000919
0.011411 -0.000503 0.012565
0.008695 0.007803 0.014320
0.007251 -0.005475 -0.015061
-0.003384 0.001131 -0.001144
0.002050 0.001319 0.010196
-0.004955 0.011018 0.008881
0.007409 0.025684 0.006818
0.012397 0.003573 0.009487
0.001480 -0.006309 0.012234
0.001403 0.004573 -0.006078
-0.012021 0.004620 -0.006916
-0.016947 -0.018120 -0.006024
0.010550 0.030805 -0.006669
0.036720 -0.006384 0.004264
-0.000597 0.022318 0.013527
-0.001955 -0.017102 0.018058
-0.009320 -0.002477 -0.005073
-0.023596 0.002156 -0.008346
0.003177 0.005179 0.010499
0.016004 -0.005249 -0.016208
0.001899 -0.005232 0.001235
0.016135 -0.007420 -0.023064
0.030903 0.028694 -0.003762
-0.009115 0.013678 -0.013841
0.010291 0.011030 -0.007766
-0.016530 -0.013850 0.028148
-0.007742 0.004157 0.029788
0.019824 0.004197 0.017564
-0.016211 0.016742 0.016309
-0.014879 0.003696 0.004506
-0.015126 0.029014 0.012633
0.006110 0.014478 -0.020764
0.004085 -0.022297 -0.007710
-0.009937 0.008300 -0.005913
0.004497 -0.004808 -0.004169
-0.013388 -0.002169 -0.040828
0.002884 -0.011531 0.010587
-0.028855 0.015070 0.003615
0.010001 0.011410 0.009552
0.007678 0.014409 -0.002992
-0.002922 -0.008823 -0.005186
0.011691 -0.014765 0.007704
-0.006927 -0.004265 0.000042
0.005246 0.007749 -0.028861
-0.003495 -0.002726 0.023576
0.015054 0.016448 0.023551
-0.006440 0.033112 -0.010102
-0.011902 -0.009280 0.005693
-0.003615 0.005822 -0.014605
0.019000 -0.011337 -0.024645
0.011053 0.003780 -0.012766
0.008878 0.008890 -0.003986
-0.004038 0.015177 -0.022739
-0.021613 -0.009851 0.000355
0.019221 -0.002759 0.014349
0.018501 -0.009011 -0.003559
-0.007341 0.003429 0.017413
0.008144 -0.021173 -0.015735
0.002128 -0.018675 0.020671
0.014855 -0.007876 0.002460
0.015252 0.001589 -0.005247
-0.018658 0.005889 -0.023320
0.006306 -0.017990 0.004367
-0.006843 -0.016266 0.005606
0.004493 0.001451 0.020799
-0.021217 0.010916 -0.009137
0.036117 -0.009647 0.000783
0.011034 0.015153 0.030579
-0.008620 0.008504 -0.001882
-0.035483 0.002834 -0.004467
0.012570 0.001519 -0.003918
0.013617 -0.026705 -0.028717
-0.009054 -0.013273 -0.009986
0.005778 0.014315 0.014276
0.027081 0.036088 -0.002774
0.022090 0.009784 -0.003312
0.025057 -0.011687 -0.001400
-0.005708 -0.011867 -0.008554
0.013472 -0.006534 -0.012693
-0.023014 -0.001370 -0.012078
-0.027308 -0.020051 -0.005314
-0.002798 -0.010319 0.006346
0.002461 0.009275 0.008376
-0.020309 0.001951 -0.003451
-0.022150 0.023024 -0.022388
-0.003792 -0.004909 -0.004136
0.016522 0.002383 0.015251
-0.004451 -0.001768 -0.018331
-0.040882 0.012613 -0.025595
-0.006606 0.005394 -0.003326
0.016607 -0.007787 -0.026877
0.009487 0.012182 0.018817
0.025438 0.008630 0.000343
-0.009680 0.015915 0.005371
-0.015640 0.054652 -0.001242
-0.014893 -0.035200 -0.005367
0.003483 0.017518 0.011184
0.015753 0.001500 0.011031
-0.010452 -0.008576 0.015455
0.018363 -0.003786 0.019469
-0.006945 0.004098 0.012459
-0.002865 -0.039598 -0.032233
-0.013640 -0.001455 -0.024338
-0.004680 -0.006735 0.003405
-0.002556 -0.000895 0.012464
-0.009656 -0.009004 0.016744
0.018041 -0.015587 0.009679
-0.012948 0.000859 0.020206
0.006760 -0.017635 0.002935
0.000885 -0.005078 -0.003239
-0.022739 -0.009928 -0.026682
-0.001030 -0.011885 0.046811
-0.004684 -0.004777 0.025906
0.001248 0.018921 -0.009366
0.006898 -0.009305 -0.012827
-0.016749 -0.001131 0.016033
-0.005877 0.006712 0.018478
0.020514 -0.009682 -0.018046
-0.008894 0.038620 0.013366
-0.047186 -0.008200 -0.000579
-0.012872 -0.021359 0.023980
-0.005254 -0.008637 0.002900
0.006457 0.007126 0.014210
-0.005764 -0.012775 0.003562
-0.008789 0.013255 0.005786
0.016229 0.022697 -0.007986
0.001518 0.015960 -0.006557
0.007624 0.018620 -0.005050
0.021109 0.006029 -0.003078
-0.012292 0.014320 -0.015701
-0.014068 -0.009914 -0.000851
-0.002014 -0.002958 -0.004740
-0.008259 0.021912 -0.003882
0.006297 -0.022339 -0.021146
-0.015599 -0.019159 0.035671
-0.010300 0.006090 -0.003266
0.003851 -0.004313 -0.004290
-0.016142 -0.002683 0.010579
-0.015393 0.003371 0.020605
0.002588 0.012148 0.012213
0.006371 0.005866 0.005688
-0.029612 0.014893 -0.007392
-0.010219 0.006080 0.011608
0.016641 -0.030242 0.002659
0.010563 0.013696 -0.004603
0.002236 -0.014990 0.013886
0.008986 -0.011170 -0.019399
0.002667 0.015079 -0.018093
0.009055 -0.031959 -0.008095
0.028084 0.019510 -0.004677
0.004591 0.049111 0.008357
-0.015529 0.009659 -0.037212
-0.003928 0.006453 0.009142
0.005186 0.018371 0.007100
0.005866 0.003470 -0.011732
0.009606 0.009633 0.001768
-0.013051 -0.013687 0.017232
-0.006751 0.002004 0.015041
0.004570 0.019594 0.008783
0.001112 -0.011347 -0.007014
0.002905 -0.019374 0.007811
-0.020644 -0.028270 0.010092
-0.003581 -0.012607 -0.009521
0.002411 -0.043277 0.019524
0.011627 0.001686 -0.005096
-0.014178 -0.017994 -0.014867
0.021919 0.017416 -0.009427
-0.003358 -0.015924 -0.013418
-0.009607 -0.032529 0.007839
0.015728 -0.005280 -0.002969
-0.012017 -0.013513 0.032552
-0.012410 -0.011025 -0.002803
-0.018122 0.004634 -0.006963
0.022746 0.019959 -0.016089
0.024178 -0.031690 -0.009188
0.002990 -0.009340 0.017085
-0.005971 0.000887 -0.025443
-0.014669 0.014357 -0.015404
-0.011947 -0.014939 0.005405
-0.021200 -0.004177 -0.014373
-0.003937 -0.012061 -0.006599
0.022284 -0.003730 0.015222
0.007454 0.016747 0.019564
-0.010878 0.007588 -0.016885
0.017163 0.005945 -0.003024
0.000317 0.021246 -0.013235
-0.004071 0.009805 -0.005251
-0.011569 0.001364 0.000426
-0.023151 0.027400 0.018359
-0.007906 0.012305 0.020714
-0.007055 -0.000073 0.006380
0.017022 -0.009927 -0.024372
0.019214 -0.013316 0.001151
-0.008987 0.017046 -0.012739
0.026105 0.026027 -0.018819
-0.004683 0.010686 -0.004252
0.003578 -0.002323 0.006062
0.014289 -0.004650 -0.006370
0.016385 0.011253 -0.013833
0.025709 -0.015568 0.000744
0.002105 -0.022279 0.010302
0.009655 0.017877 0.031929
-0.002011 0.003861 -0.001339
-0.005649 -0.024354 -0.010051
0.010717 -0.008088 -0.007062
-0.021296 -0.030622 -0.027230
-0.007282 0.006690 0.014700
0.022431 0.002000 -0.015661
-0.012552 0.017576 -0.008510
0.011475 0.007541 0.017593
-0.013516 0.023322 0.019199
-0.026467 0.001494 -0.010772
0.005243 0.023017 0.012666
-0.010164 0.008476 0.031021
-0.012279 -0.006398 -0.014393
-0.003958 -0.023466 -0.010176
-0.005635 0.011460 -0.007393
-0.002535 0.018070 0.013323
-0.024605 0.014254 0.003820
-0.022484 0.004948 0.015067
0.013240 -0.001531 0.018204
-0.008514 0.025240 0.007753
0.004598 -0.017641 0.005986
-0.007614 -0.005118 -0.018139
0.023880 -0.000448 0.014764
-0.015220 0.026069 0.026241
-0.001692 0.001835 0.001634
0.027497 -0.007555 0.001406
0.011010 0.013921 0.004171
0.008365 -0.009720 0.022728
0.017466 -0.017782 -0.008950
0.012721 0.030065 -0.021902
-0.002303 0.010452 0.006408
-0.005260 0.007743 -0.004217
0.008055 -0.008430 -0.012540
0.018131 -0.002396 -0.005530
0.009804 0.013697 0.031437
-0.001615 0.024082 -0.007896
0.008004 0.001294 0.003674
0.009672 0.014218 0.025937
-0.021293 -0.010454 0.004698
0.002533 0.011487 -0.004432
0.001569 0.013946 0.038634
0.001105 0.002912 0.005032
0.033287 -0.015238 0.011436
-0.008468 0.002129 0.011994
0.003928 -0.016039 -0.010132
-0.003699 0.024208 -0.022291
-0.021428 -0.002785 0.010459
-0.006472 -0.011414 -0.014593
-0.003080 0.005279 -0.015884
0.005376 0.006085 0.013444
-0.002675 -0.004463 -0.006645
-0.017673 0.008632 -0.013208
0.017759 -0.029124 0.045571
-0.001293 0.010331 -0.005432
-0.007613 0.003505 -0.007803
-0.009243 -0.008032 -0.009243
0.029298 -0.004027 -0.025625
0.007857 0.014460 -0.012794
0.021682 0.029183 0.010584
-0.030129 0.005994 0.021159
0.012875 -0.003133 0.013167
0.007535 -0.009590 0.012068
0.008148 0.011049 -0.005190
-0.009965 0.028437 -0.027894
0.002189 0.008504 -0.015066
0.010000 -0.000034 -0.010057
0.017108 -0.009495 -0.004356
0.030577 0.017063 0.025329
0.000503 -0.015809 0.000101
-0.012641 -0.001233 0.015868
0.011875 0.017636 -0.024831
-0.010854 -0.015228 0.002244
0.009810 0.001071 -0.008208
0.005239 0.011864 0.023950
-0.035589 -0.023331 0.019070
0.002151 -0.002486 0.010723
-0.024424 0.019624 0.008363
-0.002996 -0.002529 0.031841
-0.013882 0.019596 -0.019625
0.000451 -0.025492 0.000938
-0.014642 0.005922 0.013415
0.016571 -0.011246 0.017788
-0.004868 -0.005247 0.006898
0.011100 0.004069 0.001035
0.013818 -0.007382 -0.007035
0.008500 0.007694 0.005655
0.006275 -0.003966 0.017172
-0.019030 -0.002846 -0.009750
0.032075 0.004722 0.014941
0.006553 -0.000293 0.006019
0.023759 0.022601 -0.002088
-0.024027 -0.010825 -0.008691
-0.015057 -0.008748 0.025562
-0.015838 -0.016970 0.005580
-0.015407 -0.003937 -0.027115
0.000907 -0.022468 0.011089
0.019278 -0.006992 -0.013221
-0.012819 -0.014859 -0.044952
0.019987 0.009474 0.009772
0.007486 0.009459 0.000597
-0.007090 -0.008101 0.017045
-0.005455 -0.011549 -0.016712
0.001326 0.004018 -0.008300
0.020114 -0.008448 -0.005585
0.016875 0.005461 -0.003059
0.007831 0.004164 0.003564
0.000376 0.007431 0.016715
-0.015415 0.010226 -0.015638
0.013671 -0.001673 0.004306
-0.009318 -0.019057 -0.012264
0.014917 0.001717 0.007774
-0.003650 -0.000623 0.000143
-0.014077 -0.004297 0.010064
0.025198 -0.000948 0.020006
0.012747 -0.012986 0.001305
0.002009 0.014609 0.005729
-0.009939 -0.012228 0.005707
0.008131 -0.002101 0.024341
0.027505 0.042985 -0.009451
0.004368 0.011468 0.003060
0.020140 -0.013265 -0.001717
0.021702 0.002625 0.019928
-0.008649 0.027542 0.024730
-0.002362 -0.023978 0.018731
0.002027 -0.014228 -0.009888
-0.013834 -0.021885 0.016055
0.011092 -0.003305 0.035435
-0.010522 0.002183 -0.011492
-0.003751 0.013741 -0.018573
0.000900 0.022197 0.024584
-0.001810 -0.010414 0.020750
0.027844 0.009474 -0.002461
-0.016719 -0.002185 0.019705
0.042935 -0.002445 -0.029868
0.016116 0.007245 -0.002446
-0.010464 0.012001 0.031057
-0.010581 -0.024148 0.017085
-0.008234 -0.005581 -0.029495
-0.016841 -0.015127 -0.040803
-0.005061 -0.012332 0.008047
0.005144 0.003111 0.001228
0.015468 0.000651 0.000065
-0.025317 -0.001852 0.006426
-0.022967 0.031166 0.003466
-0.009663 0.007830 -0.008994
0.010636 0.005802 -0.002637
-0.025151 -0.038182 -0.003553
-0.014766 0.004619 -0.000404
-0.006776 -0.002125 -0.019496
-0.019759 -0.001174 0.018142
-0.008873 0.008514 0.037661
0.017641 -0.001316 -0.000496
0.023286 -0.013749 0.012146
0.000929 -0.000438 0.005304
-0.005401 0.002707 0.015723
0.019613 0.012927 -0.009380
-0.022890 -0.007773 0.016614
-0.010402 -0.028985 0.010367
0.008792 0.004234 0.023898
0.006056 -0.000118 -0.029216
0.003725 -0.008435 0.009738
-0.020153 -0.019203 -0.003181
-0.003355 0.017303 -0.007828
0.020625 0.002728 0.004326
0.014482 0.002086 -0.001204
0.001909 0.025170 -0.023408
0.023138 0.006136 -0.014386
0.000352 -0.010332 0.001235
0.008643 -0.025507 -0.006106
0.002878 0.010406 0.008021
0.034833 -0.003676 -0.030551
-0.010033 -0.032857 -0.037115
-0.002528 0.007481 0.003295
0.002388 -0.018951 -0.015680
-0.015062 0.001072 0.000902
0.005951 0.000601 0.009730
-0.023616 -0.001253 0.021626
0.018278 0.014602 -0.015283
-0.024712 -0.017435 -0.005821
0.005969 0.003398 0.026627
0.005958 -0.003318 0.017878
0.007467 -0.004610 0.015981
0.005375 -0.002987 0.004178
0.028433 -0.007528 0.013509
-0.005626 -0.023601 0.012848
0.014032 -0.013269 0.008672
-0.008078 -0.017680 -0.004459
-0.017658 -0.007836 -0.014789
0.036078 -0.024245 0.008480
0.004008 0.004600 0.002234
0.000545 0.013705 -0.016532
-0.006432 0.014596 0.006637
0.022728 0.014211 -0.015764
0.018278 0.013216 0.002318
0.009411 0.021841 -0.005954
0.018868 0.007001 0.001600
0.009500 0.009293 -0.012950
0.013157 0.011610 -0.005669
-0.020197 -0.004784 0.005938
-0.005363 0.004327 0.009389
-0.028649 -0.006987 0.027503
-0.006398 0.006050 -0.026567
-0.027458 -0.024542 -0.022320
-0.008510 -0.034384 0.023137
-0.008565 0.011509 -0.001785
-0.032787 -0.004949 -0.011069
-0.018804 -0.035791 -0.008353
0.008017 -0.008213 -0.012803
-0.011822 0.014624 0.043353
-0.016568 0.022259 0.013797
0.005936 -0.000008 -0.003279
0.001816 -0.013869 0.009686
0.007171 0.011297 0.036850
0.011524 0.023915 -0.007464
-0.010255 -0.018663 -0.014191
0.028847 0.004718 0.019868
0.008445 0.014233 0.008901
0.021426 -0.042346 0.003554
-0.008305 -0.006113 -0.013556
0.013665 0.001866 -0.002233
0.003885 -0.000511 0.015825
0.011628 0.001878 -0.029211
-0.018417 -0.022566 0.004599
-0.007551 0.015591 0.008263
-0.001039 -0.000095 0.010825
0.011806 -0.008309 -0.009298
-0.015380 0.012485 -0.050538
-0.018638 -0.011295 -0.015593
0.004729 -0.002001 -0.000139
0.004040 0.004264 0.011857
0.004791 -0.014089 -0.001859
-0.003168 0.022402 0.044084
0.020227 -0.005607 0.021603
0.042461 0.023163 -0.003552
-0.005895 0.009197 0.025967
0.009257 -0.029648 0.008596
-0.001707 0.009529 0.006677
-0.014881 0.000970 -0.015890
-0.016871 -0.023339 -0.002062
-0.006263 -0.013930 -0.024654
0.014267 -0.013990 -0.039896
0.010989 0.004799 -0.008402
-0.003576 0.021177 -0.003190
0.018207 -0.008516 0.014218
0.024248 -0.002151 -0.001930
-0.008586 -0.005242 0.026416
-0.023545 -0.000184 0.010166
-0.011531 0.024857 -0.010864
0.002328 -0.000900 0.004111
-0.000022 -0.007156 -0.022922
-0.004051 -0.013370 0.007413
0.005270 -0.002967 -0.018086
-0.001678 -0.003897 -0.018063
-0.017852 -0.013891 -0.009244
0.006785 -0.012303 -0.010610
-0.010953 0.005832 0.007892
-0.026909 0.019574 0.002578
-0.016961 0.006537 0.044039
-0.014689 0.011645 -0.002310
0.024179 0.004002 0.012127
-0.022810 -0.009969 -0.006811
0.002582 -0.019865 0.007335
-0.029700 -0.009042 0.004730
-0.013087 -0.003808 -0.019545
0.017461 0.007871 0.000680
-0.007888 0.018502 0.021984
-0.008484 -0.024596 0.012620
-0.023764 0.001720 -0.037897
0.002631 -0.017934 -0.015247
0.024405 -0.016185 -0.024112
0.013950 -0.015770 -0.013947
-0.026674 0.013716 0.010197
0.004011 -0.006538 -0.019566
0.032828 0.009148 0.044845
0.021734 0.016801 -0.006215
0.001577 -0.018127 0.012817
0.003262 -0.027938 0.007384
-0.031122 -0.010843 0.000796
0.018797 -0.006792 -0.014457
0.019964 -0.013579 -0.001616
0.008711 0.004213 0.003833
0.007784 0.015176 0.002363
-0.016076 -0.000565 -0.008071
-0.017432 0.004706 0.006111
0.006208 -0.002447 0.013219
-0.025366 0.016384 -0.005228
0.007434 0.013166 0.027662
-0.019682 0.002995 0.026072
-0.008617 0.012209 0.004425
0.005864 0.006224 -0.039001
-0.007350 -0.019834 0.004175
-0.004038 -0.023291 -0.019415
0.001301 0.007351 0.001148
-0.009469 -0.003352 0.010019
-0.003050 0.000167 -0.017436
-0.018185 -0.000266 0.000245
0.026163 -0.000072 -0.015092
-0.011388 -0.002021 -0.005349
-0.010574 -0.026814 -0.014283
-0.000083 0.024192 0.000722
0.023383 0.009525 -0.007275
-0.002273 -0.001102 -0.019312
0.006920 -0.005555 0.005850
-0.032159 0.011287 0.001241
-0.017250 0.005942 0.004404
-0.002239 -0.000631 0.014868
-0.018323 0.001809 0.033605
-0.010741 -0.009575 0.012257
-0.008503 0.009302 0.028082
-0.000303 0.003475 0.002062
0.010422 0.009230 0.009855
-0.003458 -0.000943 -0.008466
0.010623 -0.016561 -0.015928
0.013755 0.000975 -0.006518
0.036576 0.014133 0.009239
-0.001609 0.000550 -0.032344
0.030241 0.027315 -0.018681
-0.007829 0.006392 0.003413
0.030980 0.015789 0.001435
0.014831 -0.011072 -0.002891
0.017344 0.008391 0.001077
0.008692 0.022856 0.021305
0.001963 0.013980 0.018370
0.014015 0.007811 0.000482
0.020521 -0.003145 0.004572
-0.017157 0.014870 -0.002877
0.000601 -0.007236 -0.014240
-0.012971 0.015967 -0.026439
0.023470 -0.004697 -0.024421
0.026960 0.000085 0.000056
-0.029435 0.001718 0.011748
0.004185 0.003504 -0.022952
-0.006507 0.006787 0.000557
-0.021401 0.002669 0.005557
-0.000099 0.002762 -0.013212
0.009956 0.008523 -0.022455
0.018925 -0.016676 -0.010872
-0.016898 0.007396 0.036827
-0.007576 -0.009183 0.005250
-0.022981 -0.006579 0.010633
-0.004104 0.009253 -0.003571
0.006009 -0.027522 -0.015283
-0.000064 -0.009799 -0.007400
0.006838 0.005281 -0.007362
0.000315 -0.017563 -0.027501
0.003830 -0.015840 -0.009232
0.002188 0.012623 0.001714
0.013219 0.008827 0.018985
-0.017449 0.000538 -0.019094
-0.010804 -0.020154 0.000600
0.003374 -0.015453 0.007157
0.005524 -0.006579 0.009004
-0.039704 -0.005340 0.025085
0.016164 -0.000836 0.000126
-0.010676 0.001617 -0.018125
-0.020211 0.007309 -0.002429
-0.005553 -0.029877 0.015533
0.016255 -0.013464 0.012497
-0.004209 0.025291 0.017647
0.020949 -0.011286 -0.014348
-0.030193 -0.015956 0.010087
-0.012040 -0.014320 0.001552
-0.008888 0.007604 0.009185
-0.019618 -0.019552 -0.027142
0.016237 0.002376 -0.010789
-0.008106 0.004242 -0.017300
0.008248 -0.011522 -0.001404
0.011322 0.016426 -0.002735
-0.002345 0.004591 0.002158
0.001154 -0.040675 0.022005
-0.040822 -0.023197 -0.018181
0.003885 -0.000487 -0.008824
0.013028 -0.002756 0.011559
-0.025024 0.021070 -0.004675
0.010598 0.009281 0.022930
-0.004330 -0.013092 -0.034111
0.003532 0.017178 0.012013
-0.019616 0.012423 0.001960
0.004172 0.003301 -0.003720
0.006031 -0.005460 -0.003510
0.006987 -0.024631 -0.006563
0.024478 -0.013556 -0.000267
0.007372 0.001519 -0.016000
-0.006230 -0.001300 0.013279
0.012367 0.012065 -0.003860
-0.020121 -0.003361 -0.015257
0.012684 -0.004470 -0.018690
0.022384 -0.007516 -0.013569
-0.002968 -0.003105 -0.014317
0.015886 0.041763 0.016787
0.020639 0.001057 -0.010157
-0.014601 -0.030645 -0.018668
-0.003602 -0.007007 0.004832
-0.018830 -0.016477 0.012630
0.002971 0.000391 0.007671
-0.003383 -0.000167 -0.019939
0.003785 -0.011676 -0.000114
-0.009066 0.009199 0.031016
0.008525 -0.002093 -0.013889
-0.024074 -0.000839 0.018716
-0.005062 -0.002693 0.011475
-0.011724 -0.021472 0.016962
-0.006009 -0.005148 -0.011141
-0.016394 0.017805 0.020041
0.018525 -0.024995 -0.001017
-0.019283 0.000516 0.012563
-0.000464 -0.000987 0.004343
-0.007485 0.018008 0.016040
-0.020409 -0.011038 0.005194
0.040126 0.011677 0.018398
0.007293 0.015808 -0.013058
0.002468 0.018840 -0.012436
0.014720 0.020426 0.015635
0.017842 -0.008868 0.012615
0.002091 -0.014118 -0.007406
-0.006832 0.012945 -0.012067
-0.008759 -0.001866 -0.024984
-0.002262 0.009941 0.024281
-0.007766 0.002135 -0.019185
0.018926 0.004905 0.005934
0.004468 0.016857 -0.006256
0.020128 0.012997 -0.013099
0.010036 -0.014286 -0.008283
0.010637 0.014317 0.000696
0.006468 -0.002216 0.010520
0.017730 0.012768 0.006293
0.026176 -0.019090 -0.014134
-0.019949 0.033221 0.008965
-0.020077 0.026191 0.021024
-0.006343 0.042632 -0.012673
0.008606 -0.030280 -0.010734
-0.007786 -0.019603 -0.011086
0.004729 -0.016023 -0.013087
0.004040 0.011339 0.005101
-0.019626 -0.003465 0.000402
-0.032507 0.000758 -0.010397
0.018564 -0.008939 0.009985
0.019123 -0.005278 -0.009476
-0.007375 -0.004331 -0.011999
-0.013319 -0.003011 0.017871
-0.004871 0.011027 0.010161
-0.007965 -0.010462 0.000162
0.003694 -0.002476 -0.007090
0.012830 -0.006285 0.026572
-0.008928 0.012772 0.005812
-0.012632 0.007711 -0.022137
-0.008177 -0.006801 0.006078
0.025628 0.012314 -0.009106
0.003759 -0.002462 0.007745
-0.005482 0.000970 -0.009843
0.007523 0.039732 0.032583
0.000293 -0.012510 -0.002213
0.008948 -0.008763 -0.015576
-0.010259 0.011534 0.021686
0.018375 0.020511 -0.001119
-0.003976 0.012433 0.002595
-0.005769 -0.018279 0.001227
-0.000966 -0.017304 -0.000904
0.014312 0.006705 -0.009451
0.013256 0.004465 0.009099
0.010681 0.021626 -0.018334
-0.007816 -0.011642 -0.008470
-0.012879 0.022780 -0.022135
0.018553 0.020603 0.009744
0.016700 0.018085 0.008575
-0.012830 -0.005014 -0.009776
-0.008530 0.004102 -0.011395
0.002978 0.028202 -0.010608
-0.004753 -0.016864 0.020645
-0.016006 0.011547 0.012908
0.015035 0.007600 -0.004668
-0.002296 0.022873 0.007570
0.015762 0.009463 0.030396
-0.028600 0.000606 -0.001468
0.007203 -0.030092 -0.011377
-0.016914 0.000343 -0.008035
0.007215 0.011935 0.007810
0.005205 -0.014009 -0.006822
-0.022301 -0.018594 -0.045065
-0.012216 0.013742 0.006556
0.011322 0.013857 0.014778
0.006036 0.011979 0.010144
-0.026409 -0.002360 -0.005371
0.001576 -0.009647 -0.000991
0.007277 -0.002543 -0.028813
-0.009340 0.020666 -0.033601
0.018490 -0.026973 -0.008001
-0.019317 0.004542 0.012419
0.001198 0.013063 0.011565
0.001054 0.017766 -0.011915
-0.006599 -0.006169 -0.001527
0.023926 0.024138 -0.006230
0.060511 -0.023219 -0.003702
-0.013074 -0.027226 -0.003450
0.020703 -0.010749 -0.009672
0.018841 0.019353 0.001360
-0.006004 -0.003810 0.004602
-0.015701 -0.007335 -0.001517
-0.016770 0.004851 0.004589
0.000800 -0.004374 0.008345
-0.013421 -0.000036 0.008972
0.000119 0.011330 0.000225
0.001993 0.009405 0.004953
0.008527 -0.002226 0.007043
-0.006641 -0.010136 -0.027671
0.002385 0.003224 -0.000131
-0.014904 -0.011048 -0.024231
-0.002464 -0.016783 0.027311
0.009277 -0.011838 -0.007319
0.031293 0.010139 0.013012
-0.012285 0.000735 0.009823
0.022718 -0.002844 0.008880
0.041507 0.011130 0.007853
-0.005475 0.003066 -0.004558
-0.004821 -0.003741 -0.007824
0.048219 0.019681 -0.004215
0.011272 -0.000955 0.002580
0.020055 0.014581 -0.001476
-0.007514 -0.014529 0.012116
0.010435 0.015378 0.007354
-0.000208 -0.025820 -0.047180
-0.031911 -0.031340 0.001988
0.027191 0.047826 0.001769
0.018101 -0.011727 -0.022474
-0.006915 0.022709 -0.001505
0.019888 -0.021025 0.035041
-0.021290 -0.006007 0.000649
-0.010162 -0.014172 -0.009786
0.003899 0.015488 0.017574
-0.003781 0.016341 0.008763
-0.007331 -0.000299 0.013905
0.014911 0.019915 0.005062
0.003681 0.005950 -0.013108
-0.010786 0.030924 -0.011308
0.001009 0.020258 0.018626
0.022614 0.016546 0.035032
-0.007894 0.009673 -0.003459
-0.002344 0.013777 -0.016894
-0.011908 -0.009274 -0.024694
0.001326 -0.030932 -0.006847
0.007826 0.016557 -0.009035
0.023933 0.006338 0.018905
0.005927 0.006837 -0.030350
0.009875 -0.010761 0.000311
0.004305 0.014766 0.011982
-0.020627 0.012984 -0.024526
0.028129 0.000489 0.015210
-0.015000 0.012943 0.014736
0.021181 -0.005968 -0.009584
0.017482 -0.008107 -0.012815
-0.012422 0.041682 0.000504
-0.010413 -0.006105 -0.009802
-0.016964 -0.005930 -0.005747
-0.006774 -0.005748 -0.022989
0.014175 -0.006431 -0.004306
0.014367 0.020906 0.003068
0.004791 0.000016 0.001523
0.009518 0.001084 -0.002841
0.006985 -0.007969 0.016021
0.030765 -0.008263 0.022415
0.011930 -0.002292 0.013596
-0.009944 -0.001613 0.013913
0.003568 -0.004182 0.027148
0.003723 0.012992 -0.005691
0.005528 -0.006060 0.008188
0.011111 0.015963 -0.016433
0.003024 0.007908 0.000376
-0.017334 -0.012398 -0.007861
0.002761 -0.003809 -0.019304
0.005138 0.009482 0.016622
0.036589 0.004319 0.027918
-0.015261 0.019107 0.005871
-0.008046 0.009974 -0.035655
-0.030733 0.024506 -0.003326
-0.027145 0.003720 -0.010072
0.004959 -0.008121 -0.003700
0.025910 0.002753 -0.009312
0.026110 0.003557 0.011839
-0.007433 0.007938 0.021743
-0.010572 -0.013299 0.006476
0.024398 0.004659 -0.003062
0.003314 0.003446 -0.006729
0.012289 -0.014547 0.016860
0.012696 -0.003571 -0.009258
-0.003695 -0.012101 -0.019911
-0.000645 0.011187 -0.019160
0.007992 0.008336 -0.018209
0.003036 -0.013548 0.011500
0.022822 0.018184 -0.002599
-0.001913 -0.011148 0.019657
0.005072 0.009592 0.027543
-0.018055 0.020779 -0.006507
0.002842 -0.020971 0.017940
-0.026824 0.008483 0.006620
0.008471 0.012883 0.011347
0.005140 0.000319 0.014369
-0.035975 0.020682 0.004955
0.022293 0.002206 -0.001621
0.001400 0.036882 0.005110
-0.002885 0.013890 0.017368
-0.021655 -0.008198 -0.026093
-0.000916 0.020863 -0.028648
0.023263 -0.014630 -0.016418
-0.000123 0.017395 0.019364
0.012790 0.001455 0.022272
0.003974 -0.027061 -0.005586
0.043651 -0.003602 -0.032919
0.009700 0.001882 -0.018125
-0.000173 -0.007524 -0.017940
-0.005265 0.009141 0.008051
-0.003790 0.011492 0.023482
-0.003622 -0.000284 0.026332
0.010129 -0.011733 0.001442
0.000492 -0.008717 0.023830
-0.007504 -0.019173 -0.005304
0.015887 -0.001040 0.003399
-0.007763 0.023001 0.030239
0.000891 -0.010404 -0.011661
-0.014207 -0.007224 0.005941
-0.005542 -0.030564 0.015530
-0.014139 -0.011222 0.030409
0.010117 0.023326 -0.012301
-0.007371 -0.010384 0.017886
0.025299 0.011215 -0.004254
-0.032850 0.004414 0.004058
-0.002397 -0.002805 0.019166
0.026384 -0.005247 -0.010547
0.003645 -0.008252 0.004030
-0.021309 0.000616 0.014371
-0.000792 -0.030658 -0.027332
-0.017969 -0.012228 -0.009971
-0.009087 -0.014157 0.031375
0.011238 0.007829 0.002903
-0.020256 0.012932 -0.012584
0.005731 -0.016053 -0.000263
0.022363 -0.015685 -0.008638
0.001317 -0.009833 -0.001335
-0.030385 -0.006407 0.018437
0.023924 -0.002037 -0.013662
0.006729 0.012100 -0.004546
-0.031182 -0.011874 0.003287
0.014826 -0.014146 -0.005372
0.002036 -0.012174 0.001553
0.027396 0.008651 -0.011318
-0.001670 0.013029 0.016461
0.029124 -0.004623 0.005241
-0.000641 0.001142 0.011640
0.008459 -0.000255 0.008157
0.018648 0.027358 -0.010067
-0.008273 0.014859 0.018402
-0.000277 -0.029522 -0.016820
-0.009008 -0.008844 -0.014833
0.004904 -0.016526 0.022574
0.008530 -0.007456 -0.012337
0.017738 -0.006318 0.010552
0.022140 0.007816 0.008022
0.019470 0.038035 0.024257
0.014104 0.015086 0.018542
-0.005843 -0.017159 0.021341
0.013559 -0.041120 -0.004706
-0.007677 -0.011333 -0.033170
0.001752 -0.018213 -0.014712
-0.014804 -0.005627 -0.001291
0.045846 -0.022706 0.015316
0.013368 0.008555 -0.006137
0.004510 -0.017319 -0.014724
0.003208 0.007359 0.010758
0.009048 -0.006660 -0.030570
-0.014697 -0.019224 -0.005451
0.003638 -0.000199 -0.020195
-0.022018 -0.027712 0.006927
0.036808 0.019481 0.009125
-0.003631 -0.009781 0.009571
0.007665 0.016581 0.001862
-0.022790 -0.017102 -0.012775
0.005229 -0.000743 -0.016036
0.012483 -0.013180 -0.007479
-0.029794 -0.013911 -0.000484
-0.001984 -0.005328 0.011374
0.021939 0.001959 0.004643
0.000446 0.007486 -0.001699
0.005156 0.012495 0.023830
-0.014919 -0.004309 0.003900
0.001419 0.002780 -0.007028
0.020383 -0.003024 -0.002200
-0.040460 -0.003842 -0.011120
0.009499 0.023434 0.003633
0.010445 -0.001770 -0.011724
0.020359 0.005112 -0.011190
-0.015323 0.011898 0.004736
0.017352 0.015330 -0.013624
0.006265 -0.022681 -0.023260
0.032996 0.005891 0.022711
-0.023914 -0.002974 -0.004781
-0.004142 0.011538 -0.010918
0.022266 -0.004094 -0.023770
0.000944 0.012690 0.018652
-0.013058 -0.006706 0.007489
-0.015578 0.027503 0.005777
-0.012336 0.005355 0.018477
-0.000193 -0.020169 -0.008183
0.023003 0.002324 0.021829
-0.007502 0.021319 -0.003130
0.014286 0.021411 -0.033078
0.020398 0.017449 0.001036
-0.000709 0.035061 0.008662
-0.033511 -0.009470 0.015697
-0.019268 0.027436 0.007491
0.004412 -0.006695 0.013029
0.008193 -0.001991 0.009688
0.000600 -0.012176 -0.014995
0.016089 -0.031926 0.001636
-0.013498 0.012453 0.002115
-0.001545 0.006567 -0.017781
0.026057 0.031475 -0.008175
0.006800 0.011554 -0.003217
-0.009901 0.007117 -0.018409
0.011563 -0.030506 -0.020392
0.008877 0.002603 -0.026604
-0.004932 0.024524 -0.006308
-0.005972 -0.026177 -0.002642
-0.002898 -0.023216 -0.024827
-0.027966 0.033243 -0.014351
-0.002635 -0.007491 0.031451
-0.000417 0.000556 -0.007843
0.010608 0.016779 -0.020984
-0.017396 0.021609 -0.000399
0.016185 0.007061 0.036906
0.009600 0.008652 0.009699
0.006193 -0.022527 -0.011140
0.032339 -0.000664 -0.010266
-0.003247 0.007243 0.010310
-0.002788 -0.002050 -0.027043
-0.019016 -0.012894 -0.009322
-0.013841 -0.021352 0.027777
-0.008043 -0.016428 0.010487
-0.007002 0.001314 -0.008104
-0.002961 0.019174 0.001569
0.005924 -0.000855 -0.015304
0.020665 -0.001523 0.019700
0.025924 -0.009382 -0.007025
-0.004212 -0.014379 -0.001929
-0.005162 -0.001459 -0.015613
0.022371 -0.023455 0.021534
-0.011438 0.022933 -0.020608
0.004389 0.019754 -0.008910
0.010584 -0.013226 0.005302
-0.013401 0.000439 -0.006791
0.026752 -0.003726 -0.013203
0.014156 0.016655 0.018405
0.002689 -0.006060 -0.022123
-0.007547 -0.002201 -0.014782
0.014362 -0.009519 -0.002108
-0.019251 0.002432 0.004372
-0.002834 -0.029559 -0.007336
0.027284 -0.000130 0.006189
0.001949 0.039091 -0.031874
0.001536 -0.009937 -0.006999
-0.006421 -0.021973 -0.019772
0.004396 0.033181 0.014560
0.013748 -0.000592 -0.016149
0.005295 0.027197 0.014219
-0.002415 0.011271 0.014274
-0.009403 0.003799 0.013591
0.007727 0.016665 -0.014176
-0.010078 -0.004752 -0.023608
-0.008760 -0.004240 -0.024112
0.009895 -0.001233 0.029860
0.015151 0.018398 0.011885
0.016840 0.005563 -0.000159
0.003980 -0.018936 0.003875
0.007940 0.014092 -0.008674
0.017931 0.017481 0.016360
0.031988 0.006520 -0.042489
0.006591 -0.004362 0.013321
-0.017386 -0.013871 -0.006352
-0.005740 -0.011901 0.023608
-0.000231 -0.003644 -0.001013
0.016824 0.023017 0.005924
-0.002528 -0.013592 0.007185
0.028157 0.033853 0.001843
-0.003205 -0.000380 0.003808
-0.004619 0.013183 -0.003323
0.009879 -0.013596 0.013306
0.036983 -0.008690 0.011793
0.000883 0.020823 -0.015591
-0.003883 0.012129 0.026861
-0.002876 -0.015273 0.004206
0.010896 0.001733 0.001636
-0.025174 0.009866 -0.027643
-0.002766 0.035381 0.022184
-0.012853 -0.005314 -0.001003
-0.010631 -0.025836 -0.009366
0.002514 -0.011234 0.015585
0.005777 -0.022819 -0.001791
-0.005787 0.017732 0.006129
-0.016707 0.032370 0.014275
0.010097 -0.022363 0.033049
-0.019761 0.029762 -0.001444
-0.027644 -0.007331 0.000231
0.005509 0.020356 -0.018207
0.003002 0.007672 -0.012842
-0.028940 -0.032917 -0.010819
0.005001 0.008360 0.004067
0.003120 0.002221 0.018364
0.020148 -0.016661 -0.021276
0.003215 0.001536 -0.009963
0.007827 0.008714 -0.003996
0.004242 -0.007459 -0.023286
-0.014806 -0.011752 0.007225
0.007307 0.008560 -0.027339
0.005315 -0.007446 -0.006139
0.018164 0.012767 -0.015386
0.011627 0.013823 -0.008428
0.034707 0.011603 0.028791
-0.019604 -0.021163 -0.021222
-0.024014 0.021968 0.007145
0.008123 -0.009411 0.004461
-0.017770 0.004669 0.022454
0.011742 -0.014880 -0.007493
0.013868 0.001490 0.020018
0.001586 0.034081 -0.006354
-0.020132 0.002049 0.001703
0.004936 0.000050 -0.015594
0.008730 0.000547 -0.014039
-0.006834 0.035618 0.022213
-0.003701 0.018366 0.017111
0.013503 -0.021699 -0.021919
0.020718 -0.014579 0.014976
-0.010377 -0.002469 -0.002786
0.001743 -0.033900 -0.001839
0.001222 -0.011904 -0.001128
0.024000 -0.009427 0.041045
0.012890 0.015889 0.017599
0.006255 0.009523 0.000750
-0.022993 0.020397 0.027816
-0.002974 -0.014974 -0.002380
0.005864 0.002767 -0.008614
0.009168 0.022127 0.018235
-0.000236 0.028155 0.022785
0.030831 -0.006240 0.026447
-0.024230 0.019275 0.016285
-0.000234 0.017719 -0.009127
-0.003691 -0.011035 -0.013139
0.012193 -0.013865 0.014897
0.007334 0.000879 -0.016419
-0.006931 0.012303 -0.010119
0.006552 -0.013275 -0.007955
0.031664 0.022114 0.004406
-0.011518 0.018141 0.025288
-0.005032 -0.015644 -0.011640
-0.009761 0.007576 0.020972
-0.010457 -0.007214 0.015740
-0.008387 -0.006495 -0.010857
-0.003371 -0.002826 0.020622
0.015899 -0.012978 0.031802
0.005344 -0.005020 -0.019397
-0.016312 0.010995 0.000257
0.018413 -0.010855 -0.004648
0.007495 0.002730 -0.005198
-0.007079 0.032783 -0.000045
0.011963 0.003297 -0.007904
0.020125 -0.005672 0.004103
0.022766 0.009758 0.001532
-0.019800 0.006994 0.033684
-0.002602 0.001183 -0.025524
0.011239 0.026728 -0.010441
-0.015365 -0.002726 -0.005719
0.010069 -0.021104 -0.006585
-0.013839 0.001759 0.021128
0.010292 -0.017243 -0.003491
0.005400 -0.000656 0.005034
0.001113 0.014610 -0.017196
-0.000924 0.004421 0.013840
0.032651 0.002870 0.014475
-0.005576 -0.003413 -0.006615
-0.006299 0.017003 -0.000488
0.017614 0.005360 -0.012492
-0.007239 0.000509 -0.034051
-0.011724 0.009224 0.010154
0.020126 -0.007005 0.024414
0.001848 0.005291 -0.011499
-0.014879 0.004969 0.003782
-0.026836 -0.023426 0.026219
0.026469 -0.013983 -0.004979
-0.023878 -0.004248 0.000391
-0.001741 -0.004247 0.012496
0.009617 -0.009580 0.001133
0.017669 0.023368 -0.004444
0.003521 -0.029218 -0.002136
0.013007 0.032297 -0.014434
0.002183 0.001035 0.017408
0.000759 0.014459 -0.021785
0.004598 0.013197 0.016527
0.003707 0.011876 0.006454
0.006661 0.003151 0.010060
-0.012042 0.002675 0.010869
-0.003944 0.018022 -0.000932
-0.007307 0.002497 -0.000806
-0.005281 -0.013201 -0.004545
0.014064 0.002893 -0.030509
0.007137 -0.012026 -0.021403
-0.019002 -0.009216 -0.023012
0.047936 0.013904 0.002777
0.007959 0.007870 -0.005762
0.004741 -0.000021 -0.008983
0.012912 -0.004905 0.006970
0.020400 -0.001828 0.000330
0.005079 -0.005283 -0.005460
0.011063 0.012311 0.003464
-0.009294 0.008912 -0.013468
-0.008429 0.008522 0.027169
-0.002377 0.017858 -0.012243
-0.002432 -0.015639 -0.004095
-0.008121 0.008434 -0.004981
-0.009519 0.017376 -0.003834
0.036017 -0.011327 0.006376
-0.014276 -0.009702 -0.007784
-0.027045 -0.012860 -0.028201
0.007767 0.004349 0.011195
-0.016160 -0.020034 0.008655
0.007294 0.024082 -0.009972
-0.004251 0.019511 0.008545
-0.003753 0.002085 -0.033247
0.005770 -0.000809 0.012414
-0.020883 -0.017225 0.023625
-0.009609 0.000533 -0.006583
-0.010856 0.027436 0.014814
-0.013609 0.020887 -0.016007
-0.020806 0.017572 0.005891
0.001543 0.028982 0.012497
-0.002653 -0.008330 -0.002200
0.004232 -0.020899 0.005438
-0.004997 -0.016378 -0.011839
-0.018422 0.016942 0.022873
-0.009279 0.025639 0.029529
-0.005710 0.012802 -0.003585
-0.000586 -0.019372 0.011540
0.003413 0.000169 -0.003801
-0.007760 -0.005722 0.017022
-0.010659 0.012914 -0.012430
-0.017193 -0.016274 0.006320
0.030708 -0.020403 -0.023235
0.005388 -0.012915 -0.019701
-0.013962 0.001666 -0.007347
-0.011953 0.002455 -0.011079
0.024266 -0.032890 -0.004732
0.025171 -0.007959 0.009938
-0.016049 0.001311 -0.009125
-0.027767 -0.000539 0.018759
0.007543 0.022227 0.010915
-0.020531 -0.008460 -0.013277
-0.025214 0.001523 -0.003409
-0.008582 0.007930 0.013683
0.006257 -0.001259 0.008948
0.017961 -0.019273 -0.008144
-0.006509 -0.011852 -0.015354
-0.006241 -0.015410 -0.017790
0.001507 0.004674 0.026251
-0.004782 0.002991 -0.022096
-0.001970 -0.001602 -0.022983
0.014411 -0.009952 -0.021161
-0.006081 0.006578 -0.026366
0.000744 -0.008323 -0.014591
-0.038331 0.008902 -0.004858
0.006277 -0.002485 -0.013435
-0.001387 0.002899 0.001246
-0.007356 -0.009083 -0.015494
-0.008708 0.011479 0.008329
0.002689 -0.012898 -0.013688
0.012675 -0.013115 0.011623
-0.004112 -0.015935 -0.027767
0.000941 -0.012724 -0.001660
0.000102 -0.003957 -0.012220
-0.007755 -0.018941 0.030163
-0.002067 0.012537 -0.001959
-0.009552 0.003206 0.006473
-0.020538 0.027134 0.010086
-0.006335 -0.003941 0.007503
0.009218 0.006360 0.034921
-0.001782 0.011880 -0.040893
-0.016194 -0.022346 -0.005456
0.029261 -0.022075 -0.004208
0.008347 -0.013157 0.004322
-0.014805 0.004853 -0.006283
0.001095 0.005459 0.004974
0.016363 -0.012168 0.003996
-0.026306 0.011713 -0.006616
0.014079 0.027959 -0.035843
0.001557 0.000153 0.012444
-0.006306 -0.008546 0.020202
0.004563 -0.021654 -0.029422
0.012496 -0.022045 0.011775
-0.023093 0.009249 -0.021091
-0.024722 0.012067 0.008872
0.002283 0.009068 0.033187
-0.005118 0.006204 -0.002124
-0.001941 0.010452 0.019994
-0.009734 -0.011813 0.009484
-0.003135 -0.015728 0.015490
-0.000984 -0.027898 0.014356
0.005083 -0.038759 -0.028457
-0.001140 -0.008161 -0.012360
-0.004269 -0.013897 -0.026403
-0.013637 0.017658 -0.007152
-0.008750 -0.000668 0.023543
0.009006 -0.002041 -0.009302
0.014245 -0.010964 -0.008048
0.016625 -0.007454 -0.002887
0.007395 0.026414 -0.022586
0.010313 -0.015400 0.000135
-0.024745 0.006856 -0.026985
-0.006410 -0.001253 -0.018029
0.021594 0.000608 0.000084
-0.020009 0.001442 -0.024810
-0.015407 0.000921 0.004157
-0.034459 -0.000978 0.004094
0.003803 -0.008682 0.014302
-0.035226 -0.012549 0.017902
-0.001639 -0.008111 -0.019664
-0.027862 -0.016027 0.000232
-0.008683 0.010472 0.020049
0.012111 -0.008084 -0.027233
-0.014474 -0.009417 0.021430
0.034392 0.003947 -0.012587
-0.009120 0.001402 0.017951
-0.001930 0.035458 0.007584
0.016058 -0.003955 -0.007915
-0.003073 -0.014657 -0.014632
0.007352 0.019447 0.015017
0.005195 -0.000977 -0.010756
-0.022031 0.028012 0.003636
0.039133 -0.007331 0.016048
0.011676 -0.018471 0.016198
0.008086 -0.014354 -0.019467
-0.006580 -0.006725 -0.030339
0.011891 -0.009809 0.000319
-0.014281 -0.030037 0.001172
0.027027 0.015040 0.006908
0.011535 -0.001499 -0.010229
-0.019443 0.003805 -0.002536
0.028981 -0.014647 0.003962
-0.002760 0.007399 -0.004260
0.015003 -0.015456 0.011617
0.001215 0.002178 0.029258
0.008264 0.002932 0.017580
0.007110 0.004106 0.008578
-0.015191 -0.012336 -0.014800
-0.006544 -0.001515 -0.002953
0.018616 -0.003678 0.033906
0.010812 0.007853 0.015006
-0.013673 -0.002633 -0.000005
0.017517 -0.006843 -0.000560
0.012001 -0.012645 -0.007911
0.000252 -0.000609 -0.004434
0.022946 -0.006983 0.015088
0.019914 -0.002275 -0.021796
-0.018842 0.009430 -0.021296
0.010101 -0.008607 -0.013356
-0.004906 0.010344 0.001848
-0.012288 -0.003474 -0.025811
-0.033198 0.017937 -0.007231
-0.017688 -0.009206 0.004931
0.016989 0.025790 -0.026764
0.015146 0.007944 -0.003797
-0.024417 -0.002176 -0.024782
-0.011202 -0.011549 -0.012515
-0.021418 0.005693 -0.018605
0.012211 -0.015417 -0.005544
-0.011417 -0.008184 -0.004680
-0.008784 0.009063 -0.014667
-0.012371 0.030724 -0.006178
-0.004144 0.025288 0.015618
0.014686 -0.000742 0.012917
-0.004160 0.004779 0.022730
0.008647 0.013394 0.006483
-0.007884 -0.004833 0.005312
-0.009920 -0.012268 0.009906
-0.038817 0.020215 -0.005752
-0.025609 -0.013033 0.000343
0.005760 0.007525 -0.010822
0.009378 0.004342 0.023322
-0.014904 -0.003885 -0.000096
0.008767 0.004845 -0.003669
0.005869 0.008358 -0.011480
-0.012813 0.008534 -0.029036
-0.017587 -0.011361 0.033941
-0.017057 0.005314 0.008568
0.006155 0.020892 -0.015610
0.033612 0.006520 0.013988
-0.009776 -0.002034 0.005721
0.000127 0.013566 -0.021486
-0.007449 0.002708 0.006551
0.018284 -0.008965 0.023190
-0.009672 0.001042 0.010884
0.011192 -0.006006 -0.006775
-0.005481 0.002893 -0.003808
0.020071 -0.005389 -0.007053
0.019026 0.003397 -0.049885
-0.007882 0.002448 -0.002329
0.009166 0.017467 0.031632
0.010655 -0.014589 0.026749
0.025828 0.008551 -0.002331
0.000383 0.014586 0.008826
0.017947 0.006278 -0.003193
-0.000993 -0.017534 -0.007112
0.015808 0.018279 -0.000143
-0.004475 -0.016445 -0.004539
-0.014208 0.007288 -0.012246
-0.017647 -0.007322 -0.024714
0.008509 0.012442 0.001697
-0.008170 0.000311 -0.001983
-0.022747 -0.002632 -0.004507
-0.021206 0.000811 0.012706
-0.007388 0.001420 0.032404
-0.003700 -0.018057 -0.000687
-0.001395 -0.006672 0.012719
-0.001685 -0.027837 -0.010939
-0.005737 -0.004914 -0.002540
0.005174 0.024399 0.022408
0.000895 0.002133 0.003243
-0.012049 -0.017733 0.006240
-0.017246 -0.005554 0.002178
0.011817 0.010639 -0.006076
0.007207 0.006722 0.012702
0.001929 -0.016005 0.015271
0.013107 0.003059 0.004310
-0.010881 0.004255 -0.002066
0.012975 -0.019556 0.003320
0.008898 -0.025224 0.000973
0.026918 0.000111 -0.014591
0.010967 0.025128 -0.010336
0.039213 -0.023466 0.002586
-0.014131 -0.001116 0.019735
-0.009892 -0.007098 0.013454
0.005400 0.007986 0.020085
-0.005088 0.009757 0.019164
-0.017661 0.001497 0.023636
0.004557 -0.012107 -0.021722
-0.033993 0.007501 0.010916
-0.005048 0.013736 0.010057
-0.013072 0.018650 -0.008224
-0.014904 -0.022728 0.001795
-0.021521 -0.026776 -0.011267
-0.025810 0.004895 0.006864
0.013682 0.019515 0.011241
0.002644 -0.015179 0.000212
0.007024 0.008902 0.006542
0.004725 0.002478 0.008728
-0.023384 -0.011520 -0.020982
0.018165 -0.004312 0.013820
0.019174 0.034661 -0.005570
-0.006326 0.017890 -0.013863
-0.023587 0.017527 -0.020939
-0.010601 -0.005335 0.012365
0.000414 0.004173 0.021022
0.005611 -0.014736 -0.021509
0.017370 -0.001122 -0.003608
0.021966 0.016965 0.027925
-0.001984 -0.007525 0.012881
-0.010349 0.004062 -0.003512
0.012685 -0.012334 0.005719
0.005905 0.002696 -0.028554
-0.007754 -0.008051 -0.018437
0.018434 0.007993 -0.019986
0.001887 0.022762 -0.003990
0.003763 -0.006871 -0.003582
-0.016367 0.022927 0.016583
-0.001430 0.011972 -0.006954
0.001628 -0.000751 0.008188
-0.002335 0.003071 0.011841
-0.001314 0.003673 0.007381
0.006287 -0.023977 -0.020453
-0.008373 0.010954 -0.024225
0.028812 0.016528 -0.003055
-0.033460 -0.013608 0.014277
0.013427 0.003643 -0.002690
0.029089 0.017351 -0.015956
0.001583 -0.001556 -0.004545
-0.001835 0.023923 0.024721
0.013198 -0.024553 -0.018788
-0.031147 -0.007866 -0.011100
0.009629 0.014198 0.013640
0.009670 0.004940 0.011713
-0.006755 0.017883 0.022508
0.013598 -0.012993 0.015342
-0.000220 -0.009333 -0.007507
-0.035121 -0.004298 -0.003649
0.022245 0.026160 -0.000915
0.006038 0.024094 -0.022101
-0.008345 0.021129 0.016849
-0.021382 -0.038570 -0.004034
0.006543 -0.011414 -0.011341
0.013650 -0.003884 -0.009723
0.019916 0.009430 -0.012271
-0.024504 0.002448 0.023182
0.012232 0.012545 -0.006427
0.014580 -0.019872 -0.006232
0.000967 0.002934 0.004971
0.006886 0.013847 0.006686
0.003068 -0.015190 -0.009295
0.002714 0.004480 0.004337
0.031971 -0.015940 -0.001962
0.012937 0.017857 -0.006595
0.039550 -0.017780 -0.006182
-0.008456 -0.018912 -0.013289
-0.023980 -0.008184 -0.010573
0.004260 0.003993 -0.034152
-0.009565 -0.001406 -0.006012
0.010687 0.004771 0.010802
0.007952 -0.022760 -0.005534
0.014567 0.036976 0.011123
-0.028215 0.005018 0.013399
0.015295 0.005672 0.023730
-0.009501 -0.002712 -0.013662
0.017146 -0.009058 0.011397
0.037469 -0.000790 0.017223
-0.001252 0.020392 -0.002291
0.008202 -0.012894 -0.016539
0.029620 0.015289 -0.004029
-0.004490 -0.032827 0.014403
-0.023925 -0.002558 -0.012334
0.025612 0.011206 0.005853
0.003649 -0.003429 -0.031211
0.013569 0.018753 0.007592
0.011299 0.010559 0.003395
-0.000571 -0.014753 -0.006732
-0.006837 -0.006542 0.032854
-0.002641 0.004780 0.013269
0.004890 -0.016459 -0.007495
0.006441 0.027211 -0.002524
-0.003676 0.010190 0.006571
0.006946 -0.011945 0.023323
-0.007955 0.009389 0.030933
0.013561 -0.007730 0.002895
-0.002173 0.019562 -0.007174
-0.010083 -0.000659 -0.008944
0.020684 -0.005449 0.012859
0.010545 0.019720 0.022526
-0.029700 -0.004090 -0.008164
-0.002042 -0.002248 0.001899
-0.007235 0.009708 0.022037
0.020864 -0.000732 -0.015287
-0.031144 0.017931 -0.005646
-0.010550 0.004787 -0.018868
-0.031844 0.006593 0.008098
-0.028459 0.003626 0.009565
0.015778 0.000813 -0.005468
-0.009967 0.020774 0.019250
-0.002800 0.010480 0.003879
-0.023832 -0.029678 0.008609
-0.016770 0.005490 -0.027840
0.016783 0.001900 0.039007
-0.025052 0.014272 0.029095
-0.003006 -0.007984 0.003133
0.015035 0.022680 -0.004006
0.030126 -0.010147 -0.014527
0.014382 -0.031764 -0.009118
0.009593 0.004882 0.014033
-0.019169 -0.008409 -0.016615
0.026386 -0.014997 0.007388
0.007630 0.017676 0.020750
-0.001204 0.001852 -0.017814
-0.020303 -0.007290 0.014860
-0.009474 -0.002064 -0.003388
0.012381 0.025265 -0.021926
-0.011593 0.001125 -0.007442
-0.003820 0.017042 0.008736
-0.001907 -0.006272 0.009366
-0.003477 -0.003154 0.011632
0.015645 -0.018875 -0.006722
0.002454 0.025380 0.008892
0.016587 0.011111 0.001777
-0.009695 0.004126 -0.014659
-0.015378 0.015178 -0.016077
-0.005335 -0.009071 -0.012541
0.010220 -0.006462 0.003514
-0.000124 0.027982 -0.003974
-0.012922 0.015316 -0.012865
-0.011309 -0.010353 0.017201
-0.021378 0.053673 0.043873
0.009151 0.011502 0.006564
0.029870 -0.012761 0.019586
-0.037945 -0.010654 0.008905
0.006407 0.002035 -0.025625
-0.011806 0.000991 0.017719
-0.016491 -0.001390 -0.009108
-0.011722 -0.001206 -0.011042
-0.007196 -0.014762 0.040012
0.012852 0.007928 -0.001298
-0.005734 -0.030780 -0.014099
-0.010982 -0.017856 -0.014496
-0.015657 -0.018001 0.015887
0.012380 -0.007791 -0.038551
-0.010512 -0.007613 0.002449
-0.008952 -0.001542 0.011038
-0.006308 0.021788 -0.006949
0.010634 -0.015014 -0.017648
0.006636 -0.019770 -0.001495
-0.016555 -0.017401 -0.011204
0.003849 -0.003534 0.017523
0.023520 0.012343 0.011176
-0.004481 0.005783 0.020415
0.011930 0.007028 0.029959
0.004120 -0.014301 -0.014890
-0.000270 -0.028797 0.007810
0.001698 -0.005327 0.009067
-0.017697 0.000799 -0.018548
0.013070 0.002608 0.016340
0.020676 0.001972 0.025165
0.019308 -0.014199 -0.001085
-0.037734 -0.008327 -0.033515
-0.001626 0.006628 0.011890
-0.014779 -0.003471 -0.010628
0.005729 -0.010686 -0.000926
0.017469 0.011194 0.012766
0.022800 0.000096 0.023979
0.015823 -0.000186 -0.027658
0.016916 0.016449 0.009776
0.002583 0.030185 0.012607
-0.004524 0.009005 -0.010441
0.007641 -0.001451 0.000398
0.012122 0.003446 0.030006
0.014018 0.002126 -0.014035
-0.004489 -0.018816 0.008877
0.000756 -0.008228 0.008845
-0.031483 0.017670 -0.006368
0.000341 0.001284 -0.056777
0.000803 -0.027715 -0.001979
0.015862 -0.002984 0.000288
-0.002798 0.018457 -0.005609
0.001559 0.027543 0.014403
-0.014396 -0.013454 -0.001223
0.012721 0.012503 -0.023569
-0.011801 0.004952 -0.012317
0.006571 -0.014289 -0.006758
-0.009470 -0.011506 -0.008963
0.007567 0.026584 0.000553
0.024406 0.021991 0.043835
0.021723 0.027384 -0.014438
-0.019538 0.017259 -0.004165
-0.000932 -0.014663 -0.012266
-0.022169 0.009741 -0.019891
-0.002139 -0.020108 -0.020907
0.004525 -0.010841 -0.018879
-0.011085 0.004058 0.011170
-0.034222 -0.001494 -0.002606
0.011691 0.011205 -0.001630
-0.022222 -0.001290 0.027079
-0.025683 0.021528 -0.008413
-0.011690 -0.025958 -0.022844
0.017165 -0.007997 0.000908
0.002832 0.011232 -0.007098
0.016466 -0.017152 0.011706
0.012643 -0.008384 -0.007558
0.000307 -0.002946 0.026663
0.012680 0.009332 0.019491
0.009274 0.001699 0.013037
0.027132 -0.009375 0.015871
-0.008654 -0.013423 -0.042849
0.004371 -0.016788 -0.007485
0.008478 0.004181 0.021432
0.023653 0.022259 0.015339
-0.004038 0.016088 0.013832
-0.001325 -0.002294 0.016750
0.001407 0.010618 -0.004514
-0.002506 0.000571 0.009584
0.003535 0.010978 -0.011453
0.004206 0.017049 -0.014295
-0.010477 -0.017202 -0.008260
0.000388 -0.030703 -0.010868
-0.017165 0.042298 0.003235
-0.000435 -0.007134 0.011495
-0.008244 -0.018534 0.009357
0.019356 0.007931 -0.000836
-0.003308 -0.003499 0.003103
0.001084 0.009168 0.011250
-0.017875 0.025815 0.020909
0.030105 0.017619 -0.023335
-0.003848 -0.019071 0.035094
0.003000 0.028087 0.002229
0.022747 0.001584 -0.025737
0.011612 0.024256 0.014835
-0.011159 -0.008672 -0.002588
0.015174 0.007549 -0.005392
0.007583 0.010250 0.006594
0.002600 0.016313 0.000928
-0.007195 0.038079 0.022384
-0.005195 -0.013351 0.000504
0.013573 -0.008968 -0.010595
-0.003332 0.010829 0.028449
-0.015695 -0.013528 0.009182
-0.005892 0.005212 0.000082
0.013428 0.000139 0.011491
0.030604 -0.016465 -0.013133
-0.008283 -0.007619 0.001658
-0.014190 0.004692 0.009524
0.018669 -0.010868 -0.010166
0.035205 0.001414 0.012176
0.006375 -0.001085 0.003172
-0.007665 -0.000896 -0.015318
-0.015541 0.001138 0.010632
0.008485 0.003957 -0.012835
0.031236 0.008742 -0.014814
0.028851 0.007787 -0.010101
-0.004765 -0.001309 0.005246
-0.003192 0.012103 0.003717
-0.009833 0.022180 -0.016923
-0.002444 0.010445 -0.000642
-0.003694 -0.002137 0.034321
-0.001748 0.000794 -0.018334
0.013239 -0.016294 -0.016754
0.002706 0.011194 -0.032199
0.027476 0.001346 -0.016697
-0.004634 0.006906 -0.005489
-0.008433 0.018006 -0.006863
-0.005455 0.011262 0.013691
0.008040 -0.035549 0.009920
0.020551 0.007914 0.010828
-0.020933 -0.007608 -0.002196
-0.014220 -0.004963 -0.002604
-0.017427 -0.000856 -0.007210
0.001721 0.012056 -0.003115
-0.003075 -0.018093 0.001293
-0.018865 -0.000572 0.024872
-0.008266 -0.001374 0.007635
0.008580 0.004904 0.015350
-0.001129 0.013724 -0.008816
0.007806 -0.009894 0.029895
0.010353 -0.010872 -0.006206
0.011726 -0.015542 -0.007394
0.006225 -0.003658 0.000406
-0.013299 -0.028211 0.014099
-0.002324 -0.009823 0.050661
-0.016773 0.000220 0.005907
0.006593 -0.010564 -0.006910
-0.016489 -0.000520 0.008446
-0.009584 -0.013066 -0.001692
0.000273 0.000727 0.003410
0.015292 0.007077 -0.006601
0.005769 -0.024576 0.027498
-0.020268 0.016339 -0.009512
0.024636 -0.002145 -0.022764
-0.001510 0.006941 -0.005337
0.008214 0.027944 -0.000743
-0.006035 0.011883 -0.017170
0.004204 0.018652 0.011812
-0.003043 -0.016469 -0.000712
0.018444 -0.010998 0.008245
-0.012865 0.000869 0.016495
-0.015500 0.026592 0.002330
0.013447 0.013014 -0.034290
0.001954 -0.018701 -0.006318
0.024071 0.020468 0.005160
-0.032801 0.007381 0.028238
-0.000384 0.007176 -0.011549
0.025056 -0.010994 0.005348
-0.012619 0.017351 0.008815
-0.024787 -0.020109 0.007401
0.017718 -0.004412 0.009187
0.002754 0.011857 0.002126
0.013512 -0.009175 -0.008150
0.020134 0.001498 0.002860
-0.009842 0.037476 -0.012495
0.024180 -0.003090 -0.006270
-0.014050 0.004051 0.006650
-0.014469 -0.001035 0.001980
0.002710 -0.004909 -0.001526
0.024979 -0.000276 -0.037948
0.006077 0.025962 0.005365
0.005316 -0.003980 0.013567
0.007609 0.006172 0.005673
0.026599 -0.011233 -0.032135
0.005907 -0.005059 -0.004714
-0.015241 -0.008925 0.013353
0.002929 0.000272 -0.010819
0.028659 0.026853 -0.001140
-0.000170 0.005088 0.007409
-0.010830 0.012338 -0.005914
0.004700 -0.017060 -0.005109
0.009588 -0.018377 -0.010833
-0.017365 0.000534 -0.018181
-0.007665 -0.007330 0.022193
-0.000870 0.008218 0.001410
-0.019350 0.011550 -0.023529
-0.002740 0.020936 0.033323
-0.007567 0.027783 -0.013596
0.006974 -0.000579 -0.004468
0.001453 0.002107 -0.014222
-0.005869 -0.016109 -0.002408
0.011536 0.000916 0.030483
0.029396 0.000068 -0.015775
0.011816 0.003593 -0.013320
-0.005009 0.011579 -0.025363
0.012355 0.002435 0.015007
0.019229 0.031587 0.017578
0.012900 -0.003271 -0.013829
0.011688 0.008552 0.000773
-0.016658 0.016865 -0.034112
-0.002368 0.022206 -0.004924
0.001703 0.006594 -0.005030
0.002443 -0.010332 -0.003532
-0.015797 0.001759 0.023384
0.002018 0.034067 0.005814
0.012596 0.008841 0.037195
-0.016171 0.003411 0.002081
0.002071 -0.014846 0.000460
0.023022 0.008565 -0.003796
-0.022320 -0.002404 -0.010212
-0.005841 0.000270 0.006635
-0.009288 0.008849 0.033618
0.004208 0.000852 0.028850
0.022662 -0.004510 0.019520
0.000586 0.001727 -0.013403
-0.011794 -0.006395 0.018700
0.020697 -0.003875 0.016301
0.014795 -0.007208 0.015306
0.011330 0.014416 -0.013215
-0.031494 0.003741 0.011418
-0.010180 0.003084 -0.005322
0.025299 -0.000645 0.009886
0.003776 -0.021554 0.000498
0.007737 -0.025833 -0.004246
0.007273 0.035568 0.048013
0.003443 -0.006221 -0.001202
-0.003781 0.003140 0.008469
-0.009837 -0.000288 -0.015633
-0.012326 -0.009781 0.009453
-0.004020 0.000974 0.038540
0.040446 0.001272 -0.014549
