# 参数名称：backbone.features.8.conv.1.weight
# 参数形状：(384,)
# 参数数据类型：float32
# 参数值（保留6位小数）：
0.867799
0.861276
0.863422
0.869300
0.934663
0.877836
0.934366
0.873222
0.890307
0.905085
0.925517
0.929719
0.868763
0.901443
0.857988
0.942922
0.900305
0.901725
0.900077
0.885323
0.858268
0.893835
0.924379
0.899063
0.909134
0.908320
0.871246
0.857447
0.859395
0.933808
0.929708
0.880468
0.857846
0.891344
0.872993
0.934236
0.930790
0.897228
0.871178
0.868233
0.862793
0.899401
0.877060
0.910670
0.857564
0.864922
0.905867
0.868410
0.911143
0.868049
0.872065
0.912062
0.880903
0.893882
0.865029
0.869855
0.900250
0.871794
0.858551
0.930608
0.868215
0.869472
0.942445
0.867241
0.928543
0.864765
0.891560
0.905873
0.935551
0.908351
0.915615
0.857266
0.868776
0.915734
0.923804
0.916650
0.870892
0.900361
0.898062
0.865190
0.864759
0.872805
0.859706
0.882019
0.880907
0.861474
0.860277
0.867749
0.927313
0.923916
0.875919
0.857701
0.863512
0.894033
0.928559
0.916631
0.857151
0.875033
0.914118
0.957948
0.915467
0.931984
0.920784
0.943630
0.916132
0.912169
0.948570
0.928256
0.932909
0.857914
0.915070
0.871069
0.933061
0.888477
0.859567
0.944964
0.888778
0.861534
0.861137
0.872476
0.919763
0.859505
0.873165
0.937009
0.903726
0.900719
0.878383
0.911476
0.862890
0.860130
0.857238
0.935397
0.858474
0.928485
0.868400
0.879019
0.857636
0.872173
0.942357
0.921001
0.858097
0.936175
0.857175
0.887306
0.875208
0.925434
0.861335
0.924143
0.872492
0.859391
0.858515
0.894498
0.859123
0.912848
0.917934
0.920601
0.884199
0.857749
0.969430
0.879966
0.946282
0.861140
0.896947
0.914197
0.917179
0.915684
0.869146
0.869252
0.859163
0.900753
0.869209
0.857529
0.863676
0.919856
0.864023
0.891734
0.932298
0.864720
0.872147
0.884789
0.890839
0.863931
0.884753
0.941280
0.922281
0.857690
0.870168
0.876720
0.873572
0.916067
0.864448
0.866259
0.936239
0.928543
0.928659
0.960542
0.911115
0.899065
0.857832
0.912871
0.860992
0.891535
0.901144
0.865162
0.917229
0.887835
0.950808
0.907069
0.877062
0.912710
0.901562
0.873927
0.862419
0.909872
0.931666
0.863848
0.881291
0.885689
0.858289
0.859069
0.864780
0.934509
0.913368
0.895558
0.906101
0.872509
0.861531
0.935850
0.872908
0.861778
0.893128
0.882424
0.857564
0.859099
0.930972
0.882619
0.882044
0.930475
0.859723
0.935866
0.903274
0.880251
0.858946
0.877388
0.859308
0.857352
0.857877
0.898179
0.862461
0.863728
0.872011
0.860180
0.929671
0.934074
0.935545
0.889026
0.859503
0.861395
0.887783
0.859973
0.871761
0.887531
0.909196
0.900674
0.923717
0.909193
0.918536
0.869820
0.860802
0.929580
0.896854
0.857933
0.894448
0.867652
0.939950
0.878818
0.913819
0.867255
0.894172
0.869023
0.858181
0.859737
0.937504
0.909869
0.911474
0.858195
0.858406
0.931735
0.882811
0.858061
0.858371
0.870056
0.935812
0.880593
0.885203
0.876990
0.916489
0.918645
0.921350
0.866778
0.863149
0.900638
0.878786
0.924393
0.864540
0.863918
0.916595
0.894801
0.857826
0.889277
0.896047
0.887290
0.907179
0.933581
0.897941
0.962770
0.859462
0.889254
0.861501
0.867890
0.940174
0.883280
0.873737
0.866634
0.864301
0.861464
0.943991
0.947366
0.889392
0.913547
0.902356
0.915732
0.857860
0.864007
0.874865
0.892648
0.897705
0.870305
0.887888
0.945379
0.936707
0.874017
0.900794
0.862715
0.930530
0.913998
0.870310
0.858548
0.929518
0.868951
0.858445
0.897359
0.904163
0.863571
0.867040
0.894367
0.873290
0.941349
0.878823
0.864737
0.900846
0.934621
0.869511
0.936237
0.859374
0.869611
0.873056
0.947494
0.937578
0.931063
0.879269
0.917660
0.869928
0.883636
0.902222
0.900372
0.861681
0.878570
0.878268
0.943333
0.883862
0.873331
0.881672
0.878377
