# 参数名称：backbone.features.2.conv.4.running_var
# 参数形状：(96,)
# 参数数据类型：float32
# 参数值（保留6位小数）：
0.018720
0.008778
0.003615
0.007092
0.002455
0.001383
0.027091
0.013043
0.020185
0.018339
0.004031
0.004256
0.009421
0.004921
0.000226
0.000927
0.001920
0.012269
0.006158
0.003097
0.001651
0.025352
0.005047
0.004944
0.009600
0.001858
0.007319
0.005521
0.004548
0.002497
0.004904
0.060985
0.006724
0.008131
0.000372
0.004987
0.011065
0.005292
0.001460
0.011230
0.001720
0.003012
0.005437
0.018849
0.017625
0.009659
0.004619
0.001006
0.000321
0.001981
0.005682
0.000461
0.002474
0.021327
0.004447
0.005443
0.003041
0.007815
0.009704
0.002453
0.003257
0.007832
0.000524
0.009324
0.006084
0.004540
0.001548
0.001737
0.020644
0.001051
0.015580
0.004742
0.027086
0.009548
0.002685
0.013278
0.002449
0.001408
0.004957
0.010238
0.001824
0.014613
0.001439
0.003920
0.007416
0.003252
0.000717
0.006623
0.003903
0.034240
0.019998
0.050834
0.007023
0.001870
0.002909
0.020649
