# 参数名称：backbone.features.3.conv.1.weight
# 参数形状：(144,)
# 参数数据类型：float32
# 参数值（保留6位小数）：
0.983478
0.986376
0.871460
0.955573
0.985605
0.919121
0.969873
0.981377
0.975896
0.870426
0.963635
0.979587
0.981272
0.863706
0.876845
0.977531
0.979594
0.975256
0.982615
0.932270
0.997608
0.908413
0.956545
0.997847
0.903655
0.977690
0.977479
0.879261
0.953222
0.900399
0.865997
0.861534
0.963833
0.986060
0.976994
0.987685
0.956917
0.979738
0.952602
0.951421
0.977345
0.981207
0.986975
0.996431
0.987977
0.867095
0.970950
0.999172
0.985719
0.891990
0.988867
0.975410
0.886822
0.885282
0.991108
0.927036
0.976941
0.967953
0.876929
0.968084
0.963050
0.984848
0.923014
0.975593
0.985859
0.944916
0.873683
0.970299
0.877616
0.987354
0.949135
0.976634
0.971527
0.969331
0.938351
0.872308
0.941663
0.944222
0.862153
0.988714
0.956048
0.891914
0.929828
0.951262
0.970699
0.983511
0.861879
0.977244
0.971295
0.869599
0.966574
0.986923
0.966442
0.889374
0.936722
0.985299
0.930913
0.989451
0.864167
0.949379
0.965775
0.874440
0.971802
0.866294
0.907269
0.951397
0.944234
0.983742
0.964385
0.953441
0.971870
0.928500
0.960820
0.992639
0.982923
0.986129
0.884330
0.984652
0.979925
0.990703
0.858739
0.974248
0.972761
0.981035
0.982908
0.900838
0.951898
0.972011
0.930088
0.945579
0.911728
0.983377
0.924057
0.938490
0.987917
0.963193
0.982840
0.992497
0.988406
0.946758
0.977068
0.896588
0.870332
0.961565
