# 参数名称：backbone.features.7.conv.1.bias
# 参数形状：(192,)
# 参数数据类型：float32
# 参数值（保留6位小数）：
0.001599
0.000220
0.006140
0.005599
-0.000445
-0.000849
-0.007864
0.004402
0.004663
0.004150
0.001662
0.002307
0.005715
0.003761
0.002445
-0.000996
-0.004500
0.004216
0.005117
0.002102
-0.000310
0.002493
0.002165
0.001237
-0.001408
0.004144
0.001309
-0.002071
0.000668
-0.001788
0.000322
-0.002247
-0.003697
-0.004981
-0.000805
-0.002892
-0.001634
0.001256
0.003374
0.001004
0.002558
-0.001200
-0.003421
-0.001779
0.001662
-0.000267
-0.001068
0.007569
0.000992
0.004271
-0.004337
0.002480
0.002441
-0.001640
-0.001432
-0.002449
0.002167
0.000371
0.004082
0.006674
-0.003689
-0.001513
-0.000873
0.003110
0.001520
-0.004884
0.002830
0.002600
0.001260
-0.005467
-0.000520
-0.004392
-0.001284
0.012580
0.003945
-0.000298
0.003015
0.003774
-0.002725
0.007985
0.000462
0.000780
-0.005911
-0.003992
0.005026
0.001277
-0.000002
0.001094
0.002684
0.004525
-0.003342
-0.002869
-0.003125
0.000349
0.003386
-0.000009
-0.000961
0.004466
0.002766
0.004740
0.003337
0.000926
0.002062
0.003534
0.003880
0.006715
0.000106
-0.001508
0.002211
0.006307
0.005746
-0.000348
0.001884
0.000496
0.004483
0.006811
0.000103
-0.000612
-0.002582
0.005867
0.001032
-0.000698
0.000014
0.002731
0.001091
0.004100
0.003930
0.003131
0.001948
0.010073
0.005940
-0.000387
0.003723
-0.002667
0.008300
0.005591
0.005712
-0.001977
0.004418
0.003885
0.004230
0.006606
0.002425
-0.006154
0.000998
0.003846
-0.001788
0.000675
-0.008405
0.002891
0.005838
-0.004327
0.008905
0.002127
0.001958
-0.004268
0.004041
0.008886
0.006518
-0.009152
-0.000332
-0.000676
0.004840
0.006334
0.001412
0.003604
0.005969
0.000615
0.004647
0.004822
0.005163
0.001102
0.006688
-0.002931
0.009668
0.003738
0.006489
-0.003525
0.000638
-0.004838
0.003274
-0.000045
-0.001262
0.002802
0.002180
-0.000872
0.001848
0.002128
-0.002511
0.001115
0.002036
0.003543
