# 参数名称：backbone.features.17.conv.1.bias
# 参数形状：(960,)
# 参数数据类型：float32
# 参数值（保留6位小数）：
-0.010854
-0.005620
0.002617
0.004476
0.002672
-0.001948
-0.000087
-0.008838
0.002864
0.005549
-0.005762
-0.006002
0.003886
-0.001727
-0.003873
0.003735
0.007429
-0.000131
0.001709
0.001133
0.002709
0.003447
0.005649
0.002834
0.008003
-0.001792
0.000755
0.007313
-0.011529
-0.002197
0.006920
-0.007817
-0.001546
0.001003
-0.000570
0.002575
0.004468
-0.001164
0.011244
-0.000068
-0.001746
-0.000722
0.005923
0.005606
-0.004439
0.005901
-0.002263
0.002750
-0.016045
-0.007461
0.005773
-0.002489
0.001755
-0.000139
-0.004011
0.001721
0.000434
-0.001164
0.009033
0.001367
-0.006259
-0.002180
0.001964
-0.003733
0.009078
0.019369
-0.000310
-0.000672
-0.009383
-0.021987
-0.003823
-0.007849
0.000072
0.000246
-0.005281
0.004116
0.004102
-0.001307
0.003153
0.000387
-0.005697
0.001113
0.000744
-0.004522
-0.006368
-0.001190
0.004265
0.009427
-0.005858
0.000999
0.005585
0.005381
0.008207
0.000316
-0.007814
0.003482
-0.006058
0.005962
-0.003355
-0.002575
0.007845
0.003274
0.006007
0.001965
0.001759
0.006930
-0.005110
0.009169
0.006222
0.004621
0.006235
0.008187
-0.002259
-0.001188
0.004435
-0.007353
0.008761
0.008691
-0.002389
-0.008666
0.006491
-0.009767
-0.008124
0.001090
-0.001083
-0.008334
-0.009949
-0.002492
0.007644
-0.014161
0.003960
0.001505
0.001881
-0.001376
0.001828
0.000176
0.001363
-0.005542
0.003911
-0.015056
-0.007361
-0.000558
0.005229
0.011395
-0.008949
0.001891
0.009085
-0.004859
-0.004563
-0.006895
0.001289
-0.007201
-0.000328
0.011734
-0.000051
0.007118
-0.001934
0.001667
-0.002433
0.008165
-0.032052
-0.004510
0.005122
0.008462
0.001779
-0.004211
0.007757
-0.003329
0.004242
0.002967
-0.001993
-0.015006
0.003867
0.005186
0.002146
0.005680
0.002375
0.005312
-0.000129
0.005040
-0.003015
-0.002009
0.000238
-0.007633
0.004399
0.010381
-0.004337
0.002693
-0.002301
-0.003108
0.007789
-0.005391
-0.003795
-0.012686
-0.000791
0.003075
0.002066
0.003692
0.004903
-0.000123
0.000986
0.003363
0.001394
0.012792
0.006632
0.003051
-0.004176
-0.006464
-0.000134
0.006034
-0.001381
0.004770
0.014997
0.004437
-0.004477
-0.007675
-0.022973
0.000527
-0.005542
0.001009
-0.003983
0.002957
0.008763
0.006568
0.001752
0.010374
-0.006832
0.014009
0.002325
-0.000784
0.008181
0.007530
-0.004821
-0.000811
0.005757
0.012872
-0.000815
-0.001684
-0.000251
-0.003204
-0.009268
-0.001232
0.000226
-0.003827
0.002369
0.004341
0.004985
0.010369
-0.004600
0.004176
-0.004175
-0.000258
-0.000173
-0.001333
-0.002463
-0.000030
-0.008973
0.001108
-0.011721
0.005390
0.008408
-0.002591
0.006427
-0.002113
-0.001645
0.000559
-0.000151
0.004924
0.005806
-0.002966
-0.005604
0.006033
0.005283
-0.003785
0.006835
0.001953
0.009276
-0.005299
0.005392
0.000857
-0.013439
-0.000741
0.000008
0.001287
-0.001773
0.002847
-0.015664
-0.002916
0.002563
0.004182
0.004233
0.007307
-0.004054
0.002106
-0.001082
-0.019227
0.003822
0.002841
-0.001886
-0.002588
0.001384
-0.014286
-0.003481
0.000322
0.004977
0.009349
0.002598
0.007502
0.007780
-0.004235
0.004568
-0.004350
-0.003228
-0.006059
-0.001670
0.003446
0.005206
-0.008807
0.005828
0.005735
-0.002015
-0.014310
-0.000019
0.008767
0.003035
0.006116
-0.002857
-0.014018
-0.004235
-0.004364
-0.003819
-0.011107
0.005928
-0.006733
0.006903
0.001152
-0.000501
0.009247
0.003705
0.000379
0.001210
0.003897
-0.001069
-0.009742
0.000774
0.001506
-0.003671
-0.001367
-0.002693
-0.007883
0.001639
-0.009350
0.001944
-0.010213
0.002418
0.003705
0.005646
0.000966
0.002485
-0.002020
-0.004307
0.000808
0.002239
0.001976
0.005362
-0.000554
0.002552
0.000903
-0.001728
-0.002440
-0.003759
0.006649
-0.000975
0.013158
-0.000572
0.004382
-0.001965
-0.005733
0.006332
0.007463
0.007273
0.004036
0.004594
-0.003642
0.000669
-0.001151
0.000117
-0.002070
0.000456
0.008200
0.003665
0.007561
0.002382
0.002403
0.003256
-0.000058
-0.001195
-0.016380
0.000295
-0.001228
0.003172
0.003057
-0.000059
-0.000795
0.003128
0.003322
-0.001912
-0.000221
0.000624
0.003417
0.005597
-0.002811
0.001426
-0.010266
-0.003762
-0.000677
0.000824
0.005227
0.001990
0.005902
0.007303
-0.006798
0.014427
-0.009988
-0.014460
-0.002394
0.001232
0.002970
0.003277
0.004659
-0.000457
0.006590
0.005650
-0.014814
-0.003592
-0.003786
-0.005170
0.004009
-0.004935
-0.002536
-0.003944
0.005623
0.002527
-0.001478
0.004682
-0.003214
0.004071
-0.004388
-0.002687
0.007079
0.001485
0.001279
0.003377
-0.008969
0.001060
-0.004611
0.004728
-0.005713
-0.003994
-0.003114
0.001409
-0.016984
0.012613
-0.017994
0.001572
0.000745
0.005108
-0.010897
-0.000896
-0.007034
-0.000977
0.002202
-0.006534
-0.002038
0.002450
-0.000199
-0.001150
0.008614
0.005864
0.006427
-0.005292
0.003300
0.001096
0.002473
0.011952
-0.011443
0.006706
-0.010355
0.003580
-0.009076
-0.014920
0.004658
0.003939
-0.005195
-0.005654
0.003087
0.004016
0.003346
-0.003208
0.007132
-0.006715
-0.011019
0.004679
0.004946
-0.001849
0.009773
0.007023
0.004984
-0.001283
-0.007973
0.006788
0.010753
0.001829
-0.005669
0.005541
0.001012
-0.003556
-0.003796
0.006512
0.001908
-0.023267
0.000383
0.002025
0.004569
0.002674
-0.001400
0.000014
0.010584
-0.001007
-0.000666
0.011428
0.002847
0.009178
0.004352
0.003200
0.000736
-0.004982
0.002117
-0.002301
0.006617
-0.000169
-0.000160
0.002782
0.013109
0.004286
-0.015882
-0.003127
0.008447
-0.001150
0.004513
-0.002605
0.001686
-0.007967
-0.001851
-0.001763
0.001450
0.002245
0.003921
0.000655
-0.003756
0.003662
0.005775
0.000101
0.003522
0.000215
-0.002622
-0.004128
-0.004811
0.001095
0.007127
0.000149
0.004419
0.003991
0.003428
-0.003643
0.000963
0.001743
0.001905
-0.001388
0.001856
0.000158
0.000601
0.004746
0.004140
-0.003029
-0.009332
0.010254
0.001667
0.000592
0.007302
0.000140
0.012667
0.008899
-0.000963
-0.000296
0.009861
0.005058
0.004622
0.002394
-0.003684
-0.000350
-0.008896
0.010315
0.006976
0.000331
0.003915
-0.005393
0.000708
0.009223
0.015239
-0.001237
-0.001364
0.006309
0.005617
-0.006751
0.002059
-0.000585
-0.014484
0.010657
0.001988
-0.007418
-0.002821
0.001424
-0.001688
0.002086
0.002278
0.005045
-0.000099
-0.013494
-0.003659
-0.001820
0.002319
0.006314
0.006336
0.002946
-0.009773
-0.003290
0.006487
-0.001915
-0.000300
-0.019724
-0.003033
0.004174
0.004288
-0.006916
-0.002739
0.000930
-0.002764
0.003558
-0.018911
0.000194
-0.009562
0.005755
-0.012245
-0.000448
-0.008901
0.001559
0.000325
-0.008076
-0.002516
-0.005142
-0.006062
0.008863
-0.001338
-0.006933
0.011141
0.009734
0.000186
0.002101
0.001810
0.005318
0.001102
0.003632
-0.003953
0.007897
-0.000534
-0.004585
-0.009008
0.013285
-0.000066
-0.002966
0.004078
0.007653
0.000211
0.011338
-0.002595
0.006701
0.010387
-0.001082
0.005192
-0.006508
0.000068
-0.015356
0.002499
-0.000990
-0.007645
0.010137
0.003401
-0.003109
-0.003887
0.007338
-0.000068
0.000887
-0.005139
-0.002395
0.005996
-0.004497
-0.002324
-0.002683
-0.002665
0.009374
0.006435
-0.000892
0.003241
-0.000845
-0.014456
0.002641
-0.000403
0.003554
-0.005417
0.007553
0.003723
-0.000527
-0.004261
-0.004897
0.000484
0.004458
-0.017777
-0.004208
-0.005320
0.010226
0.004146
0.000227
-0.000112
-0.004530
0.011170
-0.007233
-0.001253
0.002439
-0.003147
-0.008440
-0.006059
0.005009
-0.007355
0.002835
-0.000144
-0.004187
-0.001315
-0.011085
0.001531
-0.001616
0.007395
0.000305
0.002909
-0.009348
-0.004503
-0.002717
-0.013653
0.000804
0.003137
0.006605
0.006824
0.003415
-0.001869
0.006503
0.001471
0.006927
-0.000004
0.004706
0.000384
-0.002563
0.001263
0.001866
-0.000732
-0.003640
-0.020520
-0.004992
0.002690
0.004113
-0.006332
-0.000261
-0.012424
0.002020
-0.001858
0.007542
0.003930
-0.000369
-0.000944
0.005774
0.001127
0.003549
-0.009050
-0.000922
-0.000829
-0.000093
-0.005154
0.000865
0.007588
-0.024243
-0.016148
0.003457
0.002917
-0.000004
0.001791
-0.003073
0.004884
0.002763
-0.017209
-0.009737
0.002680
-0.005276
-0.012924
0.007654
0.008920
-0.005470
0.008307
-0.009928
-0.004009
0.002622
-0.000191
0.010430
-0.008591
-0.008710
0.004083
-0.016451
0.007548
0.006781
0.000208
-0.004895
0.005962
0.005440
-0.001084
0.008410
0.003755
-0.007486
0.000166
0.003522
-0.001739
-0.003898
0.001778
0.011967
-0.004297
-0.001900
0.002096
-0.011356
0.000855
0.001513
0.004558
0.000121
0.000637
-0.006087
-0.004062
0.002494
0.013936
0.005914
0.001272
0.001641
0.000293
-0.000810
0.000414
0.002223
-0.004537
0.003045
0.009495
-0.004320
0.010129
0.004297
-0.003624
0.002645
0.002956
-0.005778
-0.005888
0.000645
-0.010017
-0.003479
0.004093
-0.008565
0.004923
-0.008027
-0.000482
0.007879
-0.000900
0.000345
-0.000419
0.003015
0.003981
0.001679
0.006471
0.001354
-0.021532
-0.007674
0.001586
0.006249
-0.007619
-0.002251
0.005413
0.006551
0.005174
0.000769
0.000191
-0.001372
0.003444
0.000132
0.000917
0.001852
-0.001203
0.002011
0.003369
-0.006852
0.000731
0.005968
-0.004668
-0.000510
-0.000092
-0.002609
0.000586
0.002672
-0.000607
-0.003538
0.000212
-0.000576
-0.002036
0.002491
0.006040
-0.002753
-0.006207
0.002844
-0.000349
-0.000917
0.008268
-0.001598
0.004007
0.000561
0.005764
-0.013144
0.011139
-0.003239
-0.007958
0.001862
0.001628
0.003101
0.008435
-0.002298
0.002674
0.002414
0.000815
-0.011041
0.002723
-0.015416
0.010236
0.007310
-0.005000
-0.007201
0.004972
0.002542
0.008433
0.006679
-0.011263
0.004358
-0.009124
