# 参数名称：backbone.features.15.conv.7.running_var
# 参数形状：(160,)
# 参数数据类型：float32
# 参数值（保留6位小数）：
5.847584
4.327860
4.276736
4.395103
3.667214
4.566250
3.112077
2.874156
2.593873
2.849001
3.956782
5.314346
4.073681
3.260525
5.253052
3.815722
4.893388
4.268649
3.494176
3.569014
3.232016
4.434378
2.958448
5.249476
3.263412
4.254900
2.705015
3.939969
4.202235
3.101129
6.096500
2.815014
3.874970
3.220263
3.785389
3.171313
9.046474
3.854535
2.579225
4.364948
4.913630
2.990560
3.038108
2.894706
3.960577
2.563598
4.888988
6.713815
2.957851
4.432400
3.804899
4.526782
5.311527
4.336090
3.543767
3.263116
3.270613
3.081237
3.616005
3.108601
3.499025
3.387378
3.835641
4.750719
4.108380
7.091130
3.707289
4.348924
2.763215
4.589802
2.850887
4.136953
2.694939
3.620483
4.867748
3.802906
4.476870
3.337091
3.766849
3.074408
3.946164
3.584905
5.510370
4.202786
2.066106
3.731335
2.768384
3.597795
7.306879
3.697726
2.458254
5.329977
4.048848
3.564970
3.143687
3.483322
3.395238
3.237821
4.737817
2.946388
3.857246
3.940943
4.677814
4.124259
5.796234
4.597059
3.879379
3.455975
3.641308
4.190512
2.931958
3.307890
3.515131
5.682650
2.392880
3.440069
3.246550
3.165507
4.255596
4.705876
3.748633
3.465014
4.993426
2.617460
3.183827
3.953502
4.916746
3.170727
3.100146
5.059116
4.515901
2.876179
3.036660
3.387008
4.433039
4.061021
4.074802
5.908665
6.127969
7.606328
3.632366
5.410023
5.434291
4.343626
3.563093
5.595155
5.068291
4.083676
3.180906
5.297044
4.179682
3.484980
2.328763
3.521048
2.830615
5.190694
4.934369
4.946389
4.784293
3.912381
