# 参数名称：backbone.features.5.conv.6.weight
# 参数形状：(32, 192, 1, 1)
# 参数数据类型：float32
# 参数值（保留6位小数）：
0.280942
-0.227521
-0.136813
-0.370182
-0.588218
-0.194638
0.429384
0.444356
0.493537
0.315803
0.455420
0.153553
0.422203
-0.156918
-0.020224
0.152444
-0.285750
-0.245394
0.172583
0.251547
-0.129229
-0.254821
0.252661
0.271144
-0.057346
0.133675
-0.106571
0.012566
0.301246
0.068105
-0.399049
-0.263685
-0.205609
-0.170293
0.187825
0.267527
-0.556769
-0.082558
0.009563
-0.044012
0.329553
0.012207
-0.137704
-0.147541
-0.242138
-0.333478
-0.227483
-0.021208
0.547562
-0.367083
0.344526
0.206569
0.202538
0.012966
-0.383731
0.006206
-0.061591
-0.203889
0.351786
0.359788
-0.064597
-0.014494
-0.225600
-0.052315
0.171696
-0.187902
0.374763
-0.058788
0.078673
0.227475
-0.269454
-0.013322
0.230855
0.299842
0.003221
-0.274186
-0.112830
0.040381
-0.163363
-0.515377
0.514003
0.442737
0.349988
-0.426730
0.027960
-0.016988
-0.013511
0.596241
-0.408852
-0.090298
-0.051642
-0.111603
0.022249
0.475989
-0.030709
0.327475
0.660028
0.114561
0.305695
-0.151709
-0.122181
0.306454
0.399199
0.263598
-0.111956
-0.013403
-0.289245
0.066562
0.203911
-0.163363
0.044829
-0.257654
-0.150454
0.458994
0.131122
0.002244
-0.258395
-0.127773
0.048229
0.114373
-0.075457
0.420011
0.518986
-0.028148
0.374671
0.094296
0.110856
-0.156887
0.163498
0.081055
-0.207598
0.122866
-0.004012
-0.105831
-0.288738
0.514357
-0.116102
-0.237861
-0.023644
-0.220991
-0.003083
0.151605
-0.020541
-0.267922
-0.363253
0.200390
0.128723
-0.038970
0.224043
0.148593
-0.025025
0.081891
-0.255516
-0.051850
-0.111066
-0.461960
-0.110830
-0.334735
0.052774
0.177367
0.026026
0.638486
0.225018
-0.478690
-0.545225
-0.186571
-0.526745
0.151598
0.413092
-0.044735
0.282196
0.339012
-0.168397
0.159257
-0.053784
0.223573
0.301051
0.186981
0.181619
-0.345300
0.002703
-0.443849
-0.427812
0.846803
-0.192614
-0.360664
-0.138099
-0.313176
0.027923
0.014666
0.197348
-0.082388
0.208486
0.006206
-0.131464
0.149450
-0.231104
-0.419764
-0.051540
0.213606
-0.426674
-0.211189
-0.157796
0.029890
-0.005000
0.571141
0.128987
-0.146730
0.321312
-0.448055
0.236476
-0.206484
0.247524
0.194438
-0.255684
0.133319
0.265042
0.123224
0.256286
-0.382599
-0.035889
-0.149457
0.172054
-0.261755
-0.346180
-0.015084
0.710959
-0.484596
-0.096830
-0.088102
0.023550
0.034007
0.587637
-0.130444
0.080176
0.158389
0.145805
-0.011697
0.265396
0.084962
-0.026020
0.305648
0.127441
-0.662502
0.074269
-0.006868
0.048173
-0.038974
-0.122750
-0.346525
-0.089604
0.090317
-0.088865
0.201213
0.219688
-0.236771
-0.202853
0.163924
-0.387741
-0.597196
0.068297
0.211751
-0.125105
0.150613
0.124228
-0.022196
0.279072
-0.090583
0.041817
0.243156
0.059139
-0.139344
0.010847
-0.384779
0.217809
0.041315
-0.008178
-0.002596
0.387741
-0.368499
0.118687
-0.147727
0.317963
-0.010988
-0.271439
-0.033754
0.222587
0.123137
0.005673
-0.150085
0.046247
-0.198803
0.087379
0.016822
-0.252628
-0.396494
-0.690847
0.037203
-0.047642
-0.251322
-0.469739
0.131235
-0.416985
-0.078750
0.037015
-0.124917
-0.201916
-0.053147
0.276408
-0.163254
-0.166128
0.238328
0.075240
0.036951
0.006251
-0.136326
0.441039
0.222741
0.291381
0.237960
-0.514542
0.086948
0.297119
0.545910
-0.659004
0.095987
0.110655
0.347777
0.127432
0.122055
-0.690047
0.136339
0.565533
0.041267
0.250537
0.258034
0.381060
0.136982
-0.205893
-0.236514
-0.276352
0.215838
0.005171
-0.212253
0.134262
-0.222364
0.093663
-0.015599
-0.092819
0.049488
-0.518444
-0.228417
-0.075100
-0.114757
-0.198792
0.073040
-0.011330
0.449733
-0.106114
0.222256
0.240004
-0.068562
-0.059978
0.112481
0.195634
-0.003079
0.022121
-0.216002
-0.081179
-0.060961
0.418100
-0.020001
-0.318915
0.352621
0.130758
0.139742
0.089115
-0.054091
-0.382231
0.120267
-0.059632
0.665099
-0.488647
0.284007
0.463683
-0.417196
0.324478
0.046401
0.084814
-0.118594
-0.168449
0.275640
0.172150
-0.074738
0.047032
-0.029783
0.035121
0.247882
0.039367
-0.223274
-0.339875
-0.025329
-0.119460
-0.092437
0.232314
0.355727
-0.290422
0.034758
0.087669
0.141829
0.414837
-0.196051
-0.248310
-0.319683
0.000793
-0.118380
-0.129468
-0.156817
0.006294
-0.282030
0.447718
-0.245796
0.171904
0.257328
-0.345927
-0.332985
-0.057091
-0.140016
-0.484363
-0.009369
-0.112392
-0.248653
-0.370321
0.255717
0.272782
0.064601
-0.227389
-0.095909
0.287994
-0.093098
-0.483376
-0.292192
-0.210994
-0.792990
-0.413885
-0.364257
0.236702
-0.075226
-0.069742
-0.377946
0.237172
-0.087808
0.252010
-0.083706
0.062758
0.009822
-0.127855
0.155983
0.148131
0.653152
0.261270
-0.128248
0.025808
-0.285912
-0.308170
0.307755
-0.090246
-0.358681
0.309187
0.183566
-0.311227
0.071600
0.026100
0.180787
-0.316016
-0.320389
-0.215520
-0.028723
-0.020628
-0.075264
0.314447
-0.317797
-0.271304
-0.140831
-0.269284
0.070305
0.168042
-0.186233
-0.083523
-0.135514
0.181393
-0.102614
-0.058200
0.469356
-0.191708
-0.197798
-0.318450
0.070873
-0.085548
0.094517
0.082931
0.217510
0.222927
-0.166300
0.612386
-0.182855
-0.012910
0.120812
0.236403
-0.325897
-0.255171
0.061917
0.298902
-0.429390
-0.018997
0.187800
0.062443
-0.128716
-0.638920
0.128690
-0.433589
-0.154164
0.261277
-0.104014
-0.029771
0.142824
0.175376
-0.294157
-0.128334
-0.192537
0.088714
0.063416
0.181274
-0.219172
0.108462
-0.160786
0.028000
-0.027300
0.148795
-0.262196
0.156809
-0.218618
-0.163252
0.194602
-0.164944
0.025024
0.223314
0.116372
-0.053732
0.188175
0.355541
0.256767
0.481223
-0.471409
-0.104012
-0.128489
-0.034676
0.053676
-0.200373
0.164907
0.468380
0.007261
0.207844
0.092504
-0.130224
0.378715
-0.186518
0.314933
0.151963
-0.224207
-0.174026
0.062586
0.268816
0.045319
0.279249
0.172854
-0.007709
0.147884
0.003707
0.216353
-0.448463
-0.117614
0.299161
-0.237758
0.171201
0.057670
-0.322077
-0.443465
0.345349
-0.173481
-0.038494
-0.374964
0.296168
-0.017082
0.018750
-0.370409
-0.260470
0.128873
0.023587
-0.122236
0.450076
0.067347
0.004003
0.023163
0.282488
0.188024
0.097372
-0.036412
0.404889
0.223219
-0.224992
0.259323
-0.184713
0.381492
0.361855
-0.244441
-0.610868
-0.148651
-0.029482
0.179492
0.145137
-0.123061
-0.161448
-0.116374
-0.164372
0.214989
-0.451909
0.258946
0.286162
-0.154146
0.095400
-0.270797
-0.239707
-0.262794
-0.097267
-0.211660
0.169538
-0.163747
-0.340301
0.175331
0.084954
-0.110590
-0.271124
0.421986
0.359517
-0.202563
0.224584
-0.105157
0.194918
-0.374026
-0.251149
-0.003483
-0.079078
0.059107
-0.600677
-0.166883
0.082039
0.077526
0.185912
0.178102
0.208588
-0.308565
0.051687
0.401877
0.085330
-0.131484
0.020869
0.191227
-0.247474
-0.327577
0.040369
0.250627
-0.033356
-0.158912
-0.379952
-0.061826
0.482691
0.076506
0.028755
0.429777
-0.159092
0.320476
0.130876
0.099016
-0.172523
0.014807
-0.212996
0.275565
-0.396815
-0.067072
-0.026660
-0.374334
0.172839
-0.301445
-0.010425
0.226037
0.141279
-0.171679
-0.136499
0.077907
0.309663
-0.186979
0.105094
0.254032
0.016698
-0.033158
-0.219887
-0.238962
0.259763
-0.261097
-0.069579
-0.166305
-0.350045
-0.494334
-0.090019
-0.191728
0.551082
0.142865
0.214317
-0.220897
-0.116309
-0.896703
0.150010
0.146668
0.225219
-0.081615
-0.069905
-0.361281
0.020960
-0.176140
0.092018
-0.101381
-0.255809
0.071568
-0.529824
0.050293
0.215480
-0.258053
-0.329302
-0.363681
-0.199116
0.078196
0.240447
0.077806
-0.015822
-0.380128
-0.485976
-0.058086
0.287636
-0.169840
0.345845
-0.113103
-0.277658
-0.149070
0.083826
0.382109
-0.240445
-0.140826
-0.014312
0.276309
0.280322
0.049829
0.549406
-0.168207
-0.050300
0.374774
-0.217017
0.031754
-0.395616
0.005420
-0.091021
-0.051772
-0.120950
0.246720
-0.209614
0.285667
-0.143365
0.042564
-0.330919
0.042055
-0.035996
-0.029855
0.111927
-0.154237
0.320845
0.621572
0.147957
-0.242229
-0.133774
0.016281
0.029996
0.081527
-0.083814
-0.087859
-0.161206
0.249302
-0.034512
-0.131831
0.026921
0.016100
0.270534
0.092510
0.105939
0.468959
0.398297
-0.025284
-0.078978
0.260757
-0.085941
-0.192382
-0.029639
-0.150047
0.197345
-0.025658
-0.179305
0.187993
0.260251
0.000244
-0.107533
-0.260314
-0.017688
-0.210397
0.390370
0.190020
0.249405
-0.230289
0.201400
0.027001
-0.355321
-0.106424
-0.094360
0.142425
-0.060726
0.157088
-0.179377
0.052438
-0.600224
-0.282233
-0.047148
-0.063149
-0.077296
0.517874
0.155577
-0.013378
0.250507
-0.483799
0.070111
0.177037
0.314914
-0.251631
0.337303
-0.066242
-0.116980
0.139807
0.167291
-0.117971
0.018804
0.016850
0.151030
0.153381
-0.352306
0.405233
-0.205393
0.305559
0.230924
0.104647
0.021995
0.137991
-0.191217
0.276123
-0.385397
-0.078661
0.142858
0.056683
-0.020918
0.123849
0.131864
0.476474
-0.009486
-0.045957
0.230265
-0.123465
-0.117332
0.118221
0.229280
-0.047999
-0.098865
-0.340282
-0.248756
-0.262576
-0.248103
0.327375
-0.032965
0.274392
0.129505
-0.060819
0.149328
-0.025952
-0.183364
0.102335
-0.077527
0.034318
0.445596
-0.188620
0.141968
-0.020033
-0.100556
0.229728
-0.333759
0.099753
-0.239932
-0.125728
0.041457
-0.108603
-0.112227
-0.205029
0.095312
-0.141150
-0.111113
0.326299
-0.026540
0.019814
0.335789
0.339640
-0.069380
-0.106853
-0.538271
-0.059262
-0.363251
0.033030
-0.060544
0.276405
0.148385
0.269228
0.453025
0.121779
0.321955
-0.322893
-0.140053
-0.214326
0.042071
-0.157989
0.087885
-0.027141
-0.004086
-0.079077
-0.197931
0.112810
-0.207767
0.272639
0.151931
0.026697
-0.385548
-0.049571
-0.338127
-0.188896
-0.142357
0.217694
-0.107584
-0.504986
-0.279032
0.338155
0.390276
0.027577
-0.273465
0.210978
0.171244
0.306469
-0.133839
-0.276768
-0.207976
-0.132115
-0.121761
0.115643
-0.228335
0.148746
-0.293451
-0.362373
0.018082
-0.252071
-0.131714
0.647555
0.026749
-0.059495
0.101658
0.070084
-0.070385
-0.216118
-0.102083
-0.331629
0.241598
0.338958
-0.085087
-0.418522
-0.001414
0.152921
-0.144613
0.172091
0.051502
-0.041078
0.033626
-0.149393
-0.447726
0.107147
0.070443
-0.255693
0.046303
-0.192912
-0.143050
-0.054679
0.035148
-0.021889
0.347077
0.023370
-0.203688
-0.218260
-0.022296
0.170000
0.182415
-0.155981
0.259163
-0.248509
-0.122581
0.191200
-0.133661
-0.237194
-0.157444
0.241769
0.322404
0.059573
-0.001809
-0.178093
0.371330
-0.209042
-0.188889
-0.027006
-0.323207
-0.421050
0.151150
-0.160632
-0.010070
-0.115219
0.062595
0.077476
-0.203047
0.083594
0.199180
-0.302386
-0.193394
0.168445
-0.132713
0.335781
-0.290911
-0.193019
-0.221667
0.289394
-0.099741
-0.168320
0.279098
-0.135647
0.095577
-0.216429
0.217843
0.102384
0.175621
-0.069269
-0.061466
0.071650
-0.187635
-0.099986
-0.002629
-0.035611
-0.036622
-0.131429
0.079365
-0.154619
0.080979
-0.204241
0.127864
-0.002314
0.112261
-0.012048
-0.029819
-0.127006
0.525645
-0.205356
0.251998
-0.337759
-0.030169
0.143610
0.078100
0.102377
-0.042973
0.122204
-0.616524
-0.298549
-0.268335
-0.051334
-0.194627
-0.139949
0.092667
0.013410
0.361320
-0.015344
-0.057659
0.129390
0.038580
0.399320
-0.107740
0.213108
-0.059362
0.144161
-0.463420
0.268083
-0.378768
-0.239103
-0.002426
-0.378482
0.274860
0.486232
0.341865
-0.364536
-0.158540
-0.038823
-0.184863
0.218703
-0.362071
-0.023990
0.003587
-0.200634
0.200683
-0.029006
0.266917
-0.530352
0.144341
-0.071312
-0.195824
-0.178156
0.022432
-0.269867
-0.655475
0.089743
-0.129826
-0.299565
-0.391690
-0.364260
0.044282
-0.163666
-0.148091
0.105673
-0.348429
0.153192
0.124810
-0.030420
0.073363
-0.430959
0.050567
0.412080
-0.155011
0.033262
-0.045945
0.105709
-0.201829
0.045960
-0.174099
0.046397
0.066501
-0.040622
-0.143413
0.032531
0.214928
0.034132
0.120149
-0.271723
0.179626
-0.053074
0.107578
-0.283322
-0.210187
0.237634
0.503985
-0.157861
-0.163443
-0.123589
-0.240312
-0.138369
-0.015147
-0.238084
0.678115
-0.225919
-0.213031
-0.053771
0.097914
-0.391902
0.132615
0.422303
-0.298025
-0.389417
-0.075469
-0.065813
-0.151455
0.063727
0.292413
-0.012552
0.190114
-0.000071
0.131620
0.797808
-0.039275
0.262558
-0.292411
-0.137517
0.200458
-0.010576
-0.153705
0.080998
-0.014912
-0.136692
0.005809
-0.161857
-0.313239
-0.082524
-0.128021
0.420565
0.300053
0.048991
-0.479369
0.047546
-0.211410
0.387931
0.634027
-0.028449
0.068967
0.160664
0.213822
0.019311
-0.186658
-0.200159
0.029482
0.177567
-0.137382
-0.036678
0.229289
0.152095
0.000658
-0.129795
0.096380
-0.009641
0.708566
0.095272
0.064935
0.131833
0.125414
0.293901
-0.094684
-0.166854
-0.056563
0.097817
0.290685
0.235783
0.233423
-0.101457
-0.308933
-0.180201
-0.020463
-0.073042
0.101075
-0.264229
0.228112
-0.136484
-0.005927
0.086593
0.503117
0.487934
0.014610
-0.395765
-0.332130
0.180291
0.354628
0.013721
-0.203102
-0.270634
0.029070
-0.385782
0.148733
-0.374635
-0.026867
0.179654
0.144944
0.182796
0.060906
-0.036807
-0.144327
0.256297
-0.163633
0.131567
-0.255951
-0.036819
0.000600
0.153513
-0.201331
-0.120202
0.303391
0.083307
-0.482618
-0.297151
0.609484
-0.135702
-0.500513
0.103344
-0.038360
0.116820
0.017646
0.037142
0.138399
0.041937
0.069446
0.360315
0.230392
0.207338
0.197875
-0.401980
0.059126
-0.418781
0.341873
0.075596
-0.007083
0.210772
-0.063518
-0.160708
0.213529
-0.444258
-0.319622
-0.132052
-0.367762
0.294994
0.067382
-0.131204
0.042141
0.521109
-0.138885
-0.233493
0.185777
-0.054715
0.054254
0.095785
-0.217099
-0.412872
0.092988
0.034095
-0.086236
0.210743
-0.180462
-0.466122
-0.001665
-0.116048
0.047050
-0.179613
0.433194
0.114419
-0.213234
-0.117022
-0.576239
-0.199916
-0.088494
-0.035780
0.211057
-0.056551
-0.024872
-0.155266
-0.139812
-0.217822
-0.237681
-0.055765
-0.037533
0.199608
0.088983
0.121448
0.155260
0.251429
0.462871
-0.200522
-0.240071
-0.183088
-0.014623
-0.137453
0.209205
0.031579
0.429588
0.034169
-0.245495
-0.077474
-0.222466
0.098423
-0.030527
-0.136719
-0.208614
-0.449131
0.562041
0.160384
0.169435
-0.103932
0.238110
-0.342211
-0.108573
0.234060
0.196235
-0.318128
-0.113741
0.323878
-0.046137
0.003139
0.220556
-0.235967
0.214899
0.486776
-0.174598
-0.007889
0.318100
-0.185953
0.324851
0.143235
-0.405368
-0.184828
0.234427
-0.302954
-0.352869
-0.216853
0.421645
0.046173
0.333275
-0.259696
0.209668
-0.016089
0.525641
0.255382
-0.451324
0.097175
0.142768
0.025421
-0.000852
0.071834
-0.108483
0.185879
0.033516
0.192302
0.083366
-0.352132
0.022667
0.078849
0.352200
0.320150
0.092933
-0.188121
-0.135251
-0.156175
0.045254
0.121427
0.328616
-0.294602
-0.147586
0.045780
0.003574
0.028510
0.135429
0.085698
0.939821
0.283959
0.149081
0.115593
0.264118
0.392592
0.054811
-0.051885
-0.458139
-0.258868
-0.060311
-0.228711
-0.163016
-0.233832
0.137342
-0.017023
0.131219
0.063592
0.034870
-0.466274
0.046971
0.037528
-0.328475
0.079767
0.004999
-0.090937
-0.019129
0.429853
-0.049318
0.151303
-0.162323
0.436371
-0.444532
-0.353228
0.129368
-0.184487
0.190965
-0.026936
-0.224220
-0.117311
-0.008159
-0.044812
0.070541
0.938570
-0.037043
-0.402110
-0.473350
-0.034442
-0.042495
-0.308682
0.135127
-0.027461
-0.439981
0.276860
-0.250765
0.073222
-0.318852
-0.003103
-0.009172
-0.051218
0.051032
0.322557
-0.212717
0.426172
0.354598
0.227722
0.120715
-0.187057
0.351632
0.143519
-0.050028
0.068762
-0.475852
0.093155
-0.094767
0.328517
-0.318247
-0.008403
0.446494
-0.106264
0.168428
0.096483
-0.006427
-0.514679
0.225314
0.332065
-0.204421
0.278803
0.046798
0.298832
-0.160507
0.546297
0.098546
0.007614
0.024879
0.320659
0.475344
0.360335
0.002059
-0.121354
0.440389
-0.280808
0.374806
-0.144153
0.157351
0.286419
0.108892
-0.292796
0.094806
-0.092147
-0.268091
0.015842
0.235721
0.125677
0.058261
0.175445
0.059545
-0.042483
0.366005
-0.305996
-0.035708
0.288844
-0.108289
0.153183
0.375307
-0.416699
-0.249424
0.087658
-0.725962
0.026742
0.084113
-0.085363
0.092257
0.226954
-0.533631
0.051055
-0.109899
-0.133608
-0.397937
-0.118410
0.365814
-0.150953
-0.168815
-0.232173
0.244574
-0.027288
-0.339925
0.231365
0.345695
-0.186809
-0.013582
0.370415
-0.002656
-0.182168
-0.091242
0.113170
-0.254932
0.132651
0.233062
-0.171905
0.109039
0.018948
0.023066
0.001586
-0.272188
-0.299087
-0.333638
0.561256
0.118402
0.247302
0.095934
0.437481
0.199100
0.101290
-0.004886
0.162058
-0.143292
-0.147477
0.277323
-0.436511
0.046973
-0.079072
-0.122530
0.294918
-0.260132
-0.162297
-0.004749
-0.165774
0.258002
-0.052995
-0.332147
0.094672
-0.039382
0.259539
0.142939
-0.124876
-0.423871
0.146844
-0.082644
0.365882
-0.000359
-0.031877
0.002510
-0.083826
0.389779
-0.081690
0.004809
-0.074511
0.115244
0.486221
-0.149429
-0.044948
-0.154055
-0.493200
0.049242
0.190315
-0.154486
-0.433431
-0.036474
-0.262605
0.046540
0.077949
-0.067483
-0.107421
0.184043
-0.163392
0.108433
-0.330197
-0.133792
-0.264458
0.254486
0.201989
0.043302
0.018323
-0.037853
-0.374183
-0.242908
0.180392
0.501523
0.791696
-0.051380
0.344123
0.395369
0.150457
-0.162014
-0.254125
-0.073645
-0.418773
-0.348889
-0.091020
-0.115154
-0.101155
0.423048
-0.349025
0.234405
-0.127941
0.087836
-0.402756
0.146378
-0.169683
0.073557
0.441761
-0.382731
0.279158
-0.221781
0.055128
0.092234
0.416092
0.216741
-0.274609
-0.017824
-0.125180
-0.005375
-0.215243
-0.098982
-0.236470
-0.446845
-0.296275
-0.488193
0.047896
-0.711812
0.076322
-0.464097
-0.070234
0.055495
-0.234407
0.113880
-0.434722
-0.198705
0.026989
-0.047709
-0.021079
-0.111432
0.053446
-0.336206
-0.084047
0.269750
0.029566
-0.295428
-0.416825
0.267466
0.549238
0.089678
0.086237
-0.127086
0.145581
-0.261705
-0.175146
-0.131857
-0.125804
0.224818
0.022160
-0.022724
-0.300178
0.060201
-0.344101
-0.104148
0.569098
-0.423589
-0.135027
0.251865
-0.136924
0.333688
-0.007144
-0.167974
0.058093
0.679991
0.030400
0.234028
0.103513
0.019217
0.363833
0.032833
0.044579
-0.063105
-0.322006
-0.104367
0.245070
0.115660
0.315769
0.052754
0.095119
0.269560
-0.321264
0.103474
-0.416409
0.068859
-0.013162
-0.083020
-0.115919
0.096222
-0.243521
0.043078
-0.038346
-0.406810
0.322660
-0.099223
0.400441
0.032199
0.059375
-0.163136
-0.211539
-0.112388
-0.532994
0.151323
-0.222054
0.097628
-0.330555
0.306930
0.115627
0.292706
0.314648
0.412824
-0.014582
-0.681302
0.149351
0.115800
0.417118
0.144013
-0.451468
0.167556
0.148544
-0.181365
-0.045044
0.302277
0.083279
-0.040562
0.090030
-0.204628
-0.360724
0.026717
0.005438
-0.065386
-0.329024
0.151494
-0.204075
0.159282
0.230282
0.243383
-0.498054
-0.019121
0.049799
-0.170873
-0.152851
-0.027322
0.759747
0.017146
-0.359058
-0.025202
-0.167023
0.079413
0.263976
-0.335301
0.357549
-0.255803
-0.053484
-0.076947
0.160009
-0.049369
0.013202
-0.182876
0.496217
0.313362
0.067042
0.020552
0.466051
0.089759
-0.077309
0.160371
-0.176755
0.144784
-0.176421
0.163432
-0.326548
0.068584
0.117910
0.114188
-0.040484
-0.136239
-0.701290
0.084644
-0.118812
-0.000669
-0.451338
0.005918
0.278732
-0.055271
0.544129
-0.177759
0.066700
0.033811
-0.254105
-0.330191
0.173401
0.266904
0.086400
-0.113652
0.135493
0.604828
0.386733
0.202737
0.284408
-0.145071
-0.254932
0.146577
-0.094512
-0.450505
-0.090222
0.387175
-0.105580
0.088584
-0.691893
-0.011459
0.277595
0.137442
0.103160
-0.281427
-0.247399
-0.372237
-0.259335
0.169360
-0.114689
0.193043
0.255751
-0.195462
-0.260783
-0.014752
-0.661741
-0.012802
0.027502
-0.150599
0.039903
0.098104
0.011551
-0.050284
0.087632
-0.110635
0.031907
-0.087602
0.241546
-0.158877
-0.318550
0.255798
-0.132851
0.007815
-0.136411
-0.097705
0.240231
0.090574
0.192414
-0.031093
0.106623
-0.131940
-0.568626
-0.227680
-0.289229
0.519387
-0.034164
-0.037949
0.207177
-0.326049
0.011119
-0.143895
0.145618
0.134457
-0.352054
-0.019564
-0.432543
-0.154250
-0.356511
-0.028979
-0.065330
0.055342
0.590786
-0.097686
-0.274420
0.105500
-0.336717
-0.446588
-0.446512
0.210964
0.104889
-0.156535
-0.050502
-0.312504
0.271905
0.370588
-0.322275
0.478963
-0.208493
0.037550
0.408301
-0.002410
-0.009822
0.322489
-0.238293
0.084377
-0.130648
0.462463
-0.081952
0.286410
-0.326409
0.101705
0.306000
0.619687
0.030893
-0.086550
0.001587
0.710686
0.025967
0.217264
0.357803
-0.191906
-0.087103
0.038237
-0.122145
-0.305953
-0.056742
0.179048
0.422912
-0.127789
-0.319691
0.062365
-0.063856
-0.213424
0.269988
-0.050694
0.023023
0.270033
0.032605
0.144373
-0.210827
0.330748
-0.146494
0.187897
-0.136596
-0.313657
-0.394335
-0.152169
0.379118
-0.105993
0.368958
0.369475
0.040052
-0.036701
0.275019
0.053216
0.523899
0.047569
-0.398233
-0.018068
0.126328
-0.160113
-0.210194
-0.154617
-0.037956
-0.067623
-0.222676
0.105247
0.301502
0.033631
0.323507
0.126738
-0.245177
-0.013455
-0.025779
0.241816
-0.287088
0.168469
-0.037344
0.046723
-0.123642
0.065030
0.210183
-0.186150
0.240691
0.490928
0.072849
-0.056383
-0.031015
-0.587536
-0.205249
-0.078895
-0.034981
0.015057
-0.002786
0.375552
-0.068060
-0.037050
0.081793
0.160364
0.087912
0.167897
-0.164383
0.212881
0.085134
-0.173819
0.496090
-0.372945
0.329677
0.109773
0.030614
-0.447358
-0.147060
-0.176441
0.203447
0.384013
-0.093486
0.196090
0.038074
-0.051591
-0.176648
-0.092589
-0.016882
0.323982
-0.207757
-0.182910
-0.104126
-0.009865
-0.057295
0.262463
-0.122863
-0.062012
0.308918
-0.360589
-0.026409
-0.008654
0.166527
-0.370312
-0.007483
-0.468848
0.227020
0.078332
0.228668
-0.247809
-0.076880
0.423280
-0.045665
0.393830
0.005926
0.332937
-0.078305
0.208064
-0.127319
-0.345197
0.111482
-0.052061
-0.290093
-0.419862
0.303446
0.218966
-0.271888
0.278590
0.328232
0.023665
-0.232734
-0.455596
0.047412
0.114683
0.039821
-0.189922
0.115180
-0.107834
0.468578
0.375721
-0.638008
0.421920
0.438558
0.113488
0.266281
0.055502
0.412866
0.485588
0.046199
0.414544
-0.039358
0.046312
0.084127
0.358021
0.120031
0.091666
0.260424
-0.197095
-0.183050
-0.005734
0.415150
-0.240076
-0.228817
-0.081796
0.121525
-0.046911
-0.012099
-0.181087
-0.059221
-0.141323
-0.479484
-0.064814
-0.218706
-0.062371
-0.085020
0.069318
-0.246521
0.298585
0.208759
0.075798
0.136024
0.572291
0.201498
-0.203574
-0.125193
0.162328
0.629779
-0.000050
-0.032060
0.063328
-0.125947
-0.082176
0.128313
-0.224356
-0.035096
0.099296
0.546427
0.294398
0.143411
-0.175112
0.291883
0.595749
-0.224447
-0.072641
0.306054
-0.078908
0.211339
-0.241846
-0.502760
-0.377922
-0.034366
0.328288
0.101032
-0.182354
0.425180
-0.205354
-0.248977
-0.345077
-0.200636
-0.074675
-0.302914
0.319802
0.181856
-0.160987
0.059621
0.001631
0.057890
0.114376
0.245536
-0.143189
-0.334330
-0.069707
0.073721
-0.062866
0.086280
-0.301750
-0.449735
-0.386775
0.219656
-0.077309
-0.015553
-0.138549
-0.193772
0.039655
0.159103
0.270925
-0.132431
-0.098715
0.020741
-0.102609
-0.570512
0.003851
-0.272114
-0.068950
0.058941
0.017982
-0.190330
-0.252912
-0.121583
-0.003123
-0.072374
0.025559
-0.288680
-0.413540
0.120343
-0.478946
-0.473403
0.288694
-0.093730
-0.013391
-0.103470
0.036270
0.483853
-0.323290
-0.164102
0.553643
0.116046
0.027313
0.198327
-0.367962
0.436669
-0.166293
0.243788
-0.024839
-0.441820
-0.161315
0.178280
-0.090592
0.162384
0.197596
0.058385
0.238932
-0.067996
0.396608
0.178454
0.173536
-0.251804
-0.831807
-0.090233
0.164218
0.261677
0.423829
-0.214047
-0.072245
0.167883
-0.130383
-0.153207
0.184512
0.208694
-0.102764
0.004386
0.063210
0.525946
0.086590
-0.115915
-0.002486
-0.284752
0.036232
-0.134572
0.451966
0.393994
0.069729
0.075280
0.063625
0.111738
0.344394
0.678241
0.340282
0.071265
-0.277315
0.204898
-0.078068
0.083377
-0.079851
-0.000291
-0.225139
-0.053895
0.325310
0.011420
-0.147037
0.035886
0.246162
0.087244
-0.062484
-0.091083
-0.510627
0.235998
0.481190
0.022519
0.479409
0.103663
0.113024
0.090327
-0.041987
-0.227626
0.465187
0.246487
-0.215093
0.214437
-0.183630
-0.280499
0.162204
-0.041081
0.159849
-0.163611
0.318534
-0.301034
0.275022
-0.087910
-0.366255
0.344021
-0.175194
-0.077406
0.081818
-0.406080
0.044769
0.460387
0.307909
-0.309800
-0.317641
-0.090611
0.063348
0.298653
0.291140
-0.283146
-0.111785
0.052309
0.059609
0.225183
-0.212422
0.172202
-0.064810
-0.089370
0.288937
-0.498368
-0.185973
-0.141068
-0.229342
-0.123105
-0.204960
-0.384756
0.167478
-0.028341
0.183128
0.104605
-0.132883
0.211065
-0.386183
-0.085171
-0.130987
0.045943
0.348426
0.028781
-0.188466
0.263041
0.146269
-0.515144
-0.095135
-0.060974
0.108017
-0.024889
0.181380
-0.359331
-0.407612
0.443124
-0.328435
-0.032579
0.066458
0.340250
0.310492
-0.019146
0.554563
0.402193
0.364592
-0.214053
0.363178
0.139835
-0.244468
0.269460
-0.171299
-0.104392
0.284525
0.089427
-0.120538
-0.126148
-0.079938
0.041357
0.111874
-0.336027
-0.185600
0.172789
-0.492678
-0.132924
-0.312907
0.149102
-0.260511
0.432443
-0.140801
0.287708
-0.484565
-0.150148
0.202525
-0.133264
-0.334311
-0.105255
-0.036167
0.224489
0.264707
-0.364281
-0.248414
-0.085428
0.231583
-0.142968
-0.220198
0.353361
-0.003666
0.218171
-0.229854
-0.109713
0.112349
0.085481
-0.299523
0.165315
0.080642
-0.209092
0.040867
0.416165
-0.325230
-0.007377
-0.252625
-0.230977
-0.144858
0.177502
-0.264239
0.309713
-0.356369
0.464820
-0.127875
-0.352962
0.034875
0.421373
0.302144
-0.344445
-0.231635
0.395826
0.297079
0.374685
0.252818
0.094315
0.192698
0.253686
0.189670
0.016964
0.225499
0.033689
0.133706
-0.241614
-0.044914
0.085635
-0.524292
-0.153887
-0.075448
0.069289
-0.168321
-0.023942
0.039001
0.423041
-0.340008
0.271009
0.610788
0.172883
0.294586
-0.193546
-0.305842
-0.148077
0.248147
-0.168663
-0.300233
-0.378342
0.038978
0.106650
-0.379512
0.156508
0.350439
-0.384277
0.002193
0.355592
-0.123689
0.239687
0.134422
0.132926
0.237834
0.396612
0.195129
-0.052606
-0.219421
0.440713
0.483264
0.123343
0.173811
-0.394871
0.058273
-0.182382
-0.210563
-0.403125
-0.241052
-0.580356
0.328321
0.033294
0.106472
-0.241796
0.252290
0.523493
0.189850
0.000507
-0.050805
0.060636
-0.084571
-0.055020
0.322581
0.175742
0.150823
0.058788
0.043233
0.144952
0.021636
0.426665
0.161897
-0.158136
0.165821
-0.209129
-0.459421
0.082212
-0.079183
0.349523
-0.302327
-0.316264
0.491456
0.013417
0.122030
0.117893
-0.271636
-0.483895
-0.118834
-0.303263
-0.298530
0.210068
-0.313535
-0.340095
0.635826
0.231509
0.022693
0.164632
-0.165548
0.362815
0.286273
-0.314656
-0.204003
-0.303376
-0.022696
0.011536
-0.028813
0.732973
-0.493727
0.375698
0.251398
0.038873
-0.138277
-0.078272
-0.169817
-0.381243
-0.039106
-0.389787
0.124923
0.122468
0.203524
-0.250175
0.092223
-0.153846
-0.271616
0.245452
-0.024242
0.213822
0.045838
-0.542272
-0.114198
-0.226690
-0.579648
0.156533
0.716554
-0.096848
0.188262
0.232285
-0.182187
-0.176953
-0.362336
-0.003355
-0.110821
0.598570
0.169671
-0.064342
0.339706
-0.138694
-0.080063
0.398779
-0.119421
-0.628310
0.025599
-0.357115
-0.154604
0.164888
0.138214
-0.028121
0.065425
-0.159735
0.204882
-0.163601
-0.097180
-0.192113
0.212079
0.012578
0.391929
0.209909
-0.058714
0.152853
-0.084040
-0.145555
-0.143231
-0.072661
-0.327918
0.049214
0.638965
-0.065607
-0.388752
-0.536161
-0.268899
-0.236406
-0.078993
-0.059747
0.002171
-0.106571
0.324425
0.266645
0.483537
0.088475
-0.113606
0.228590
-0.088878
-0.413217
0.200974
0.341602
0.528259
0.316704
0.263165
-0.363628
-0.075304
-0.157474
0.329506
0.014363
-0.104633
-0.014880
-0.175830
0.416022
-0.424668
0.100423
0.070874
-0.028156
0.107634
0.108241
-0.366365
0.390034
0.404033
0.008641
0.035201
0.050289
0.000155
0.362737
0.257142
-0.285966
0.209509
-0.001493
-0.139754
-0.482146
-0.099606
0.427033
0.423558
-0.164540
-0.440144
0.236830
-0.237539
-0.027098
-0.134735
-0.029038
-0.031002
0.626603
-0.160147
0.420237
0.133706
0.172463
0.209468
-0.133988
-0.128254
0.205352
-0.423423
-0.122523
0.223591
-0.301985
-0.222886
-0.127363
-0.431477
-0.015191
-0.074060
-0.073137
0.217834
0.167798
0.264089
0.368141
-0.786259
-0.063140
-0.271951
-0.055747
0.135573
0.013592
-0.023973
-0.023285
-0.427176
0.305072
0.104193
-0.152435
-0.101475
-0.263450
-0.316394
0.178467
0.160266
-0.020356
0.222361
-0.244549
-0.286905
0.063209
-0.181979
0.057851
-0.268067
-0.081863
-0.145382
0.225951
-0.064182
0.331085
0.256359
-0.513043
0.113771
-0.158306
0.201994
0.311646
0.315929
-0.551646
0.178292
0.183789
0.329317
-0.017110
-0.477196
0.021849
-0.186162
-0.159410
-0.220024
-0.036625
0.164026
0.758494
-0.194981
-0.344087
0.337635
0.330292
0.289861
0.132569
-0.087128
0.049546
0.006235
-0.037920
-0.164501
-0.306299
-0.428713
-0.090453
0.167586
0.140485
-0.208662
0.218310
-0.153642
-0.156598
-0.248298
-0.066771
0.024474
-0.151694
-0.112465
-0.336084
0.278232
-0.123614
-0.222698
0.373037
-0.044552
-0.484407
-0.060359
0.025663
0.246076
-0.448471
0.044254
-0.097448
0.479657
-0.082168
0.480059
0.034292
0.145760
-0.076647
-0.040393
0.025800
0.386294
-0.046389
-0.044812
0.039391
-0.264615
0.249236
-0.567049
0.015462
0.052802
0.228060
-0.089362
0.143883
0.273201
-0.109097
0.237068
0.155327
0.054763
0.298934
0.100047
-0.084700
-0.300560
0.181305
0.273564
0.303805
0.025855
-0.286409
-0.221350
0.254898
-0.011450
0.087510
0.008503
-0.115757
-0.127278
-0.292936
0.043916
0.380339
0.165225
0.069212
0.312464
0.237752
-0.010181
0.080812
0.337242
0.327457
-0.127130
0.311882
-0.424969
-0.481259
0.009796
-0.133302
-0.217800
-0.047101
-0.075978
0.268163
0.080989
-0.134947
0.438808
0.277439
0.169626
-0.298686
-0.155425
0.024456
-0.647280
-0.024492
-0.662293
-0.254130
0.008513
-0.080371
0.047190
-0.385095
-0.082325
0.523081
-0.437508
0.058068
0.496642
-0.431020
-0.064683
0.347414
-0.215210
-0.114598
-0.193314
0.599694
0.498002
-0.305418
0.046669
0.124727
0.296650
-0.198169
0.006569
-0.254819
-0.323221
-0.076666
0.136635
-0.193474
-0.020887
-0.043576
-0.241430
0.160370
0.249149
0.419160
0.048514
-0.007792
-0.087057
0.182723
0.033748
0.173754
-0.157469
-0.001027
-0.397051
-0.341795
0.211046
0.702531
-0.157305
-0.423103
-0.132616
-0.023517
-0.526341
-0.024127
-0.429275
-0.144314
-0.290619
-0.279902
0.149313
0.303842
0.203342
-0.179791
0.185557
-0.561277
-0.065710
-0.329437
0.395277
-0.016632
0.113614
-0.227305
-0.195749
0.170483
0.013750
-0.138526
-0.604818
-0.300341
-0.145856
0.292147
0.118827
-0.373326
0.264077
0.196439
0.322639
-0.216428
-0.477369
-0.039896
0.053201
-0.084706
-0.347423
-0.000322
-0.033900
-0.182989
-0.296398
-0.380100
-0.040632
0.582245
-0.825328
0.053664
0.079102
0.427184
-0.261362
-0.523290
-0.031034
0.030277
0.260649
0.062017
-0.307970
0.174104
-0.147291
-0.087227
-0.140084
-0.317987
0.134352
-0.183367
0.115043
0.132755
-0.131079
0.147391
0.336387
-0.076879
-0.102590
0.192056
0.197064
-0.091155
-0.295046
-0.440177
0.078253
-0.398265
-0.321420
-0.116656
-0.161500
-0.233104
-0.090950
-0.098910
-0.207431
-0.082803
-0.052896
-0.378538
0.212936
-0.139022
-0.007233
-0.154769
0.290223
0.042881
-0.041685
0.041002
-0.265563
-0.277537
0.380425
-0.064787
-0.130648
0.169212
-0.390334
-0.184749
0.158688
-0.306943
0.298172
0.036292
-0.206933
0.008053
0.076074
0.056803
-0.257483
0.136899
-0.258102
-0.187261
-0.277294
0.037013
0.338991
0.273364
-0.184003
0.162511
0.214728
0.081024
-0.215764
-0.132517
0.410098
0.415307
-0.034158
0.441291
-0.333153
-0.142274
-0.101324
0.033635
-0.022066
-0.253399
-0.317558
0.133079
0.267161
-0.636315
0.042272
0.623659
-0.106136
0.131438
0.368601
-0.080812
0.483155
-0.030044
0.213076
0.364113
-0.300796
0.110376
-0.039473
-0.187455
0.195946
0.402801
-0.280954
0.183756
0.188663
0.125550
0.233466
-0.184228
-0.052873
-0.009083
0.199762
0.050899
-0.140476
0.190256
-0.242579
0.323839
0.114964
0.109286
0.176468
-0.187158
-0.056508
0.385475
0.060549
0.395526
0.237939
-0.193413
-0.033938
0.160963
-0.042356
-0.212356
-0.022689
0.145315
0.398986
-0.237011
0.019965
0.028070
-0.335696
-0.670626
-0.600733
0.413795
0.144866
0.197943
0.038765
0.047737
-0.084683
0.032927
0.272388
0.427043
-0.038143
-0.541947
-0.144508
0.077435
0.499748
0.298644
0.014143
0.135674
0.083118
-0.006654
0.222532
0.163518
0.262044
0.045570
0.006278
-0.111352
-0.590210
-0.284562
-0.239680
-0.210306
-0.320944
0.291450
0.065505
-0.025135
-0.223099
-0.042900
0.046182
0.278281
0.448385
-0.190639
0.088402
-0.211200
-0.472427
-0.145170
0.037625
-0.075191
0.317537
-0.171500
-0.109065
0.127446
-0.153040
-0.151607
-0.118814
0.162659
-0.507974
0.062649
-0.137444
0.049834
0.204627
-0.192323
0.061988
-0.315027
0.018642
-0.023471
0.299940
-0.316376
0.506562
0.108761
0.457552
-0.083487
-0.708414
0.535071
0.034795
-0.296796
0.241484
-0.084018
0.019069
0.034932
-0.003049
-0.423100
-0.107159
0.051568
0.425459
0.359591
-0.117685
0.192629
0.121050
0.201294
0.198492
0.159054
-0.133297
0.139793
-0.143718
0.118256
0.353861
-0.115840
0.226219
0.166723
-0.373688
-0.450823
-0.090504
-0.257986
0.434420
-0.108545
-0.023194
-0.363642
-0.300093
0.012480
-0.268976
-0.025322
-0.081940
-0.179494
-0.152903
0.011290
-0.004817
-0.103828
-0.289763
-0.057598
-0.053805
-0.095217
-0.126247
-0.222061
0.181976
-0.422300
-0.026715
0.056059
0.320850
0.014936
0.056275
-0.209643
-0.029257
0.177983
0.325690
-0.476757
-0.142040
-0.169557
-0.059224
-0.006330
0.417441
0.279605
-0.281995
0.445384
-0.626388
0.381146
-0.348460
0.018508
0.259616
-0.280288
0.259918
0.161274
0.052162
0.118162
-0.017863
0.357342
0.557230
0.256001
-0.246720
0.565964
-0.243305
-0.061917
-0.120150
0.089232
0.006492
-0.377307
-0.043436
-0.173441
0.066490
-0.289048
0.073708
0.235786
0.100622
-0.095545
0.129217
-0.207657
0.501782
0.059670
0.315920
-0.512432
-0.420675
0.037139
-0.775332
-0.080394
-0.050623
-0.119005
0.180691
0.429603
-0.324749
-0.054899
-0.034784
-0.399742
-0.165611
0.161501
0.628222
-0.060576
-0.417582
-0.156470
0.349377
-0.142733
-0.135873
-0.004151
0.205335
0.501248
0.017723
0.159212
0.093284
0.178265
0.622681
0.351648
-0.189381
-0.235051
0.463044
-0.183377
0.018681
-0.103588
0.023132
-0.377327
0.104359
0.257714
-0.400048
0.281478
0.037013
0.040557
0.143795
-0.082725
-0.239763
-0.343453
-0.317541
-0.744170
-0.130012
0.092498
0.093840
-0.273206
0.189490
0.779347
0.017549
0.405219
0.004885
0.084221
0.230024
-0.023157
-0.081465
0.008805
0.356855
-0.370049
-0.181994
0.313307
-0.307429
-0.098018
-0.056480
-0.063917
0.285122
0.079816
0.127412
-0.277886
-0.179725
-0.232738
0.224934
-0.336220
0.064770
0.176352
0.005041
-0.163182
0.263965
-0.055856
0.386774
-0.212679
0.191623
-0.304677
-0.098307
0.090957
-0.030777
-0.263295
0.160027
-0.195429
-0.171248
-0.323901
-0.552254
-0.722293
0.103818
0.043852
-0.243207
-0.047387
-0.084118
0.100026
0.289824
0.013734
0.289680
0.036094
0.158606
0.485993
0.121766
-0.337073
-0.302290
0.100086
0.508454
0.340788
0.092928
-0.204971
-0.053784
-0.366089
-0.186441
-0.135226
-0.015518
-0.432123
-0.499318
0.048032
0.111305
-0.052034
-0.012868
0.228764
0.233075
-0.043959
0.168426
-0.151013
0.111870
-0.215041
0.072781
-0.169416
-0.090492
0.402119
0.216976
-0.260036
0.046736
-0.060365
-0.021803
0.148858
-0.136258
0.551371
0.007970
-0.157045
0.410068
-0.072868
-0.331892
-0.163221
-0.245025
-0.172285
-0.287657
-0.248782
0.349533
-0.226407
-0.068325
0.017148
0.356504
0.032702
0.064568
-0.264109
-0.078438
0.196058
0.098634
0.071684
0.100234
-0.570867
0.460101
-0.768384
-0.164231
-0.178337
0.074712
0.138641
0.195731
-0.213807
0.273264
-0.056707
0.323619
0.192773
-0.040363
-0.299318
-0.496987
-0.064000
-0.652438
-0.188226
-0.015964
0.071699
0.248122
0.187745
0.019027
0.339782
-0.015573
-0.105646
-0.100275
0.266138
0.113631
0.204824
-0.312464
-0.171425
-0.078208
0.051005
0.042077
0.415415
-0.398831
0.260201
0.328659
-0.402561
-0.437814
0.019742
-0.326526
-0.452959
0.307250
0.225958
-0.139478
-0.255916
0.074443
-0.618166
0.091118
-0.004709
0.114737
-0.416351
0.304647
0.118176
0.256016
0.167732
0.295829
-0.036894
0.237872
0.172962
0.181038
-0.539861
0.166037
0.170631
0.382545
0.135104
0.120547
0.113463
-0.001213
-0.227666
-0.058399
-0.199793
-0.248567
0.110473
-0.048445
0.252111
0.242437
-0.366444
-0.150195
0.002394
-0.281142
-0.492759
0.151026
-0.442046
-0.114287
-0.505907
-0.296013
0.138176
-0.170345
-0.005282
-0.270874
-0.093230
0.150694
-0.136276
0.033529
0.138757
0.481878
0.192242
0.106969
0.437917
-0.404668
0.195451
0.103210
0.008292
-0.106782
0.196823
0.226553
-0.438757
-0.013422
-0.227471
0.188212
0.211258
-0.139897
0.174876
0.346008
-0.476253
0.112914
0.143541
-0.094825
0.066771
0.303213
-0.193177
0.029216
0.043736
0.049820
0.346828
0.065425
0.170294
-0.216804
-0.090075
0.512838
0.188612
-0.371161
0.029264
0.242456
0.161121
-0.151062
-0.127346
0.063688
-0.707473
0.239689
0.562699
-0.217667
0.028402
-0.351359
-0.255655
0.057957
-0.111795
-0.208404
-0.101837
0.113881
0.072487
-0.166123
0.215612
-0.102175
-0.151387
-0.141381
-0.680417
0.003209
0.303843
-0.072008
-0.083722
-0.016604
0.148768
-0.047206
0.339922
-0.008805
0.099284
-0.214232
0.211444
-0.151956
0.292969
0.062087
-0.345034
0.176157
-0.198775
0.505786
-0.144960
0.284267
0.278579
-0.121742
-0.088128
-0.275537
-0.123982
0.127537
0.078406
-0.180406
0.377239
0.336040
-0.049187
-0.278442
-0.291468
-0.303808
0.144672
0.049115
-0.008493
0.149575
-0.258023
0.154612
-0.038781
-0.167186
0.264934
0.044514
0.304805
0.414420
-0.064236
-0.411891
0.306962
-0.262479
-0.240358
0.531197
-0.130457
0.199354
-0.222308
-0.164458
-0.355844
-0.230408
-0.066203
0.128889
0.542523
0.086067
0.016131
0.456385
0.066910
0.341557
0.110777
-0.434155
0.296332
-0.028728
0.159018
-0.143297
0.052472
-0.227313
-0.127724
-0.198896
-0.335410
-0.594743
0.127296
-0.018028
0.308754
-0.575631
0.108980
-0.035876
0.309381
0.424380
0.199119
0.318987
0.269100
-0.234484
0.068965
-0.060166
0.309329
0.362337
-0.238101
-0.087911
0.385058
-0.101196
-0.483552
0.130372
0.117754
0.336649
-0.140228
-0.142375
0.244737
0.255491
0.205549
-0.046291
-0.276073
0.354995
-0.158333
-0.343499
0.189116
0.258288
-0.297329
-0.137692
0.031820
-0.153566
0.268250
0.572589
-0.137502
-0.250103
0.242183
-0.178924
-0.204016
0.155647
-0.225616
-0.218720
0.384665
0.204566
0.296148
0.288332
-0.132874
-0.801953
-0.054132
-0.320464
-0.058646
0.444689
0.327768
-0.030020
-0.139350
-0.360589
-0.277181
-0.320136
-0.070344
-0.080822
-0.017826
0.141100
0.133262
0.098997
-0.474914
0.111685
-0.174708
0.207649
-0.248883
-0.069271
-0.284327
-0.005781
0.023523
0.419260
-0.343989
0.117284
-0.397142
-0.086370
0.075657
-0.597271
-0.179607
0.302583
0.041668
0.306927
-0.153923
-0.558686
0.003539
-0.142079
0.069245
-0.036654
0.280695
0.070605
-0.238964
0.118637
0.005892
-0.144348
-0.189641
-0.006231
-0.342207
-0.015022
0.053728
0.316461
0.001906
0.020818
-0.507152
0.345609
0.065027
-0.043787
-0.086524
0.445878
0.268559
0.389099
0.106510
0.000738
-0.352939
-0.468870
0.339098
0.117125
-0.207276
-0.017005
-0.213681
-0.367993
0.362226
-0.129429
-0.484038
-0.198961
-0.667550
0.023227
0.118011
-0.493169
0.263747
-0.055813
0.087311
-0.224769
-0.068682
0.386250
-0.001961
0.137588
0.411750
-0.226082
-0.177818
-0.238519
0.138006
0.295699
0.100465
0.538448
-0.077861
0.104626
-0.106377
0.149178
-0.075385
0.577210
-0.100317
-0.085631
0.516795
-0.015552
-0.379792
0.105636
-0.525067
-0.086953
0.023863
-0.239425
-0.005626
-0.361550
-0.487898
0.035640
-0.093496
0.288055
-0.177390
-0.121328
-0.132438
-0.090354
0.064969
0.185050
0.331255
0.170178
0.451242
-0.181312
0.087062
0.318558
0.079489
-0.166358
-0.259870
-0.049096
-0.275475
-0.137724
-0.057850
-0.226021
0.103505
-0.091610
-0.120019
0.247354
0.090899
-0.194028
0.464167
0.055624
0.096105
0.168076
-0.025151
0.394085
-0.470160
0.202723
-0.052320
-0.014000
0.102133
0.331543
-0.175055
-0.177366
0.138039
-0.095158
-0.028715
0.196669
0.123259
0.000775
-0.494701
-0.413100
-0.402463
-0.046539
0.141298
-0.164822
-0.419085
0.104670
0.135199
0.192571
-0.081741
-0.128789
-0.125446
-0.004089
-0.082129
-0.030009
0.106486
0.179890
0.413891
-0.034569
0.034679
-0.488675
0.116175
0.083487
0.476983
-0.129838
-0.329056
0.208311
0.378976
-0.170749
-0.463349
0.145203
-0.206511
-0.078473
0.021230
-0.051221
-0.111006
0.105974
0.483007
0.226573
-0.316485
-0.116151
-0.245702
-0.359884
0.415805
-0.201220
-0.327405
-0.139315
0.169146
0.144473
0.050719
0.154829
-0.213782
-0.071060
0.054603
0.051198
0.285889
0.121543
-0.144069
-0.111949
-0.495283
0.551258
-0.059991
0.063859
0.295842
0.189344
0.058010
-0.177830
0.299522
0.042262
0.006574
0.318211
0.014940
0.209737
0.057696
0.094728
0.108799
-0.043992
-0.141316
0.219850
0.294888
-0.239102
-0.137643
-0.050474
-0.075067
-0.239565
-0.124936
-0.128000
-0.030664
-0.154217
-0.407111
-0.182020
-0.301531
-0.072524
0.057749
0.320935
0.133250
0.233459
-0.072476
-0.053253
-0.043176
-0.359438
-0.013587
0.083450
-0.305021
0.104474
0.006673
-0.016653
0.008806
-0.041609
-0.097643
-0.327242
0.032447
-0.186484
-0.103368
0.427454
-0.255605
0.021818
-0.206287
-0.368419
-0.574778
-0.373680
-0.097007
-0.436511
-0.135159
0.425705
0.206888
0.202371
0.460823
0.113601
-0.024147
-0.196527
0.058046
-0.327236
-0.391378
-0.392372
0.062489
-0.002584
-0.637251
-0.168168
-0.062852
0.132155
0.025725
0.194155
-0.211396
-0.253149
0.002012
-0.149640
-0.306992
-0.056941
0.160494
0.143200
-0.440261
-0.301103
-0.191577
-0.001887
-0.007990
-0.161470
-0.295818
-0.200238
-0.055796
-0.290475
0.065771
-0.555233
-0.042187
0.004146
-0.055015
0.263229
0.120736
-0.420561
0.391564
0.016074
0.000097
-0.054659
0.437181
0.074890
0.120854
0.417293
-0.022351
-0.165952
0.044958
0.061267
-0.660408
-0.009532
0.048953
0.136042
-0.026799
-0.020606
0.051297
-0.078812
0.190667
-0.274232
-0.003876
-0.118761
-0.041749
0.759730
0.209337
-0.296324
-0.098970
-0.235694
0.311567
0.107991
-0.437446
0.202633
-0.030107
-0.033063
-0.180028
-0.238805
0.110358
-0.387770
0.118346
0.443299
0.357302
-0.113320
-0.251061
0.147962
0.331746
-0.015178
-0.151147
-0.022147
-0.110211
-0.126637
-0.191694
-0.015641
-0.007625
0.116535
-0.355658
0.385072
-0.338252
0.200631
-0.310494
-0.320536
0.459623
-0.036933
-0.192157
0.069115
-0.045702
-0.063172
-0.184859
0.008829
-0.322835
-0.053712
-0.018462
0.342566
-0.017620
-0.205879
0.222956
0.086057
0.507335
0.192813
-0.084448
-0.044152
0.322115
0.134284
0.524483
0.133652
-0.043256
-0.332530
0.015672
-0.100053
-0.062662
-0.237090
-0.279372
-0.004266
-0.290108
-0.264817
0.181073
0.094176
0.183461
0.015915
-0.128080
0.186222
-0.368655
-0.093609
0.149060
-0.074276
-0.161491
0.245047
0.265895
-0.095313
-0.181177
-0.357126
0.603470
0.095092
0.198675
0.095430
0.186960
-0.352700
-0.065459
-0.239568
0.083635
-0.432978
0.142303
0.209001
0.034033
-0.203625
0.284931
0.249076
0.314125
-0.054021
0.411261
0.257176
0.313615
-0.134926
0.090971
0.181238
0.225913
-0.215395
-0.032071
0.201617
0.090907
-0.073482
-0.001648
-0.096728
-0.102169
-0.198593
-0.475224
0.239470
0.016416
-0.011543
-0.058141
0.360541
0.539964
0.193432
0.192721
0.007479
-0.038264
0.072183
0.061531
0.305954
0.116713
-0.107716
-0.391931
0.323078
-0.317276
-0.345162
0.517105
0.065393
-0.010881
-0.116376
-0.206178
0.188582
-0.048701
-0.040887
-0.301746
-0.279984
0.055691
0.100592
-0.071066
0.159175
-0.255353
0.145035
-0.372042
-0.299452
-0.101525
-0.301394
0.100007
-0.035401
-0.041227
-0.404716
-0.135779
0.223165
-0.051445
0.017207
0.542158
0.333309
-0.140938
0.580971
-0.120851
0.034668
0.266923
-0.107046
0.317813
0.040777
0.158217
0.138428
-0.110973
-0.297676
-0.333542
-0.238373
-0.007692
-0.156567
-0.016598
0.373005
-0.154554
0.203650
0.663440
-0.070764
0.032388
-0.077650
0.144104
0.034689
-0.037413
-0.345318
0.223297
0.119030
0.146143
-0.096431
0.040440
-0.434844
0.343513
0.173949
-0.135523
0.483479
-0.125599
-0.063581
0.496146
-0.498905
-0.005876
0.280821
-0.354027
-0.453909
0.145793
-0.057727
-0.025916
0.019981
-0.068179
-0.035404
0.176001
0.000386
0.080888
-0.028005
-0.245426
0.056641
0.005948
0.038243
-0.007718
-0.190825
0.348630
-0.553520
-0.188486
0.020467
0.168775
0.074711
-0.216108
0.141000
0.081327
0.064427
-0.212923
-0.030165
0.251377
-0.163694
-0.176034
0.124499
-0.461784
-0.307714
0.253603
-0.290082
0.073553
0.497492
-0.398800
-0.276588
0.163046
0.223158
0.339625
0.002100
-0.185052
0.283569
0.254958
-0.084415
-0.303631
0.045951
0.016461
-0.068916
0.095329
-0.156800
0.071302
-0.135045
0.180604
-0.353293
0.289339
0.555252
-0.042343
0.033388
-0.160824
0.191408
-0.568574
0.600421
0.333270
-0.051131
0.137712
0.296757
-0.179297
0.094275
0.117723
0.292013
-0.462348
0.097650
-0.145411
0.093697
0.229818
0.061266
-0.047871
-0.211465
0.488126
-0.012034
-0.223660
-0.130109
-0.353106
0.028649
-0.282887
-0.017075
-0.370080
0.358088
-0.274863
0.300710
-0.077706
-0.174766
0.315664
0.369207
0.009725
0.160792
0.188812
0.497961
-0.004111
-0.003101
0.047375
0.016567
0.181127
-0.382668
-0.193605
-0.078360
0.078916
0.077085
-0.540893
-0.097200
0.048569
-0.003619
-0.311507
0.028749
0.007196
0.055811
0.611846
0.026226
-0.202223
0.386571
0.145040
0.175425
-0.249966
0.279588
0.000556
-0.056862
0.448349
0.021675
0.275432
0.216052
-0.360445
0.095841
0.090158
-0.235424
-0.285817
0.052709
-0.216956
-0.108838
0.243682
0.278476
-0.064190
-0.525418
0.346862
-0.444766
-0.226718
-0.238072
-0.224627
-0.499140
-0.357225
-0.132056
0.047462
-0.055802
0.122934
-0.123824
-0.172051
-0.025896
0.049397
-0.169894
0.379286
0.366198
-0.351546
-0.037862
0.620461
-0.425220
-0.078710
0.433722
0.342567
0.388672
0.397567
-0.079645
-0.144060
0.322407
-0.252087
0.149028
0.292345
0.082180
0.220963
0.285353
0.020124
-0.045227
-0.139839
-0.400163
0.430417
0.263873
0.373258
-0.302956
-0.394783
0.025631
-0.016537
-0.235947
0.332522
-0.156229
-0.310778
0.017852
-0.123998
0.367900
0.151538
0.541642
-0.347160
0.170552
0.378206
0.278874
0.528415
0.163118
-0.117514
-0.200561
-0.293617
-0.027699
-0.140024
0.000491
0.030282
0.119247
-0.061216
0.531055
0.289541
0.263419
0.230558
0.108766
0.280151
0.055568
-0.051012
-0.246671
-0.216541
-0.515480
-0.294971
-0.153428
0.052793
-0.553157
-0.251550
-0.126701
0.309561
0.159372
0.214215
-0.552383
-0.100772
-0.391800
-0.236368
0.023817
-0.056556
0.278755
0.334849
0.026558
0.979629
0.189234
-0.448740
-0.167814
0.272763
0.014799
-0.308620
0.219090
-0.090328
-0.175004
-0.047921
-0.454092
-0.533607
-0.038395
0.210374
-0.132136
0.310376
0.629452
-0.140032
-0.110617
0.052047
-0.112865
0.330930
0.175613
0.177130
-0.023133
-0.223888
-0.338069
-0.467854
0.441853
0.117706
0.190830
0.084303
-0.237904
0.133412
-0.265323
0.547562
-0.373509
-0.057608
0.218188
0.206170
-0.250044
-0.083892
0.211930
-0.145355
0.091322
0.340574
0.321088
-0.204366
0.605961
-0.492049
0.074136
-0.493583
0.597218
0.353763
-0.338360
0.648214
-0.243613
0.348792
-0.017117
0.121782
0.252334
-0.287527
-0.280618
-0.244427
0.379000
-0.113751
0.125909
0.148446
-0.037964
-0.255585
-0.372635
-0.088201
-0.138774
-0.045408
-0.104017
0.026101
-0.158009
0.033559
-0.173969
0.138672
-0.329727
0.081490
0.119426
0.030204
-0.229183
0.129032
-0.125561
-0.042636
-0.040959
0.227454
0.416968
0.106021
-0.192040
-0.386587
0.087512
0.022547
-0.291532
-0.093769
-0.208568
0.149336
0.356859
-0.206786
0.018190
-0.086061
-0.249762
0.030931
-0.076257
0.111790
-0.217988
-0.068307
-0.498619
-0.386463
0.331825
-0.228200
-0.107194
0.012726
0.181595
0.020466
0.374026
0.092734
0.079292
-0.031502
-0.255450
-0.191481
-0.057250
-0.275577
0.114062
-0.397380
-0.273562
0.135659
-0.188899
-0.130187
0.172924
-0.481695
-0.078922
-0.102221
-0.035327
0.023331
-0.193232
-0.278024
0.186668
-0.005131
0.099342
-0.255268
-0.037789
0.325974
0.072836
0.140079
0.033445
-0.191085
-0.266900
0.363641
0.154836
-0.155869
0.119065
0.010627
-0.666575
0.141374
0.197254
-0.156194
0.260080
0.051557
0.143679
-0.089921
0.031651
0.545148
-0.319347
-0.122099
-0.012560
0.196526
-0.134540
-0.180013
0.314857
0.075447
0.046243
0.357216
-0.185339
-0.195645
0.053359
-0.237110
0.105889
-0.095851
-0.324669
-0.029029
0.256200
0.294059
-0.395044
0.375314
-0.200224
-0.124341
0.017644
0.601876
0.276688
0.176483
0.135482
-0.724472
0.561229
-0.040444
-0.091167
0.417594
0.202075
-0.005986
-0.623767
-0.346306
0.067224
0.144042
-0.089049
0.313060
-0.114891
-0.488494
-0.215773
0.412722
0.047523
-0.388789
-0.096590
-0.137976
0.151749
0.220538
0.105410
0.357154
-0.022724
-0.073879
-0.060811
-0.148221
-0.486249
0.076743
-0.434474
-0.147225
-0.009357
-0.416700
0.223046
0.350704
-0.199666
0.403432
0.499270
0.027782
-0.094766
-0.322480
-0.425039
-0.327563
-0.379000
-0.187079
0.128748
0.185000
-0.239434
-0.064689
0.065580
0.437904
0.197466
0.084356
0.226174
0.078475
0.089734
-0.438678
0.447536
0.204569
0.040986
-0.068371
-0.081174
-0.084514
0.224547
-0.110532
-0.252269
-0.353701
-0.152972
-0.011512
-0.020576
-0.401179
0.136785
-0.182479
0.100085
-0.083825
-0.005377
0.099704
-0.089449
0.143237
-0.217440
0.093382
-0.004051
0.365935
-0.286778
-0.191436
0.030743
-0.192064
0.196180
-0.028665
-0.319453
-0.272458
-0.563279
0.009335
0.464878
-0.500365
-0.342356
-0.150619
0.222541
0.062877
-0.114703
-0.051403
0.074982
0.123134
-0.426198
0.282097
-0.346568
-0.028767
-0.065729
0.125267
0.281354
0.216069
0.115080
-0.158307
-0.279602
0.195521
0.402821
0.352630
-0.299132
0.195774
-0.123250
0.434951
0.086947
0.434933
0.011451
-0.100660
-0.455939
-0.195512
0.016085
-0.515259
-0.137362
-0.223526
0.348760
0.168363
-0.011694
-0.167963
0.449516
-0.024747
-0.044905
-0.164293
-0.017352
-0.126549
-0.448525
0.000174
-0.171135
0.104418
0.197200
-0.187068
-0.056056
0.184236
-0.114050
0.088738
-0.132629
-0.064559
0.109301
0.217634
0.074171
0.021836
-0.111735
0.278101
-0.138618
0.259881
-0.025288
0.097822
0.275840
0.173303
-0.207733
0.000886
-0.168053
-0.161723
-0.146738
0.121225
0.150973
-0.113571
0.185802
0.307177
-0.515546
0.251798
0.695145
0.153498
-0.078829
0.443226
-0.104752
-0.129775
0.081000
-0.374339
-0.329040
-0.085348
0.138396
0.012507
0.503824
0.647524
-0.124489
-0.085402
0.089185
-0.026262
-0.060938
0.024151
0.050541
0.083105
-0.192371
0.016399
-0.075966
0.015619
0.074200
-0.349207
0.085119
-0.175556
-0.300427
-0.376736
-0.138167
-0.167637
-0.017911
0.034229
0.133083
0.391847
-0.146606
0.036353
-0.031475
0.042821
0.356387
0.035576
0.145382
0.152943
-0.037276
-0.038369
-0.275991
-0.071667
0.046785
0.135458
-0.295897
0.265236
-0.500377
-0.094297
0.009897
-0.003570
0.223954
-0.250374
0.326653
0.154782
-0.224878
-0.072368
0.007023
0.118211
-0.225403
-0.314283
-0.015721
0.483135
0.280296
0.067497
0.390060
0.378432
0.157816
0.290144
-0.068300
-0.146256
-0.295115
0.655719
-0.363656
-0.137209
-0.466312
-0.453409
0.152722
0.128631
-0.073822
0.502418
-0.017137
0.177823
-0.612537
-0.032816
-0.131023
-0.334576
0.339244
0.193343
-0.129757
0.056476
-0.452154
0.669690
0.166031
0.663513
0.005721
0.206741
0.028409
0.144435
0.300552
-0.118067
-0.563570
-0.102614
0.279541
0.146211
-0.022886
-0.392579
0.160589
-0.137684
-0.362472
-0.522484
0.036865
0.064675
0.007953
0.090307
-0.341291
-0.102875
0.143849
0.215434
0.284219
0.034066
0.313506
-0.095646
-0.377157
0.026798
0.182254
0.292623
0.295812
-0.005681
-0.284083
0.271551
0.250283
0.010702
-0.078304
-0.030325
0.171283
0.198679
0.100564
-0.037943
0.185531
-0.063621
0.165215
-0.130577
-0.036947
-0.039756
-0.292785
0.023739
0.437362
-0.052295
0.484131
0.186331
0.014763
-0.251818
-0.242149
0.092761
0.187784
-0.241187
0.472823
0.281080
-0.351736
0.043210
-0.297803
0.123076
-0.117231
0.069415
-0.177326
-0.239402
-0.144361
0.078622
0.337588
-0.033529
-0.087421
-0.009056
0.123894
0.117820
-0.403045
0.110030
-0.395503
-0.459449
0.054723
0.055869
0.028979
0.150685
-0.207293
-0.007509
0.046407
-0.395634
0.027583
-0.088820
0.235289
-0.235335
0.134921
0.349470
-0.132132
0.169609
-0.083252
0.302644
0.251452
0.148671
0.017049
-0.053309
0.186270
0.093416
0.284099
0.052485
-0.169150
-0.032280
0.145149
-0.005169
-0.407124
0.043435
-0.274832
-0.537313
-0.121329
0.057453
0.365561
0.380540
-0.294018
-0.277577
0.105439
-0.500386
-0.227939
-0.107470
0.430181
-0.314559
0.154978
-0.028048
0.331035
-0.229937
-0.408376
0.038385
0.000995
-0.165432
-0.407774
-0.075054
-0.024344
0.116769
-0.097890
-0.473820
0.480614
0.170465
0.560922
-0.034085
-0.553264
0.080628
0.191049
-0.058529
0.030338
-0.357708
-0.124059
-0.018224
0.112606
0.435024
0.157063
0.426891
-0.044750
0.381267
0.018207
-0.006354
-0.063502
0.203329
-0.241398
-0.106538
0.680937
-0.328029
-0.227274
-0.427055
-0.034908
-0.337469
-0.291728
0.089018
-0.365941
0.002009
-0.136350
0.263061
0.114544
0.810967
0.051747
-0.181461
0.436150
-0.062605
0.212657
0.358999
-0.065813
0.025171
-0.556326
0.216355
0.103764
0.371648
-0.310429
-0.114839
-0.223416
-0.330411
-0.214211
-0.089751
-0.156768
-0.332409
0.658336
-0.181358
-0.272457
-0.242879
-0.324798
-0.197972
-0.150802
-0.220969
-0.354347
-0.106237
0.168278
0.599400
-0.453496
0.110203
0.230933
0.098604
-0.246284
0.204494
0.140356
-0.236787
-0.136778
-0.002812
0.168653
0.356868
0.054777
0.227526
0.208264
-0.272885
-0.061651
-0.055163
-0.236527
0.082705
0.145402
0.250620
0.460528
-0.024179
-0.306118
-0.014179
0.062300
0.072619
-0.236885
-0.307201
0.227286
-0.182458
-0.195854
0.003834
-0.266435
-0.060778
0.305137
0.291589
-0.141902
0.257651
-0.106979
-0.278706
0.305732
-0.329695
-0.299331
-0.097506
0.450776
0.070892
0.187997
-0.131279
0.055539
-0.203476
-0.168061
0.213971
0.445898
-0.481474
-0.283610
-0.360738
0.074369
0.522699
0.078288
-0.315239
-0.412469
-0.045702
-0.063535
0.196157
-0.168134
0.123700
0.333473
0.008223
-0.040198
-0.235425
0.239261
0.171088
0.113471
-0.060407
0.155731
0.105690
0.007970
-0.383905
0.252257
0.233783
0.031728
0.157822
0.199450
0.202800
-0.067829
0.033850
0.535185
0.028560
0.013243
0.043309
0.068946
0.300806
0.020808
0.009814
-0.050851
-0.288328
-0.303507
-0.098378
0.082966
-0.171914
-0.153020
0.130567
-0.012183
-0.282731
-0.501856
-0.214002
-0.160264
0.053835
0.090207
0.065531
0.375554
0.063520
-0.115199
-0.442377
0.030157
0.074261
0.613194
0.001259
-0.088292
-0.234117
0.128053
0.297232
0.303555
0.058936
0.118338
-0.126490
-0.083975
-0.191735
-0.175373
-0.252265
-0.281200
0.392084
0.585355
-0.380092
-0.130890
0.066193
0.015916
-0.158252
-0.057127
0.269880
-0.116502
0.132359
-0.141218
-0.015803
-0.205947
0.488900
0.152067
0.360718
0.011014
0.160785
-0.142375
-0.347590
0.352568
0.205818
0.350933
-0.128684
-0.046761
0.254482
0.142084
0.106472
0.006168
-0.126142
-0.500555
0.245549
-0.019633
0.082939
0.370635
0.018141
0.337416
-0.406072
-0.156647
0.037944
-0.052421
-0.114631
0.209933
-0.049512
0.100941
0.604542
-0.203386
-0.521268
0.104526
0.361324
0.202429
0.256596
-0.068076
-0.080911
-0.164741
0.284325
-0.224284
0.529543
-0.530915
-0.010066
-0.113929
0.221500
0.174052
0.377238
0.210012
0.152663
0.100601
0.036370
0.101453
-0.002086
0.267798
0.154345
-0.260393
0.030347
-0.498039
-0.406892
-0.377993
0.271062
-0.265351
0.149856
0.311775
0.101360
-0.496112
0.150468
-0.066801
0.367096
-0.158709
0.261500
0.318439
-0.351552
-0.352720
0.180983
0.065421
0.049973
0.172403
0.168187
-0.094802
0.010347
-0.317431
-0.218119
0.279970
0.296188
0.076254
0.447507
0.270100
-0.003641
-0.115964
-0.085072
0.144735
-0.440225
0.288769
0.089851
-0.179427
-0.228071
0.124147
-0.273439
-0.340377
-0.027699
-0.138328
-0.059779
-0.224502
0.035079
-0.087795
-0.266657
0.258727
-0.260422
0.355036
-0.241884
0.320045
-0.111806
0.547399
-0.170048
-0.141473
0.117853
0.044847
0.033349
-0.158247
-0.149451
0.341016
0.205071
-0.083545
-0.158092
0.371022
0.383862
-0.221470
-0.051149
0.447706
0.339857
-0.751620
-0.344368
-0.221035
0.034792
0.285305
-0.005665
-0.392690
0.169209
-0.223307
-0.268737
-0.124063
0.168839
0.114564
0.117674
-0.005690
-0.066691
-0.115490
0.072042
0.008830
0.150016
-0.329899
0.258334
0.297445
-0.515501
-0.035448
-0.280258
-0.050010
-0.331138
-0.248828
0.035405
-0.037636
0.262855
0.562346
-0.255139
0.351799
0.341690
0.331607
-0.239823
0.342003
-0.320048
-0.084257
-0.020660
0.463733
-0.091215
0.013645
0.297522
-0.210453
0.345597
-0.081317
0.514604
0.076303
0.416949
-0.155927
-0.725935
-0.317808
0.520283
0.299075
0.554748
-0.141077
0.264247
-0.497776
0.220053
0.538498
-0.018377
-0.116041
0.234616
0.143967
0.241999
-0.129936
0.142929
0.080998
-0.335503
0.196876
0.094121
-0.133418
0.088425
-0.092750
-0.012488
-0.006133
-0.353429
-0.256568
0.002100
0.068484
0.234292
-0.079516
0.028587
0.007401
0.011886
0.355512
-0.110554
0.600022
-0.349730
-0.334227
0.329622
0.077205
-0.041135
0.331208
-0.146638
-0.004913
0.311919
-0.156775
0.443709
-0.093374
0.048719
0.040208
0.212428
0.667721
0.472353
0.167150
0.126512
-0.178163
0.084931
0.061206
-0.190204
0.050609
-0.568469
0.355232
0.288296
-0.300534
-0.270935
-0.144108
0.050024
0.071767
0.390482
0.200425
-0.541264
-0.243343
0.359516
0.215371
0.436392
-0.282254
-0.501725
0.121416
-0.220013
-0.152766
-0.307286
0.050861
-0.096069
-0.242941
-0.037860
-0.289108
-0.109001
-0.056664
0.150879
0.068095
0.108278
-0.269672
0.416392
-0.036558
0.268115
-0.097208
0.248525
0.203568
-0.072496
0.008024
0.100610
-0.259589
0.214285
0.226864
0.183984
0.169609
-0.141381
0.123120
-0.403365
-0.000208
0.183368
0.198511
0.173921
-0.039892
0.033581
-0.101441
-0.487885
-0.178039
-0.328851
-0.026914
0.280080
-0.279348
0.136345
-0.059560
0.215699
-0.169159
-0.330196
0.217946
-0.130075
0.026542
0.085176
-0.051605
0.059111
-0.209237
-0.003815
-0.210077
-0.289768
-0.042526
0.005305
0.209585
-0.323999
-0.441460
0.084237
-0.385473
-0.077475
-0.259636
-0.050892
0.099006
0.013958
-0.041433
0.202451
0.129245
-0.135339
-0.066007
-0.224411
0.076134
-0.421000
-0.521371
0.368841
0.052226
0.604014
-0.479171
-0.099284
0.502738
0.116766
-0.368341
0.270214
-0.369820
0.424986
-0.251324
0.082534
0.150009
0.078414
-0.177265
-0.065766
-0.328167
0.264380
-0.055920
-0.306674
0.043380
0.079660
-0.363808
-0.563748
0.206188
-0.035247
-0.128814
-0.110245
-0.272699
-0.091147
-0.139460
0.387069
0.156212
-0.163500
0.328905
0.141248
-0.069366
-0.004298
0.328555
0.352605
-0.025551
0.165791
-0.201198
0.080582
0.067846
0.072941
-0.195045
-0.324229
-0.255688
0.452503
0.329457
-0.084621
-0.208998
-0.157357
0.021143
-0.383075
0.599237
0.386361
0.372885
0.031524
-0.196041
0.006363
0.056546
-0.110518
0.073101
0.165529
0.130740
0.014760
-0.381378
0.100571
0.131413
-0.078978
0.019525
0.146420
-0.305714
0.196428
0.358890
0.041463
-0.089761
-0.237890
-0.048132
0.274558
-0.103570
-0.236547
-0.031964
-0.314254
0.148653
0.421115
-0.042248
-0.131507
-0.327832
0.256414
-0.002732
-0.163734
-0.391418
-0.207794
0.118661
0.226364
0.125796
-0.415233
-0.280696
0.929229
0.053183
-0.101928
-0.106641
-0.086326
-0.347246
0.333723
-0.238992
0.607528
-0.439138
0.395642
0.408554
-0.382060
0.198469
0.028530
-0.128472
0.031779
0.018354
0.293985
-0.219007
-0.594914
-0.121356
0.011959
-0.175066
0.059803
0.240823
0.302360
0.316051
-0.355025
-0.180909
0.259544
-0.123176
-0.024870
0.068149
-0.031885
0.131272
0.202091
0.183163
-0.113018
0.166103
-0.191480
0.133975
-0.105958
-0.171769
-0.242985
0.094257
0.460158
0.589817
0.045250
0.178877
-0.195445
-0.248696
-0.097815
-0.255089
0.318124
0.032437
-0.177767
-0.422463
-0.206457
-0.063950
0.006906
-0.036184
-0.167867
-0.013358
-0.279847
-0.151235
0.044914
-0.114661
-0.212771
0.111883
0.254662
-0.265582
0.136381
-0.091341
0.145120
-0.009609
-0.199486
0.089183
0.089330
0.263021
-0.207637
-0.272877
-0.043961
-0.012523
-0.448295
-0.072072
0.210949
-0.049086
0.024101
-0.076837
0.259554
0.209971
-0.192511
0.025186
0.380644
0.134462
-0.313204
0.127196
-0.331568
-0.218248
0.149986
-0.326391
0.154643
0.222287
-0.334766
0.186939
0.027071
-0.238268
0.028630
-0.388471
-0.264092
-0.360620
0.093881
0.046510
-0.029993
0.143077
-0.329138
0.392538
0.042677
-0.174346
-0.058283
0.447544
-0.186104
-0.093266
-0.548732
0.700768
-0.336280
-0.075816
-0.146654
-0.299271
-0.244113
0.001821
-0.266491
-0.207053
-0.311627
0.294221
0.052821
0.252271
-0.442382
0.359447
-0.142461
0.327741
-0.274979
-0.048535
-0.287037
-0.167863
-0.101448
-0.365743
0.046690
-0.113203
0.004905
-0.541409
0.138213
-0.555935
0.149704
