# 参数名称：backbone.features.7.conv.7.bias
# 参数形状：(64,)
# 参数数据类型：float32
# 参数值（保留6位小数）：
-0.000093
0.000123
0.000135
0.000177
-0.000096
0.000094
-0.000113
-0.000023
-0.000036
-0.000100
0.000033
-0.000018
0.000110
0.000131
-0.000117
0.000035
-0.000094
0.000261
0.000055
0.000074
0.000012
0.000021
-0.000044
-0.000062
0.000009
0.000053
-0.000206
0.000070
0.000252
-0.000297
-0.000240
0.000053
-0.000155
0.000054
0.000056
-0.000120
-0.000069
-0.000051
0.000225
-0.000007
-0.000106
-0.000218
0.000064
-0.000171
0.000148
-0.000231
0.000023
0.000110
-0.000125
0.000039
0.000053
0.000169
0.000131
-0.000233
-0.000182
0.000095
0.000005
-0.000251
-0.000138
0.000115
0.000079
0.000195
0.000032
0.000020
