# 参数名称：backbone.features.17.conv.4.bias
# 参数形状：(960,)
# 参数数据类型：float32
# 参数值（保留6位小数）：
-0.019336
-0.001348
0.001659
0.001428
0.000470
-0.010378
0.001595
-0.008444
0.002032
0.001191
0.000855
-0.013669
-0.001601
0.001683
0.007224
-0.001931
0.009230
-0.010379
0.002473
0.005816
-0.009177
-0.003546
-0.005573
0.007199
0.006326
0.002903
0.004248
0.002409
-0.016678
-0.001928
-0.006492
-0.004931
-0.001846
0.009441
-0.001788
0.002982
0.007543
-0.006986
0.008587
-0.000290
0.002819
-0.000650
0.003819
0.008939
0.003530
-0.007149
0.006005
0.001061
-0.016265
0.005331
0.000737
-0.001836
-0.003763
0.008583
-0.000943
-0.000916
0.014049
0.004667
0.002673
-0.000887
-0.021314
-0.004688
0.002618
0.003902
0.004481
0.005225
-0.006887
0.006767
-0.013325
-0.021791
0.003656
0.006327
0.011651
-0.001405
-0.007543
-0.002221
-0.002095
0.000419
-0.006230
-0.004438
-0.001013
0.005461
-0.007417
0.002470
-0.000044
0.002409
0.006186
0.010502
0.011014
0.000025
-0.001910
-0.004711
-0.003950
-0.000974
-0.007247
0.002695
0.000942
0.006226
0.005186
-0.001395
0.000152
0.000526
-0.007191
0.003370
-0.011106
0.005266
-0.005609
-0.000822
0.000166
0.005157
0.000652
0.005624
0.000014
0.007963
0.001528
-0.007624
-0.002289
-0.001744
-0.003261
-0.000354
0.003495
-0.016472
0.004158
-0.002174
0.001993
-0.011885
-0.019463
-0.004077
-0.003057
-0.018240
0.006263
-0.012881
-0.003304
-0.003365
0.002241
-0.000868
-0.009649
-0.008127
-0.003143
-0.011078
-0.023837
0.003711
0.007892
0.004153
-0.009065
-0.007515
0.010540
0.003410
-0.002470
-0.003363
-0.003055
0.001921
0.004025
-0.001121
0.003837
0.003002
0.000648
-0.000155
-0.007007
0.011958
-0.027701
0.002967
0.002903
0.016277
0.004349
0.002832
-0.001909
-0.005710
0.005487
0.008507
-0.002663
-0.023477
-0.006177
-0.001765
0.003598
0.008714
0.002212
0.005656
-0.001518
-0.003789
0.000606
0.001666
0.002229
-0.014115
0.004553
0.001636
-0.000378
0.002419
-0.007004
0.001256
0.003287
0.001533
0.006240
-0.018764
-0.000913
-0.002322
-0.000906
0.001530
0.006906
-0.003103
0.003995
-0.003946
0.003762
0.007140
0.009509
-0.002246
-0.002219
-0.011762
-0.002240
0.013053
-0.001442
0.005358
0.009111
0.001946
0.005151
0.005246
-0.020098
0.005452
-0.007031
0.008293
-0.001871
0.006600
0.001818
0.000292
-0.005632
0.005370
-0.002609
0.010314
-0.001823
0.005129
0.002247
0.003634
0.003442
0.000744
0.005576
-0.000211
0.006105
0.010398
0.004590
-0.002126
-0.005595
0.008298
-0.004936
-0.010802
-0.007709
-0.004819
0.006464
0.007314
0.007412
0.006483
-0.004942
-0.005126
-0.002792
0.005788
-0.001734
-0.000824
-0.009906
-0.000605
-0.020527
0.003202
0.004474
0.008173
0.005298
0.005285
0.006168
0.007165
-0.000980
0.004967
0.006090
-0.000582
-0.006992
0.000481
0.006189
-0.002143
0.006310
-0.010869
-0.004802
0.000853
0.010490
0.002996
-0.001597
-0.006439
-0.002426
0.000340
-0.011315
0.009203
-0.006891
0.006698
0.005950
0.001466
-0.005982
0.002678
-0.005613
0.001396
0.000461
-0.026442
0.005949
-0.001747
-0.010401
-0.003047
-0.000504
-0.016709
0.005797
0.009268
-0.011616
0.006670
0.002739
0.000139
-0.000953
0.000408
0.008373
0.007911
-0.006351
0.000191
-0.000263
0.009762
0.000216
-0.020437
0.004288
0.001076
-0.001527
-0.019520
-0.000225
-0.002907
0.005608
0.002476
-0.000740
-0.021596
-0.003898
0.003715
0.003173
-0.014900
0.003807
-0.013090
-0.000701
-0.005627
0.010984
0.000353
0.008816
-0.001704
-0.008206
0.006222
0.000382
-0.005918
0.008518
0.005193
-0.011786
-0.010462
0.004011
-0.000435
0.000825
-0.017468
-0.003292
-0.004815
0.006890
0.005285
-0.009633
-0.005095
-0.007364
-0.002943
0.006949
-0.004928
-0.002135
0.000666
0.010051
0.003198
-0.005599
-0.000647
-0.008788
-0.006157
0.005637
-0.005949
-0.010016
-0.004404
-0.006571
-0.002538
0.001846
-0.005974
-0.006559
-0.001225
0.008917
-0.002540
-0.003104
-0.014291
-0.000314
0.003954
-0.009528
-0.013288
0.000964
-0.003005
-0.001268
0.003194
-0.000786
0.005413
-0.009114
0.001461
0.005577
-0.020280
0.000281
0.002702
-0.009048
0.001270
0.013763
0.010065
0.003455
-0.002524
0.005010
0.001796
-0.007815
0.003070
0.000791
0.004935
0.001973
-0.020696
-0.009811
-0.003354
0.006154
0.006796
0.005449
0.001399
-0.001699
-0.004672
0.007215
-0.012305
-0.014335
-0.001500
-0.003138
-0.000261
0.008981
0.002047
0.010334
0.003442
0.002120
-0.019363
0.002723
-0.009104
0.008681
0.003494
0.001756
0.007503
-0.012392
0.003280
0.001954
0.000591
-0.002240
-0.002865
0.000661
0.003521
0.001860
0.001247
-0.002488
0.001011
0.011027
-0.016298
0.007883
-0.010794
0.001760
0.002361
-0.005917
0.003645
0.003580
-0.016519
0.000764
-0.019986
0.003981
0.003850
0.005792
-0.004224
0.000546
-0.015055
-0.003296
-0.004966
-0.014423
-0.002218
-0.000205
0.002247
0.012187
0.008634
0.018044
0.003487
-0.002366
0.002524
-0.002623
0.004352
-0.002704
-0.016203
0.007111
0.001127
0.003231
-0.012410
-0.020107
0.005428
-0.003649
-0.015121
0.002240
0.006242
0.002339
0.002977
-0.004008
-0.004307
0.007278
-0.018003
-0.001085
0.001597
-0.002293
0.004849
0.009051
0.002718
-0.003704
-0.010410
0.011942
0.018056
0.001530
0.002256
0.008012
0.000271
-0.007597
0.006910
0.011356
0.000357
0.000577
-0.003716
-0.000934
0.006608
-0.002922
0.000617
0.000604
0.005422
0.000901
-0.000377
-0.003425
-0.001421
0.004845
0.002630
0.015667
0.004035
-0.005992
0.000226
0.003142
0.003714
-0.010595
0.003998
0.000856
-0.000885
-0.001309
-0.021175
-0.002993
0.007967
0.003732
0.013962
0.002221
-0.003021
0.009365
-0.012463
-0.011140
-0.006834
-0.005936
-0.002640
-0.003739
-0.001663
0.006147
0.001868
0.000883
0.004899
-0.002683
0.003344
0.006787
-0.005341
0.000095
-0.010388
0.001839
-0.001169
-0.003991
0.004664
0.011715
-0.003334
0.008004
0.005892
0.000803
-0.015476
-0.001106
0.003669
0.010999
0.008935
0.001080
0.007522
0.000465
-0.009425
-0.007318
-0.005607
-0.006145
0.002399
-0.006357
-0.001675
-0.008619
0.007031
-0.004642
0.005530
-0.000864
-0.000817
0.005853
-0.018431
0.006351
0.002365
-0.014182
0.000286
0.001511
-0.004415
0.002435
0.007271
-0.009489
-0.000214
-0.002882
0.005749
0.005014
0.004874
-0.018697
-0.022785
0.007148
-0.003616
-0.010463
-0.001221
0.000819
-0.005479
0.006512
0.000651
0.006396
0.000024
-0.024467
-0.003494
-0.002979
-0.008019
0.004522
0.004405
0.002112
-0.001063
0.003323
-0.001301
0.003190
-0.002733
-0.020239
-0.002214
0.000504
0.001388
-0.009701
0.004856
-0.002079
-0.002823
0.002289
-0.019542
0.009197
-0.012293
-0.000729
-0.021079
-0.000081
-0.020673
-0.007297
0.002616
-0.004533
0.003951
-0.009427
0.006538
-0.003115
0.003514
-0.004048
0.009552
-0.003898
0.007710
-0.008977
-0.007445
-0.001992
0.002148
0.009264
-0.006232
0.012508
0.001796
0.006314
-0.007751
0.000677
0.012697
-0.008660
-0.000783
0.008346
-0.002349
0.004875
0.000575
0.010642
-0.006422
0.004947
0.005464
-0.008505
-0.003934
-0.024210
-0.001744
0.006349
0.004001
0.006168
0.002988
0.006701
0.001029
0.010056
-0.007755
-0.008201
-0.010223
-0.002261
0.008494
-0.004153
-0.011375
-0.002581
0.001443
0.001729
-0.001676
-0.004738
0.002686
0.006607
-0.010126
0.010815
0.003781
0.004109
-0.008196
0.001490
0.000055
-0.003603
-0.002086
0.001245
0.001568
-0.006133
-0.022612
-0.010075
-0.013724
0.006082
-0.002085
0.003728
-0.000853
0.012427
0.006185
0.003804
-0.003165
0.006842
-0.003545
-0.008139
-0.022196
0.001978
0.002171
0.006699
-0.000658
0.001240
0.000086
-0.014277
-0.002680
0.016893
0.011306
0.004361
-0.007136
0.003670
0.002213
-0.003355
-0.013982
0.007063
-0.000426
0.001136
0.007579
-0.004955
-0.000791
0.004751
0.002563
0.003595
0.003451
0.006308
0.005927
0.000580
0.001129
0.005475
-0.002069
-0.007902
-0.010668
-0.009013
0.001021
0.012625
0.002195
0.004292
-0.008105
0.005782
0.007404
0.004756
0.000346
-0.009220
0.001898
0.004593
0.000643
0.003422
0.011416
-0.002258
0.003710
-0.007068
0.009111
0.000299
0.012937
-0.021040
-0.016444
0.003983
0.005841
0.002441
0.011374
0.004782
0.012434
0.007753
-0.022554
-0.024713
0.008009
-0.021687
-0.005724
0.007572
-0.000808
-0.011414
0.006812
-0.009279
-0.020423
-0.004428
0.009115
0.010635
-0.003719
0.001049
0.005760
-0.016802
0.008468
0.005153
0.005142
-0.000415
-0.000209
0.003677
0.004636
0.005212
-0.001554
0.004948
-0.002602
0.002625
0.010296
-0.007293
-0.002407
0.002685
0.002141
0.005137
0.007465
-0.022440
-0.004011
-0.000619
0.003159
-0.005876
0.007767
0.008164
-0.013458
0.002307
0.002810
0.004761
0.002898
-0.000064
-0.006131
-0.001296
0.003664
-0.003935
0.005200
0.010499
0.013652
-0.010411
0.011711
0.002196
-0.007971
-0.002040
0.006992
-0.018103
-0.013365
-0.002723
-0.004428
-0.002638
-0.000671
-0.017412
-0.000673
0.005233
-0.002629
0.004534
-0.001641
0.003699
-0.000061
0.000117
0.004132
0.001201
0.004400
0.002689
-0.016465
0.002769
-0.003590
0.005821
0.005578
0.000125
-0.007561
-0.010969
0.005529
0.008981
-0.000042
-0.001081
0.005601
0.002836
0.003632
0.003602
-0.005016
0.005733
0.007922
-0.015295
-0.001757
0.003162
-0.006061
-0.006822
0.000600
-0.003199
-0.005866
0.003318
0.001160
-0.010442
-0.006852
0.003537
0.000668
-0.001298
-0.005796
-0.007940
0.000092
0.001620
-0.002544
0.006314
-0.002515
0.002492
0.003994
-0.002697
-0.002306
-0.007318
0.003177
-0.005972
0.017404
0.002243
0.003566
-0.006331
-0.000796
-0.003967
0.014892
-0.005875
-0.002405
-0.001920
-0.001886
-0.011646
0.002584
0.007195
-0.015408
-0.009899
0.009471
0.001731
-0.002084
0.007764
-0.004319
0.011946
0.018896
