# 参数名称：backbone.features.12.conv.1.weight
# 参数形状：(576,)
# 参数数据类型：float32
# 参数值（保留6位小数）：
0.869103
0.868446
0.860359
0.882667
0.928532
0.858041
0.858425
0.879301
0.864491
0.862520
0.872270
0.865326
0.886595
0.857548
0.858435
0.885724
0.857300
0.891143
0.866020
0.864465
0.915141
0.897515
0.872233
0.880559
0.857932
0.894111
0.865301
0.866609
0.857436
0.858278
0.864933
0.857191
0.876795
0.857153
0.860236
0.859858
0.860862
0.896931
0.890351
0.858921
0.892448
0.860806
0.914708
0.904385
0.857312
0.863539
0.873661
0.871551
0.858798
0.859037
0.900823
0.858143
0.857664
0.857184
0.857208
0.857296
0.857400
0.858099
0.858865
0.857135
0.857347
0.859756
0.858894
0.874056
0.920649
0.905693
0.876051
0.857345
0.890124
0.860971
0.857176
0.916954
0.859675
0.857377
0.857176
0.857553
0.867012
0.858131
0.869104
0.861439
0.859454
0.863766
0.898934
0.896273
0.872878
0.857138
0.925153
0.910467
0.860633
0.861515
0.857336
0.857285
0.871351
0.898705
0.858402
0.862333
0.864642
0.867487
0.857439
0.864151
0.866106
0.859788
0.857380
0.858308
0.924932
0.860015
0.892840
0.877565
0.860188
0.857314
0.860038
0.858286
0.899671
0.857853
0.859760
0.861614
0.865664
0.890810
0.888770
0.864812
0.859234
0.860114
0.857381
0.860419
0.896517
0.857772
0.930406
0.857387
0.905464
0.933802
0.866521
0.869471
0.859030
0.869961
0.857919
0.861243
0.934383
0.912363
0.884765
0.906060
0.857192
0.861057
0.872365
0.863380
0.862415
0.936185
0.915681
0.863117
0.861535
0.869409
0.861717
0.872267
0.922450
0.858879
0.920463
0.858147
0.859635
0.875710
0.886707
0.869030
0.857952
0.952500
0.857173
0.868942
0.886828
0.859693
0.858716
0.929647
0.857329
0.930692
0.857481
0.857189
0.861039
0.857953
0.866352
0.860764
0.883492
0.859947
0.859246
0.882268
0.863656
0.898197
0.859385
0.872015
0.858960
0.857666
0.858591
0.889802
0.860095
0.882962
0.857246
0.857899
0.857416
0.857563
0.864754
0.880799
0.858355
0.857286
0.871756
0.857669
0.858004
0.870876
0.857967
0.857773
0.918427
0.861045
0.858102
0.870987
0.857161
0.858018
0.858815
0.884319
0.860992
0.898983
0.860393
0.857527
0.857421
0.860259
0.859140
0.857174
0.866722
0.857212
0.860406
0.858189
0.916417
0.877797
0.900009
0.935031
0.858312
0.857374
0.857359
0.857284
0.874062
0.858246
0.858550
0.875400
0.868314
0.859629
0.864502
0.859601
0.858504
0.904152
0.865738
0.860095
0.871392
0.858202
0.858339
0.866583
0.867179
0.859306
0.901887
0.859394
0.863530
0.897485
0.870377
0.857258
0.895836
0.859385
0.857730
0.900846
0.857164
0.869548
0.859469
0.867243
0.896290
0.889621
0.907709
0.870018
0.862621
0.857258
0.858563
0.877843
0.857442
0.878079
0.863949
0.861452
0.857446
0.867288
0.857893
0.879788
0.865724
0.859044
0.857498
0.881883
0.870792
0.915113
0.857216
0.858855
0.857315
0.857534
0.864914
0.863551
0.874231
0.857444
0.857189
0.857844
0.877676
0.936688
0.930354
0.860875
0.859840
0.857556
0.881660
0.885102
0.858734
0.927611
0.857634
0.858466
0.864818
0.861145
0.857338
0.858882
0.874948
0.859392
0.862646
0.857835
0.868255
0.866229
0.891868
0.911974
0.904364
0.858948
0.857198
0.857577
0.858576
0.857672
0.859003
0.868282
0.857573
0.858252
0.857633
0.859897
0.857312
0.939751
0.860887
0.870532
0.859019
0.857331
0.862529
0.870680
0.864209
0.857273
0.859515
0.902165
0.857540
0.859351
0.914293
0.872887
0.858877
0.859043
0.885334
0.859235
0.907660
0.874690
0.857619
0.857695
0.875423
0.859028
0.895194
0.858859
0.889816
0.858313
0.873170
0.863938
0.875578
0.862765
0.860508
0.858293
0.857418
0.864875
0.860181
0.862543
0.867356
0.857151
0.857762
0.858452
0.938398
0.857131
0.875002
0.857232
0.860009
0.896109
0.857988
0.857326
0.919243
0.857495
0.894057
0.857652
0.870711
0.862881
0.883263
0.858062
0.857260
0.911231
0.860966
0.882078
0.862239
0.857299
0.857648
0.895525
0.857654
0.873135
0.869008
0.857940
0.859112
0.857153
0.858568
0.859544
0.863620
0.937818
0.896343
0.871804
0.859192
0.912440
0.921323
0.861741
0.861091
0.860248
0.891479
0.858422
0.858132
0.858718
0.875041
0.867006
0.923717
0.857629
0.858189
0.858481
0.893168
0.858708
0.860201
0.864745
0.897494
0.901152
0.904650
0.893065
0.857140
0.870721
0.857440
0.859828
0.865161
0.877708
0.857664
0.858241
0.877729
0.857859
0.883280
0.920452
0.857428
0.915524
0.866808
0.857234
0.858042
0.927873
0.873341
0.858056
0.902166
0.859905
0.880119
0.857953
0.857393
0.861785
0.886414
0.859345
0.875935
0.869980
0.868983
0.858983
0.857527
0.883619
0.860449
0.859432
0.913424
0.858652
0.896080
0.858936
0.869468
0.857411
0.859768
0.936212
0.861499
0.859120
0.857643
0.858625
0.859388
0.861841
0.857846
0.905270
0.868469
0.868816
0.863556
0.857626
0.866889
0.869464
0.913472
0.858449
0.857487
0.859008
0.884987
0.857545
0.859126
0.885744
0.870974
0.857465
0.857673
0.865088
0.858193
0.861947
0.858815
0.861005
0.882990
0.861727
0.911875
0.863099
0.857814
0.909789
0.902125
0.857258
0.857920
0.860969
0.881162
0.857326
0.858225
0.880184
0.881773
0.859216
0.859084
0.858535
0.861103
0.857757
0.877948
0.857897
0.858711
0.884721
0.882689
0.870770
0.857563
0.882806
0.857945
0.859507
0.857994
0.924118
0.858522
0.865855
0.857468
0.859766
0.861812
0.859714
0.866681
0.901816
0.857503
0.860535
0.857447
0.858992
0.864342
0.860712
0.857178
0.937090
0.929497
0.902962
0.857195
0.857389
0.874418
0.939904
0.917603
0.951143
0.901330
0.865108
0.857072
0.858257
0.858302
0.885778
0.858754
0.907238
0.870848
0.863376
