# 参数名称：backbone.features.17.conv.7.running_var
# 参数形状：(320,)
# 参数数据类型：float32
# 参数值（保留6位小数）：
1.707962
1.374720
1.798675
2.768311
1.820751
1.746475
1.439113
1.507674
1.781537
2.847746
1.402618
2.092101
1.326401
2.114546
1.542657
2.175377
1.108435
1.312652
1.617142
1.517431
1.387997
2.082176
2.606289
1.227633
1.459590
1.279643
1.444587
0.992223
3.571061
1.311941
1.628753
1.885751
1.493010
1.547446
1.495067
1.392689
1.566821
1.756178
1.357253
2.048003
1.811827
2.030987
1.955059
1.557884
2.873389
1.575996
1.012234
2.215011
1.845905
1.317744
1.322104
2.598986
1.599832
1.627198
2.111907
3.190156
1.298960
1.254718
1.583630
1.794960
1.580348
1.474934
2.016911
1.226293
1.922491
2.247756
2.249139
1.069794
1.350377
1.576489
1.431261
1.947648
2.407353
1.537207
1.470642
1.942317
1.791196
1.444532
2.316455
2.169628
1.697582
1.143421
1.105604
1.222374
1.586365
1.282904
1.329423
1.297923
1.374691
1.360543
1.358898
1.201896
1.449065
2.281916
1.418818
1.737982
1.922546
1.563803
1.575347
1.436111
1.462942
3.829594
2.193880
1.502700
1.833983
1.983328
1.969821
1.123594
2.033685
2.149865
1.975110
0.942043
1.431735
1.898159
2.143650
1.225990
1.645296
3.840989
1.571723
1.258453
1.166700
1.363389
1.740108
1.523936
1.256782
2.353403
1.867207
2.552722
0.907913
2.186679
1.304768
1.686386
1.234094
1.247169
3.375773
1.548433
1.400425
1.659435
2.069429
1.498286
1.583701
1.444191
1.272961
1.558902
1.314516
1.536394
1.497115
1.520138
2.345749
3.044130
1.333958
1.699210
2.086725
1.753913
1.522037
2.265187
1.423189
1.122545
1.948012
2.584902
1.297741
1.846565
1.424854
1.206454
1.487123
1.491865
2.093596
1.312590
1.869013
1.253643
2.316838
1.471481
1.311797
1.502517
1.396975
1.498071
1.469136
1.812843
1.309079
2.518129
1.379178
1.437532
1.531547
1.364075
1.786487
1.915618
1.749059
1.544766
1.610519
1.211893
1.907942
1.569989
1.805591
1.210361
1.817971
1.539366
1.339462
1.571533
1.775945
1.233492
2.629616
1.213775
1.725210
1.915995
3.323056
2.669852
1.237115
1.173334
1.193237
2.408128
1.892763
2.534181
3.095592
1.346858
1.540833
1.593661
1.233867
1.861610
1.593975
1.268751
1.506927
1.454107
1.744459
1.566781
2.140131
1.505651
1.714054
2.388673
2.248533
1.547763
2.323514
1.591696
1.676195
1.659025
1.436332
1.268107
1.888708
1.764206
3.389389
1.494764
2.192448
2.212238
1.862488
1.376285
1.688776
1.274040
1.430456
1.714420
1.429544
1.473505
2.302987
1.353106
1.561721
1.529893
1.436813
1.473926
1.607157
2.168594
1.342612
1.355703
1.653458
1.568675
2.146574
1.641067
2.144013
1.247733
1.851830
1.288457
1.593031
1.106008
1.438223
1.478318
1.802967
1.219202
1.430107
1.490588
1.439796
2.591849
1.376035
1.228153
1.715595
2.173649
1.286255
1.724695
1.470939
1.561476
1.617966
1.306338
2.651419
1.237284
1.768089
1.273211
1.044131
1.258208
1.335666
1.814676
1.701789
1.632805
1.620029
1.827617
1.150349
1.414163
2.646541
1.808762
1.890808
1.655103
1.739076
1.490434
1.464257
1.643911
1.159238
1.679669
2.174924
1.719480
1.760040
2.008003
1.173544
0.962447
1.032991
2.742167
