# 参数名称：backbone.features.0.0.weight
# 参数形状：(32, 1, 3, 3)
# 参数数据类型：float32
# 参数值（保留6位小数）：
0.124053 -0.007541 -0.004882
0.127253 -0.079148 0.116961
0.080031 0.112532 0.070149
-0.011537 -0.088741 -0.004843
-0.002395 -0.007010 0.155906
0.118106 0.138878 0.116475
-0.048015 -0.130441 0.060206
0.004698 -0.083682 0.015174
-0.085350 -0.020103 0.013026
0.003065 0.036447 -0.077205
-0.098828 0.011388 -0.033071
0.052399 -0.063380 -0.004522
-0.113928 -0.064283 0.018694
-0.051040 0.269356 0.002331
-0.032881 0.030949 0.141596
-0.054940 0.096047 -0.028841
0.007655 0.044713 -0.124680
-0.101977 -0.110466 0.029946
-0.114702 -0.064452 -0.002430
-0.053412 -0.072903 -0.055708
-0.043360 -0.143694 0.065655
0.024170 0.001504 0.130062
-0.040810 -0.061212 0.106699
0.062694 -0.005703 -0.120483
0.125959 0.071056 0.123101
0.073358 0.017460 -0.109699
0.096877 -0.020173 -0.088577
0.095537 -0.182774 -0.006090
-0.038701 -0.027321 -0.119221
-0.045125 0.001615 -0.070426
0.136826 -0.012289 0.086560
0.125455 -0.057264 0.016382
0.083275 -0.005798 -0.064733
-0.001610 0.046550 -0.015874
0.111448 0.085567 -0.012506
0.098544 -0.115328 -0.174478
-0.038824 0.043305 0.012611
-0.033841 0.111153 -0.030406
-0.078380 0.058523 0.058103
-0.096181 -0.037181 0.030551
0.069288 -0.084475 -0.043533
0.211859 0.021817 0.043217
-0.055361 0.147706 -0.113354
-0.085695 0.028069 -0.039889
-0.080839 -0.215925 0.041309
0.010349 0.037456 -0.005304
0.007800 0.021439 -0.124908
0.081958 0.008268 0.011322
-0.205513 0.088083 -0.100329
-0.053572 -0.009053 0.000544
0.066299 -0.041892 -0.014539
-0.016410 0.054899 0.002370
-0.095000 -0.035620 0.021076
0.037019 -0.087086 -0.023905
0.031289 0.165855 0.140302
0.131935 0.105215 -0.036532
0.031800 -0.016540 0.064147
0.012487 -0.113826 0.038450
0.112545 -0.194450 0.048363
0.172093 -0.022572 -0.007364
0.084976 0.078472 -0.013107
-0.034116 0.021969 -0.083446
0.062160 0.163133 -0.149766
0.126201 -0.013178 0.128173
0.036018 0.037407 0.155013
-0.084212 0.134011 0.090664
-0.069162 0.030325 -0.015610
-0.034061 0.026265 0.195763
0.068739 0.059950 0.027257
0.022952 0.056017 -0.106574
0.094463 0.039370 -0.032401
0.077322 -0.007489 -0.026327
0.103446 -0.054400 -0.078520
0.154382 -0.072127 -0.171748
0.017696 0.038862 0.104529
-0.064124 -0.078697 -0.043920
0.047557 0.087460 -0.060398
0.046862 0.128855 -0.019215
-0.014825 -0.005746 0.023787
0.096802 0.036407 0.026559
0.078369 -0.098091 0.125487
-0.016353 0.228811 -0.078206
-0.041587 0.136164 0.011508
-0.081627 0.010905 -0.059917
0.010793 -0.011398 -0.020297
0.098184 0.007150 0.024290
0.137510 -0.031334 0.013331
0.031103 -0.035625 0.022993
-0.062037 0.028639 -0.098624
-0.005752 -0.089872 0.060386
-0.086888 -0.079038 0.079937
-0.030993 0.007953 0.081097
0.036382 -0.066152 -0.023678
-0.033633 0.103050 -0.018689
0.028374 -0.009966 0.099195
-0.042703 -0.152794 0.058956
