# 参数名称：backbone.features.11.conv.4.running_mean
# 参数形状：(384,)
# 参数数据类型：float32
# 参数值（保留6位小数）：
0.038317
0.006326
-0.019402
0.049100
0.007109
0.024099
-0.004186
0.001346
-0.035601
-0.012682
-0.009481
0.028780
0.015353
0.027717
-0.016418
0.018741
-0.022084
0.010936
0.014729
0.045678
0.031541
0.007295
-0.001114
-0.027105
-0.028684
0.028073
0.029596
0.004290
0.030679
-0.009163
0.034571
-0.008935
0.048889
-0.026774
-0.024680
-0.002715
0.028140
0.007798
-0.026430
0.004263
0.001028
0.004460
-0.017493
0.026155
0.030305
0.019818
0.028472
0.045644
-0.024516
0.007783
-0.004210
-0.025489
0.012271
-0.015876
-0.039039
-0.034324
0.025790
-0.015024
-0.036945
0.027602
0.036883
0.010107
-0.010206
-0.012687
0.014406
-0.039863
0.006985
-0.023905
-0.024351
0.013363
0.011755
-0.008467
0.013168
0.005464
-0.039185
0.005942
-0.002030
-0.021484
0.000540
-0.020719
0.027847
-0.013885
0.023550
0.007914
-0.044855
0.013307
0.030865
-0.027435
0.019051
0.030931
0.013935
0.022570
0.028565
0.010952
-0.013840
-0.006082
-0.001025
0.040211
-0.003732
-0.035972
0.002622
-0.034854
0.024753
0.026310
0.003521
0.020755
0.026094
0.006597
-0.001412
0.006304
-0.005325
-0.011744
0.022209
0.033164
0.038623
0.006819
-0.028863
0.030081
-0.000519
0.040626
-0.052194
-0.004801
0.007839
-0.032601
-0.014069
-0.028844
-0.010875
-0.034896
0.016645
-0.011540
-0.006022
0.002280
-0.000442
-0.002044
0.021598
0.009244
0.046111
-0.025031
-0.021421
-0.004617
-0.036726
-0.021810
-0.025538
-0.019339
-0.031776
0.013316
0.044658
-0.035375
0.033019
-0.005214
-0.027511
0.063559
-0.038417
0.016363
0.012681
-0.027337
-0.044739
0.021516
0.018068
0.035519
0.021362
0.004647
0.032773
0.036798
-0.033416
-0.030953
-0.008831
0.003005
0.029506
-0.006050
0.005729
0.035847
0.022199
-0.002427
-0.020093
0.005557
0.013953
0.005953
0.023567
0.018717
-0.005063
-0.025635
0.022602
-0.005698
0.005318
0.006989
0.001243
-0.041021
-0.019454
-0.046644
0.010132
-0.014635
0.010034
0.010524
-0.008068
0.014790
0.022114
-0.001311
0.041854
-0.033366
-0.004924
0.012150
0.019520
0.022997
0.019459
0.028174
0.033758
-0.020341
-0.002782
0.006958
-0.015450
0.007827
-0.009247
-0.007831
0.001871
0.022907
0.063821
-0.005868
-0.018843
-0.021632
-0.018680
-0.004749
-0.050547
-0.016475
-0.020734
0.010103
-0.020616
0.012554
-0.029512
-0.024016
0.026055
-0.015210
-0.006479
0.011106
-0.003716
-0.033371
0.013321
-0.015873
0.005052
-0.041446
0.016604
0.033777
-0.014805
0.040057
-0.015146
-0.013126
0.019814
0.022520
0.002830
0.036298
0.029546
0.013923
0.021863
-0.020004
-0.001886
0.020318
-0.005683
0.016282
-0.003863
0.002325
-0.024844
0.032576
0.028899
0.001856
0.022131
-0.019074
-0.023097
-0.011253
-0.000814
-0.043466
-0.017205
-0.022407
0.015929
-0.011475
-0.017984
-0.016041
-0.023202
0.017346
0.024025
0.011495
0.017526
-0.028860
-0.013623
0.024737
0.021799
0.037617
-0.030020
0.000477
0.008197
0.023352
-0.007108
-0.024036
0.020778
0.011963
-0.005354
0.011596
0.009228
0.015342
-0.016179
0.022029
0.023115
-0.005507
0.007396
0.001222
-0.034655
0.022667
-0.002685
0.019279
-0.003776
-0.011278
-0.017504
-0.016866
-0.009967
-0.018056
0.004901
0.031138
-0.035172
0.034478
0.009336
0.019583
-0.028660
0.031289
-0.019165
0.043499
0.013929
-0.021419
-0.042523
-0.015914
-0.021242
-0.024350
-0.008734
-0.033605
-0.062217
-0.010465
0.025627
0.006406
0.001741
0.017117
-0.021012
-0.012648
-0.009841
-0.000849
-0.008912
0.004029
-0.025281
0.018327
-0.011036
0.000433
-0.030161
-0.048756
-0.026936
0.004088
0.012854
-0.012973
-0.035408
0.005324
-0.039744
0.035201
0.033301
-0.032042
0.008171
0.016561
0.016045
0.017710
-0.022189
0.034134
-0.005690
0.002966
-0.034187
0.024884
-0.053735
-0.000267
-0.000710
-0.016245
0.014986
-0.030466
-0.027994
0.034547
-0.049274
0.011032
-0.037272
0.004207
-0.001402
0.010735
