# 参数名称：backbone.features.2.conv.1.running_mean
# 参数形状：(96,)
# 参数数据类型：float32
# 参数值（保留6位小数）：
-0.000167
0.000184
0.000448
-0.001322
-0.001225
-0.000870
0.000305
0.001100
0.000762
0.001801
0.000795
0.000992
0.000164
0.002665
0.000746
-0.000280
0.001166
0.000399
-0.000749
-0.000459
0.000941
-0.001748
0.001513
-0.000440
0.000084
-0.000428
-0.000394
-0.000419
-0.000632
-0.001465
-0.000564
-0.000010
0.000212
-0.000740
-0.001680
0.001038
-0.000311
-0.000433
0.001267
0.002326
-0.000213
-0.000667
0.000225
-0.000449
0.000200
0.000524
-0.000155
-0.000538
0.000384
-0.000336
0.000263
-0.000332
-0.000832
-0.000433
0.000043
0.000010
0.000584
-0.000462
-0.001019
0.001207
-0.000248
-0.000274
-0.001030
-0.000551
0.001109
0.000967
-0.001358
-0.000407
0.000942
-0.000167
-0.000707
0.000615
-0.000147
-0.000491
0.000040
0.000404
-0.000630
-0.000029
-0.001445
-0.001504
-0.000120
0.000250
-0.001451
0.000378
0.002964
0.001088
0.001283
-0.000084
0.000364
-0.000653
-0.001212
0.001292
-0.000655
0.000849
-0.001153
0.000535
