# 参数名称：backbone.features.9.conv.7.running_var
# 参数形状：(64,)
# 参数数据类型：float32
# 参数值（保留6位小数）：
6.987371
3.656383
3.994824
5.572546
4.123356
4.856541
4.292043
4.603801
4.312758
5.902388
6.248140
6.141973
4.465801
4.636687
7.201883
3.836523
4.634636
5.382208
4.065526
4.905075
3.880637
8.165033
5.992674
4.828378
4.004055
4.482434
3.309192
3.405360
4.877543
4.555635
7.097419
4.529790
3.646304
4.064424
3.750141
4.917815
4.271276
3.255894
5.097851
4.808169
5.118675
4.027716
5.326462
4.185176
4.398448
5.348980
4.252876
3.788647
4.133470
3.495738
4.133780
5.279752
4.079026
3.229072
4.055142
4.870363
3.655757
4.135963
5.091657
3.794934
4.178151
4.522993
5.232560
4.501585
