# 参数名称：backbone.features.9.conv.4.running_mean
# 参数形状：(384,)
# 参数数据类型：float32
# 参数值（保留6位小数）：
-0.020701
0.012152
-0.048401
-0.005524
0.009736
0.009091
-0.004339
0.021475
0.018721
-0.001977
-0.013504
0.040780
0.033623
0.040058
-0.022819
-0.026501
0.018366
0.001893
-0.021373
-0.039033
0.014327
-0.035294
-0.023459
0.001105
0.027626
0.031483
0.021046
-0.038361
0.009363
-0.015284
0.016931
-0.009415
-0.020219
0.008115
-0.017781
-0.005064
-0.026961
-0.012016
-0.020639
-0.009699
-0.055457
-0.014876
0.035701
0.007069
0.017638
0.000806
0.024812
0.008451
0.024757
-0.011219
0.008058
-0.004978
-0.011263
-0.007066
0.049628
0.023035
0.032126
-0.013834
0.002818
0.018625
-0.003855
-0.016018
-0.001186
-0.021590
0.015706
0.008153
0.025618
-0.015172
-0.027356
0.048323
-0.004102
-0.003446
-0.007908
-0.000791
-0.022978
-0.001323
-0.015364
0.020378
-0.008232
-0.002371
0.020141
0.017034
-0.050007
0.020175
-0.027124
0.007518
-0.003062
-0.029909
-0.002582
0.003597
0.013201
-0.010100
0.015862
-0.030914
-0.004455
-0.029498
-0.016584
0.008637
0.023278
0.021394
0.021000
0.027656
-0.008451
0.008792
0.037416
-0.008314
0.011284
0.016815
-0.047848
0.012825
-0.021660
0.017329
-0.022270
-0.005750
0.016137
-0.025994
0.017026
0.008458
-0.033328
0.031007
-0.012766
0.001667
-0.001583
-0.038619
-0.001886
0.028458
0.024833
0.015805
0.023929
-0.022126
-0.030677
-0.004656
-0.006425
0.020855
0.040686
0.008909
-0.021918
0.029405
-0.010703
-0.000008
0.005849
0.014846
0.014562
-0.032036
-0.015655
-0.001809
0.012477
0.030995
-0.003770
0.015643
0.038674
-0.010887
-0.039265
0.022557
0.000817
0.011183
0.012513
0.033479
-0.001439
-0.031197
0.016736
0.018901
0.011507
-0.011779
0.010689
-0.013959
0.019523
-0.026249
-0.021552
0.007492
-0.010055
0.004109
-0.028842
0.031308
-0.012876
-0.010244
-0.022336
-0.005642
0.041974
0.014859
0.049862
-0.013814
0.002060
0.011223
0.020623
0.011465
0.008444
-0.013657
0.002609
0.013295
-0.020605
-0.016945
-0.040515
0.028526
0.000450
-0.029416
-0.027401
0.029021
-0.023021
-0.016010
-0.005265
0.002683
0.003818
0.028004
0.011744
-0.009004
0.000632
0.010396
-0.017320
-0.010667
-0.009879
0.008700
0.002900
-0.049236
0.018852
0.005057
-0.010725
-0.027853
0.012365
-0.023463
-0.030112
0.002333
-0.020923
0.011090
-0.015547
0.034315
0.004222
-0.010004
0.009963
-0.027720
0.020078
0.018252
-0.022317
-0.010531
0.054144
-0.002514
0.024901
-0.015591
-0.013652
0.026198
-0.002979
-0.017749
-0.026237
0.003021
0.014418
-0.012636
0.021324
-0.018872
-0.017866
-0.014964
0.022490
-0.059745
0.008288
0.014319
0.028464
0.038554
-0.018381
-0.029647
-0.002859
-0.025307
-0.016988
-0.013749
0.023294
0.000204
0.009079
-0.006819
0.024117
0.006833
-0.056879
0.025878
0.008325
0.018510
0.008662
-0.044398
-0.019488
0.011562
-0.020652
0.003595
-0.001263
0.004160
0.009076
0.032465
-0.022243
-0.027727
-0.003273
0.022401
-0.011843
-0.000763
0.010083
0.000580
-0.018929
0.049152
0.022710
-0.029081
0.017878
-0.019871
0.001696
0.029500
-0.031742
0.039436
0.016490
0.048489
-0.000351
-0.026844
0.024891
0.028423
0.006414
0.030526
-0.019414
-0.003798
0.006502
0.008571
0.008767
0.032261
-0.009979
0.050084
-0.015373
-0.028881
-0.026153
-0.005983
0.037832
-0.022047
-0.014347
-0.024492
0.001295
0.032245
0.004821
0.025683
0.023859
0.025339
0.000367
0.025425
-0.041974
0.007669
-0.009684
0.002601
-0.020646
-0.023047
-0.020067
-0.013675
0.004548
-0.013801
-0.001632
0.005858
-0.018732
0.010817
-0.008401
-0.014457
-0.022265
-0.000690
-0.001082
-0.019149
-0.023454
0.003114
-0.030992
0.000795
-0.024810
-0.014791
-0.008622
0.018430
0.020861
0.009665
0.014708
-0.015720
-0.018020
-0.004969
0.001221
-0.003695
0.005774
0.002627
-0.026435
0.006066
0.056776
0.003493
-0.011271
0.003951
-0.017074
0.028971
-0.000368
-0.027856
-0.022121
-0.051220
0.003489
0.032694
