# 参数名称：backbone.features.2.conv.0.weight
# 参数形状：(96, 16, 1, 1)
# 参数数据类型：float32
# 参数值（保留6位小数）：
0.020375
0.028580
-0.122162
-0.000322
0.119119
-0.183572
-0.135565
0.057163
-0.052220
0.166613
-0.059941
0.255106
-0.000388
0.024374
-0.053647
-0.276745
0.021037
-0.030972
-0.240647
-0.137642
0.213561
-0.099872
0.005253
0.265108
0.155895
0.029819
-0.030922
0.047316
0.064809
0.086458
-0.000478
-0.093887
-0.087291
-0.004099
-0.121200
0.084628
0.083467
0.008109
-0.181287
0.012864
-0.121381
0.318292
-0.066173
-0.463155
0.233329
0.240711
0.047073
0.037194
0.088581
0.153489
-0.118211
-0.071234
0.247443
0.317116
0.067940
0.019543
0.093341
-0.306517
-0.075032
0.067524
-0.074595
0.097665
0.067818
-0.075124
-0.268395
0.099621
0.110268
-0.123141
-0.080486
-0.044888
-0.016780
0.088566
0.073628
0.162292
-0.258680
0.018101
0.104733
0.153173
-0.240821
-0.252599
-0.063737
-0.062216
0.116773
0.086379
-0.029460
0.029046
-0.103467
-0.146972
0.023713
0.055929
-0.171358
0.043151
0.012781
0.071954
-0.138611
-0.009617
0.047388
0.134591
-0.238857
0.160835
0.280684
-0.109920
0.119730
-0.139857
-0.073229
-0.226874
0.008669
0.077072
-0.007505
-0.031889
0.041371
-0.129599
-0.021876
-0.201018
-0.046662
-0.109911
-0.457153
0.056644
0.046192
0.070075
-0.049137
-0.128931
0.100358
0.050622
-0.051943
0.131821
0.391154
-0.105077
-0.126220
-0.069157
-0.417648
0.153605
-0.114750
0.187786
-0.217393
0.023031
0.048681
-0.026632
0.015341
0.042449
0.037031
-0.179685
-0.022284
-0.097207
-0.014346
0.070871
-0.040919
0.097868
0.053878
0.305010
-0.027155
0.095027
0.134177
0.115242
0.486721
-0.294574
-0.194856
0.074351
0.188035
-0.268939
0.116700
0.206854
0.116205
0.101958
-0.227508
-0.032740
-0.045716
-0.057366
-0.010645
0.200190
0.215957
0.064109
-0.067439
-0.117069
0.108664
-0.077874
0.039515
-0.117546
-0.245792
-0.167568
0.009333
-0.108936
0.132974
-0.059928
0.181363
0.114878
0.153805
-0.186875
-0.092947
0.039736
-0.047228
0.025657
-0.003986
0.093711
-0.023947
-0.123743
0.074983
0.050106
0.215131
0.139582
0.056295
0.015254
-0.070057
-0.150933
-0.137765
0.114370
0.074989
-0.014470
0.036519
0.188914
0.035557
0.102037
-0.158918
-0.189440
0.211938
0.157137
0.023721
0.159219
0.384519
-0.354356
0.173782
-0.048838
0.253849
-0.000613
0.154908
-0.218387
0.030928
0.123141
-0.203222
-0.096549
0.083823
0.044390
0.344986
0.134611
-0.147085
0.059932
0.109742
0.006434
0.040935
-0.177953
0.154144
0.002756
0.103232
-0.062772
-0.275474
-0.018889
0.091854
0.092328
-0.075651
-0.046688
-0.282616
-0.114980
-0.187530
0.038049
-0.054678
-0.070609
0.033304
-0.271481
0.205252
0.189523
-0.204111
0.130452
0.048947
0.161856
-0.231566
0.068481
-0.015966
0.096331
-0.134223
-0.123799
0.146441
0.044736
-0.093438
0.091931
0.050152
0.075128
-0.062133
-0.064725
-0.121760
0.196239
0.158644
-0.202933
-0.020763
-0.164040
0.087615
-0.129510
-0.020036
-0.186663
-0.004909
0.190354
0.013922
0.015153
0.346048
-0.012416
0.153409
-0.153180
0.090747
0.238432
-0.042985
0.047161
-0.183515
0.191026
-0.222449
-0.118071
0.075249
-0.064054
0.100165
0.104867
0.014743
0.028289
-0.054342
-0.083218
0.214522
0.190623
-0.158324
-0.058550
0.255099
-0.056894
-0.031163
-0.107507
-0.216408
-0.170317
-0.036620
-0.010932
-0.082722
-0.027298
0.204576
0.235534
-0.096661
0.060207
-0.107094
0.100594
0.030381
-0.269888
-0.047282
-0.234454
-0.081012
-0.000621
-0.055671
-0.354703
0.102317
0.005955
0.044993
-0.154814
0.185557
-0.214807
-0.111086
-0.096146
0.168260
-0.016052
-0.086892
-0.120816
-0.168175
-0.162367
0.041092
0.156472
0.023932
0.171013
-0.046144
0.053932
0.182993
-0.021586
0.158317
-0.122246
-0.290380
-0.305358
0.042448
0.082222
-0.209760
0.297996
-0.315763
-0.009553
0.033517
-0.012599
-0.040403
0.113162
0.134518
0.031416
-0.150440
0.116269
0.037151
0.240173
-0.052375
0.334164
-0.017810
-0.005671
0.011398
-0.035733
-0.041366
-0.066350
-0.081978
0.195679
0.161030
-0.124682
0.086396
0.030608
0.222308
-0.099411
-0.051934
0.164930
0.067396
0.333750
-0.200420
0.055294
-0.211109
0.107544
-0.072316
-0.147627
0.230128
-0.028769
-0.131610
0.153798
-0.075451
-0.141336
0.137208
0.104946
0.027336
0.042837
-0.144141
-0.225926
-0.032547
0.066890
-0.262529
0.138967
-0.117592
0.175439
0.047271
-0.040885
-0.097644
0.026028
-0.022465
-0.048719
-0.074373
-0.203180
-0.089076
0.109840
0.048692
-0.253647
-0.020640
0.011173
-0.048447
0.019828
-0.500336
0.453951
0.174941
-0.106150
0.184752
0.248529
0.048480
0.041820
0.152409
-0.192669
-0.063569
0.040051
-0.102108
-0.116132
0.237768
0.021997
0.340209
0.027672
-0.077741
0.194399
-0.111717
-0.003038
-0.038241
0.050303
0.282385
-0.209464
-0.006064
-0.020360
-0.185175
-0.129280
-0.007780
-0.072557
0.058096
0.020177
-0.085034
0.271601
0.064181
0.022516
0.285449
0.183297
-0.049744
0.141450
0.148331
-0.020641
-0.102120
-0.140108
-0.083125
-0.059150
-0.011752
-0.015462
0.035700
0.189416
0.059848
0.072269
-0.035021
0.055311
0.068654
0.117817
-0.131086
0.124421
0.028011
0.007934
-0.043154
-0.211382
0.063621
-0.124115
0.266837
0.007345
0.020680
0.079561
0.139759
0.039445
-0.011787
-0.070811
-0.025752
-0.004128
-0.044632
0.247340
0.026847
0.142430
-0.041819
0.082420
0.030729
-0.265098
0.054545
0.159040
-0.018824
0.132005
0.029169
-0.019836
-0.121390
0.188399
0.205331
0.035422
-0.077449
-0.242667
-0.201046
-0.079551
0.084853
0.105866
0.080774
-0.051450
0.087423
-0.018623
0.028662
-0.043790
0.132653
-0.093484
0.117969
-0.362029
-0.282259
0.069889
-0.379523
-0.001562
0.055361
0.012785
-0.139719
-0.099540
0.059854
-0.186868
-0.042324
0.065789
-0.011098
0.040343
-0.227475
0.002768
-0.024388
0.032490
0.208745
-0.094233
0.135853
-0.198464
0.254828
-0.012599
0.104571
0.092910
0.119767
-0.063908
0.035730
-0.090765
-0.097668
-0.007751
-0.211237
-0.235236
0.081516
-0.185615
0.058215
-0.054717
0.067527
0.229799
-0.116616
-0.137342
0.058624
-0.070971
-0.213653
0.041071
0.103070
0.044923
0.014005
-0.217607
-0.230826
-0.076251
-0.027535
0.123128
-0.052931
0.048597
0.090497
-0.165081
-0.143575
0.245542
0.008346
-0.072622
0.140196
-0.181358
0.073340
0.216618
0.036918
0.106110
-0.150530
0.064860
-0.058855
0.028045
-0.123941
-0.246643
-0.153394
0.308468
0.227807
0.036639
-0.074305
0.094592
-0.026249
0.060235
0.254057
-0.068049
-0.098409
-0.044844
0.155316
-0.209040
0.010306
0.270671
0.064691
-0.210710
-0.038776
0.076888
0.253960
-0.081432
-0.118507
0.099746
0.024359
-0.188349
0.012794
-0.032148
0.246573
0.148510
0.008081
-0.037640
0.131711
-0.039221
-0.021071
-0.084243
-0.054498
-0.000389
0.065248
-0.059208
-0.054884
0.068859
-0.019853
0.128941
-0.119580
0.084781
0.167620
-0.158202
0.076936
0.255554
0.104061
0.104892
-0.063568
0.236484
-0.190379
0.074276
-0.138858
0.040986
0.020070
0.220462
0.018225
0.204267
0.031425
0.089639
0.038923
0.052870
0.148299
0.035229
-0.316198
0.148956
0.391346
-0.121608
0.049473
-0.060672
0.059235
-0.087100
-0.109887
-0.059240
0.050474
0.124387
-0.052512
-0.046200
0.193680
-0.004850
0.051272
0.044831
-0.021963
0.116438
0.070878
0.025070
-0.069697
-0.111089
0.070245
0.124304
-0.227418
-0.132113
-0.108473
-0.049962
-0.209175
-0.130563
-0.080594
0.103474
-0.079531
-0.042605
-0.019328
0.034611
0.150983
-0.009891
0.011695
-0.036930
-0.170213
-0.010941
-0.134410
0.009090
0.045664
-0.103013
0.196310
-0.278327
-0.218155
0.066502
-0.061506
0.105533
0.174105
-0.152475
-0.089197
0.013047
0.131211
0.074539
0.018722
-0.205014
-0.251878
0.048029
-0.010201
-0.189717
-0.062142
0.088314
0.197427
0.065518
-0.023963
0.106313
0.026994
-0.065619
0.118970
-0.130115
-0.006317
-0.062024
-0.168128
0.252153
0.115447
-0.169799
-0.060622
0.023434
0.103015
-0.156593
-0.050874
-0.160451
0.178009
0.250222
-0.140206
-0.010079
-0.037189
-0.008522
-0.066839
0.060947
-0.060305
0.040594
0.013861
-0.048996
-0.287266
-0.156741
-0.113344
-0.060067
-0.064897
-0.156805
0.030566
-0.098165
0.120302
0.019441
-0.078730
-0.052972
-0.044815
-0.077272
0.075936
0.170550
0.137697
-0.099068
-0.132071
0.358877
-0.112511
0.136419
-0.108018
0.142675
0.095860
0.150619
0.139641
0.072855
0.114096
0.054050
0.147375
0.195140
-0.082250
0.128366
0.044825
0.095592
-0.147576
-0.004266
0.115262
0.292738
-0.080553
-0.038431
0.050521
0.383252
-0.122922
0.057641
0.103770
0.063800
0.078109
0.090697
-0.168041
0.104713
0.116744
0.125659
-0.116549
-0.126045
0.012666
-0.189755
-0.001383
0.045333
0.034631
0.118008
-0.006181
0.047193
-0.018615
0.015936
-0.080893
0.050368
-0.199932
0.145808
-0.051045
0.042578
-0.145369
0.030654
0.128551
-0.070690
-0.303790
0.013634
0.019097
0.098857
0.178175
-0.081429
-0.080327
0.426054
-0.130089
0.086615
-0.059452
0.083599
0.037140
-0.109723
-0.135239
0.023651
0.038326
0.263959
0.012840
0.044326
-0.119110
-0.189458
-0.005188
-0.016393
-0.105330
0.038662
0.066619
-0.046820
0.024100
0.161936
0.008486
0.025858
-0.015179
0.049262
0.083423
0.102559
0.089819
0.088295
0.148068
0.085765
0.112731
-0.318846
0.171933
0.138045
-0.102795
-0.350334
0.097389
-0.032414
0.024461
0.359465
0.232757
-0.131995
0.084474
0.144509
-0.060807
-0.229680
-0.063593
0.155852
-0.181214
0.081250
-0.115233
-0.250027
-0.008731
0.022560
-0.107014
0.071343
-0.292754
0.139921
-0.120492
0.034955
0.040637
0.063284
-0.051320
-0.020244
-0.191715
0.007517
0.132935
0.031539
-0.041650
-0.054758
0.090908
0.199659
-0.007106
0.105107
0.097390
-0.087446
-0.176241
0.092580
0.049878
-0.304391
0.045655
-0.106141
-0.016617
-0.111338
0.066138
0.057730
-0.028673
-0.088338
0.063554
-0.014715
-0.054897
-0.163328
-0.155611
-0.093862
-0.020494
0.128299
-0.143344
-0.123070
0.115142
0.001592
0.062056
-0.124967
-0.155120
0.139372
-0.121627
-0.167863
-0.079105
0.084725
0.078205
0.072357
0.045352
-0.136621
-0.034179
0.102900
0.064850
-0.145830
-0.098367
-0.020226
-0.061817
-0.065822
0.018356
0.176899
-0.329938
0.194751
-0.182055
-0.142217
0.127619
-0.188955
0.016008
-0.367441
0.028511
-0.210501
-0.123863
0.180063
-0.001078
0.041615
0.016584
-0.084810
0.115517
-0.044070
0.074969
0.273276
-0.131863
0.048816
0.136799
0.164467
-0.099629
0.238313
0.070561
0.094008
-0.050923
0.339468
-0.027769
-0.027293
0.167031
-0.033841
-0.204815
0.134032
-0.147378
-0.167143
0.027770
0.017105
-0.023336
0.305235
-0.021579
0.172959
0.073379
-0.128411
-0.048573
0.049449
0.039779
-0.280861
-0.098236
-0.014035
-0.080635
-0.077875
-0.153487
0.055728
0.192788
-0.247846
0.116806
0.099576
0.173483
-0.171857
0.120531
0.417148
0.011741
0.190519
0.256634
0.101567
0.114116
0.134156
-0.038382
-0.069133
0.253313
0.050516
0.066673
0.240468
0.012745
0.270443
0.004452
0.011430
-0.098270
0.148118
0.099325
-0.286611
0.019224
-0.249006
0.085869
-0.061758
0.069490
0.013463
0.086153
-0.176712
0.001389
0.306000
-0.065043
-0.219253
-0.014022
-0.073525
-0.236118
-0.049504
0.051572
-0.191977
0.488236
-0.249410
0.204739
0.149665
0.142226
0.067355
-0.035636
-0.102064
0.096165
0.147024
-0.256518
-0.362778
-0.351285
0.076769
-0.136009
0.168343
0.138200
0.081938
-0.072853
0.177276
-0.062554
0.058506
-0.462757
-0.004682
0.167994
0.055629
-0.061848
0.102818
0.258325
0.054664
0.066960
0.119570
-0.044030
-0.192976
-0.174682
0.016848
0.054090
-0.189997
0.054234
0.061721
-0.282298
0.035071
-0.103948
0.018043
0.085688
0.001574
-0.039441
-0.113633
-0.254913
-0.034278
0.031124
-0.019484
0.292092
0.041766
-0.093301
0.086982
-0.082649
-0.159776
0.035818
0.042200
-0.265073
-0.007201
-0.052762
-0.013982
0.106100
0.102152
-0.099746
0.065156
-0.048627
0.054605
-0.029488
-0.162562
0.027403
-0.064188
-0.079621
-0.139011
0.263857
-0.033255
0.026341
-0.047187
0.230692
0.040466
-0.059587
0.082464
0.168954
0.004316
-0.035734
-0.103892
0.147412
0.088906
0.056364
0.177536
-0.225830
-0.042944
0.008369
0.086153
-0.163727
0.136921
-0.145157
0.090304
0.075705
-0.061308
-0.099246
0.123797
0.070892
-0.027377
-0.099656
0.151002
-0.165961
0.069583
0.145579
0.007393
0.199653
0.138511
-0.168022
-0.176855
-0.278316
0.415992
0.048040
0.007933
-0.044176
-0.100807
-0.016912
-0.250147
-0.069583
-0.281798
-0.128195
-0.109158
-0.147837
0.055572
0.029975
-0.228191
0.044124
0.098644
0.258874
0.054147
-0.134465
-0.054823
0.141566
0.052281
0.062518
-0.266251
0.078944
0.270318
0.183256
-0.002599
0.092599
-0.227320
0.030022
0.059288
-0.243123
0.066758
-0.102575
0.051668
0.038478
-0.006074
0.075714
0.169431
-0.072538
-0.180413
0.065272
0.205713
0.084495
-0.107005
0.098020
-0.029683
-0.088574
-0.075836
-0.043160
-0.145917
0.032673
-0.087428
0.454963
-0.211208
-0.137071
0.094065
-0.182302
0.236832
-0.001013
0.292181
-0.030611
-0.202276
-0.021794
-0.157730
-0.043138
-0.219798
-0.208613
0.039084
-0.058584
-0.108831
-0.225136
-0.148771
-0.066249
0.017965
0.030784
0.139255
-0.057351
0.196551
-0.096506
0.188358
-0.038673
0.116532
0.030338
0.014864
0.040936
0.035638
-0.041434
0.132186
0.029216
0.067389
-0.010250
-0.210795
0.219813
0.178265
-0.048591
-0.056412
-0.110673
0.268686
0.047968
0.173106
-0.006071
-0.048092
-0.158976
-0.309836
0.030740
-0.143207
-0.200407
0.081720
0.076625
0.077049
0.087906
0.310338
0.129243
-0.187259
-0.181049
0.174917
0.006537
0.011147
0.033580
0.160382
-0.080822
0.018361
-0.159080
0.462176
-0.221544
-0.194533
0.159588
0.090477
-0.044688
0.117119
0.352456
0.105901
0.092845
0.064844
-0.102973
-0.018811
0.036757
-0.077456
0.069141
0.113414
0.051691
-0.041014
-0.027176
0.189365
0.058696
-0.075374
0.083538
-0.163630
-0.052438
-0.158628
-0.010568
0.112651
0.040219
0.062818
0.015214
0.138595
-0.103766
0.004403
0.333848
0.172651
-0.098144
0.160678
0.112917
0.091189
-0.087627
0.095810
-0.083472
-0.048211
0.037930
0.042742
0.074649
-0.063332
-0.053178
-0.040113
-0.000731
-0.078511
0.005274
-0.061878
0.044561
-0.209073
0.122346
0.033867
0.093578
-0.156198
-0.122617
0.220729
0.156784
0.206233
-0.182583
-0.089883
0.293231
-0.034503
0.035931
0.104997
-0.135174
-0.085272
-0.004311
0.447770
-0.034094
0.004274
-0.107105
-0.069072
-0.190904
-0.111783
0.258963
0.015622
-0.153130
0.138386
-0.001614
0.080009
-0.123127
-0.231822
0.169342
0.234240
-0.149937
0.060825
-0.026144
-0.043790
-0.097332
-0.132293
0.041472
0.133693
0.252344
-0.185092
0.029235
-0.093008
-0.002047
0.054094
0.190037
0.266066
-0.190975
0.178152
-0.056455
-0.096377
-0.125232
0.050437
0.101987
-0.266601
-0.081850
0.020200
-0.173869
0.132388
-0.036962
-0.182602
0.041226
-0.069879
0.208411
0.120271
-0.011527
-0.098863
0.220540
-0.325551
0.030579
0.024834
0.115616
0.162033
0.043153
-0.018652
0.076579
0.109841
0.069404
0.001660
0.119105
-0.137215
0.103958
-0.084451
0.125253
0.020832
-0.037935
-0.089455
0.213744
0.147561
0.021947
-0.024513
0.074211
-0.123353
-0.203315
0.096482
-0.199272
-0.292494
-0.139128
0.161499
-0.016568
-0.020389
0.065776
0.052188
-0.103631
-0.247816
0.116271
0.035841
0.079146
0.289725
-0.048428
0.026118
-0.134022
0.008178
0.010022
-0.044691
0.194792
0.196049
0.088178
-0.113721
-0.181701
-0.198140
0.209307
0.106950
0.069484
-0.335434
0.062638
-0.092522
-0.016650
-0.037899
