# 参数名称：backbone.features.14.conv.1.running_var
# 参数形状：(576,)
# 参数数据类型：float32
# 参数值（保留6位小数）：
0.790078
1.494553
0.668912
2.365823
0.848505
1.686959
1.128639
0.896996
1.032383
1.275166
1.773659
1.422780
1.027998
1.732546
1.048962
1.529166
1.083040
1.984023
2.470683
0.905211
2.770527
0.850410
1.042094
2.114969
1.205227
1.057370
0.807404
1.133118
0.966159
2.175028
0.700995
0.863456
1.113774
1.048633
1.062464
1.034332
0.926528
1.736790
0.864103
1.004270
1.576598
1.178507
0.887696
0.866609
1.481271
0.723931
2.647573
1.654864
1.823768
0.905221
0.911952
0.659928
1.134952
1.880956
1.652508
0.564225
1.185800
0.904500
0.838732
0.967093
1.090009
0.740532
1.410172
1.139284
0.680079
0.836024
0.910324
1.111480
0.801916
0.577766
2.018879
1.439151
2.159670
0.954079
1.220518
2.057886
1.029251
1.723823
1.313072
1.200737
1.525850
0.976565
0.754033
1.221161
1.040866
1.490080
1.217639
0.746979
2.019479
1.020545
0.922723
0.863096
0.926374
2.667796
1.076517
1.294829
0.836283
0.830323
1.658914
0.933821
0.646724
0.928863
1.021508
1.898375
1.596093
1.353427
2.043979
1.796000
1.154120
0.974036
1.932119
1.049890
0.926046
0.988993
0.714556
0.962558
1.094769
0.834344
1.038338
1.679896
0.922080
1.161211
2.005038
1.081385
0.877620
0.885512
0.778396
1.220719
1.216881
1.519101
1.598889
1.152728
1.110081
0.594374
2.852314
1.202909
0.873073
1.476150
1.461073
1.973540
0.963629
1.497028
1.265946
1.183533
0.523966
0.982872
0.768202
1.097990
1.102658
1.144344
1.309777
0.697845
0.696916
0.949125
1.030218
0.637158
1.563769
1.455402
1.429218
0.872692
1.627845
1.993706
1.434433
1.954548
1.164426
1.584709
2.274337
0.804604
0.797735
1.183469
0.890067
0.542785
0.778149
1.437364
1.031020
1.463280
0.707647
0.838685
0.770165
1.166338
1.092566
1.129877
0.952796
1.344280
1.126090
1.259933
1.743386
0.751898
1.247507
0.826927
1.136550
1.051665
1.213899
0.666827
2.269051
2.193943
0.903251
1.118171
0.772177
1.944752
0.935772
1.557106
1.460334
1.191464
0.933381
1.554463
1.218608
0.757294
1.572776
1.342556
1.190604
1.021191
0.983052
0.896105
0.948034
1.234087
1.474054
1.380436
1.507123
1.899103
0.946574
0.903854
0.800300
0.804985
1.497845
1.578953
1.334304
0.924281
1.724648
1.473576
1.628701
1.164671
0.868238
0.958797
1.131653
1.382908
1.524050
0.865882
1.079680
1.102897
0.806916
1.325542
1.011078
0.581316
1.373792
0.629858
2.131107
1.065592
0.634854
0.984253
1.087295
0.727094
0.610603
0.725466
0.785242
0.681839
3.007957
1.013628
1.365729
0.832798
0.986302
1.727285
0.659468
1.340518
1.400091
0.889314
1.513158
1.032158
0.834538
1.956271
0.571106
1.206714
1.207517
0.964634
1.402974
1.262350
0.530769
1.989650
1.089810
1.248008
2.444359
1.304195
0.912676
1.274723
0.758302
2.292080
0.537704
2.322340
0.680100
0.847836
0.770311
0.993042
1.005326
2.948485
1.837233
3.344435
1.331564
0.966842
2.176954
0.999563
0.970420
0.867005
0.760087
0.772587
1.315192
0.733660
3.431653
1.376239
1.278766
0.900384
0.429332
0.967010
1.881334
0.582398
1.306833
1.321528
1.241729
0.785068
0.834573
1.395686
2.016108
0.714899
1.870792
1.675331
0.846715
0.917813
0.758737
2.208433
1.501967
1.143144
0.713910
1.260007
1.036057
2.394994
2.535358
1.019176
0.996811
2.025718
1.296302
1.166517
1.032281
1.304748
0.607613
1.182072
0.666912
1.528271
0.978674
0.874437
2.160353
0.901126
1.388737
1.440951
1.277053
1.353087
0.695400
0.913640
0.815773
1.484196
1.726578
0.396877
1.700386
0.893090
0.888642
1.425080
1.331927
1.121797
0.733524
1.013461
1.259182
2.185351
0.980570
1.154636
1.449610
1.091060
1.459236
1.079374
1.083292
0.929633
1.173255
1.036965
2.816357
0.597326
0.630146
1.580145
1.686568
0.820582
2.672134
0.698234
0.752320
1.113961
1.015656
0.914296
0.648328
1.175831
2.190548
0.807981
0.822216
0.633360
0.715046
2.490900
1.226346
0.992489
1.922003
0.755325
1.544531
0.919049
0.918490
1.468323
0.932294
1.032781
2.025203
1.013923
2.260196
0.696728
1.510788
1.001511
1.966299
2.132778
0.486653
1.058425
0.953096
0.657215
0.798306
1.009781
1.214664
0.839215
1.584087
0.483286
1.784391
0.794146
1.168256
0.808377
0.530675
0.879118
1.533493
1.092588
0.835261
1.472522
2.165578
0.961278
1.066239
0.589684
0.980037
0.726126
0.933406
1.292438
0.975022
0.916919
1.178995
1.792865
0.577297
0.715101
0.821076
1.257183
1.469918
1.352191
0.702924
1.004327
0.645646
1.090284
1.004385
2.194237
1.224114
1.578144
1.336510
1.558892
0.981327
0.812490
0.752041
1.252625
1.071852
0.837633
0.510851
0.877189
0.922608
0.740294
1.364508
0.795265
1.511971
1.168003
1.015195
0.968321
0.835006
1.338906
2.187277
0.645916
2.264391
1.033306
0.984809
0.552831
0.592686
1.050597
0.675639
1.907067
0.600397
1.343632
0.857804
1.175806
0.947021
0.793570
1.452623
1.384768
0.810047
1.787398
1.081688
1.022678
0.621391
1.010457
1.251921
1.056109
0.983663
0.904423
0.870656
0.962296
0.640158
0.933195
0.898507
3.134495
1.249571
0.864266
0.763075
1.223382
1.360162
1.815114
1.252985
0.544040
1.702917
1.455208
1.061079
1.355178
0.878908
0.840484
1.422147
1.029070
1.463443
0.946418
0.990880
1.098821
0.828244
0.745818
1.840428
1.030431
0.869783
0.778640
1.807450
0.781802
1.015910
1.539607
0.487675
0.721425
0.777742
0.891720
2.159516
0.984722
1.255186
1.166097
1.185869
2.095607
0.803147
0.763862
0.771887
1.068498
0.776518
0.768115
1.303888
1.779848
0.846401
1.847734
2.265510
0.943140
1.071720
1.974336
1.209754
1.134805
0.877416
0.684768
