# 参数名称：backbone.features.4.conv.6.weight
# 参数形状：(32, 144, 1, 1)
# 参数数据类型：float32
# 参数值（保留6位小数）：
-0.052455
-0.242557
-0.466245
-0.007965
-0.457665
0.159729
0.202469
-0.117703
0.404147
0.032756
0.009745
-0.159906
0.032501
-0.156180
-0.004724
-0.338977
0.200177
0.009414
0.212428
0.192468
-0.253079
0.059532
0.141294
0.075633
-0.423324
0.130633
-0.190975
-0.349897
0.026904
0.122937
-0.280030
-0.300074
0.064948
-0.127636
-0.249666
-0.213250
0.285050
0.133735
-0.098658
-0.152835
-0.320974
0.181021
0.311379
-0.214518
0.131231
-0.308725
-0.099644
0.407012
-0.068099
0.300675
-0.025028
0.379737
0.057793
-0.255341
0.117083
-0.454223
0.213189
-0.257490
0.056380
-0.101045
0.086436
-0.067167
0.135798
0.171689
0.067130
-0.347345
0.537361
0.061949
0.061902
0.282332
0.083917
0.110508
-0.241739
0.226584
-0.076644
-0.341848
0.140620
0.109215
-0.226333
-0.164397
-0.242140
0.276102
0.501218
-0.038759
-0.053031
-0.175421
-0.170170
-0.165733
-0.252352
0.059426
-0.250342
0.208393
0.204364
0.540272
-0.382747
-0.134686
0.326636
-0.446912
0.312798
0.499039
0.520493
0.475511
-0.278986
0.033929
0.402225
0.372805
0.100147
0.008501
0.128308
0.254624
0.278138
0.020798
-0.179186
0.230475
-0.372034
0.041812
0.034864
0.064917
-0.133447
0.165035
-0.249441
-0.329843
-0.056617
0.138241
0.097651
-0.149485
-0.305847
-0.091724
0.518334
-0.113428
-0.093207
-0.053543
0.468626
-0.331807
-0.049116
0.212646
-0.298010
-0.275578
-0.074719
0.140714
0.049233
-0.102030
-0.045970
0.292512
0.221367
-0.019742
0.117215
-0.334440
-0.040327
-0.158917
-0.053104
0.293502
0.182738
0.013620
-0.052081
-0.631112
-0.098230
-0.487711
-0.201112
0.183492
0.107378
-0.066862
-0.232888
-0.078515
0.064669
-0.043007
0.065352
-0.465403
0.407786
-0.208448
0.070658
0.632253
-0.310108
-0.466349
-0.312103
-0.042345
-0.294049
0.307735
-0.043085
0.367436
-0.105077
-0.177488
-0.174885
0.391234
-0.075629
-0.018725
-0.329115
-0.179680
-0.163914
-0.010719
0.194748
-0.173059
0.436682
-0.005852
-0.067642
-0.687923
0.297683
-0.111941
0.171975
-0.322732
-0.160804
-0.049870
0.174849
0.201366
-0.039734
-0.116014
0.281794
0.467623
-0.166336
0.133095
0.223557
0.356879
-0.238505
-0.066276
0.402778
-0.000014
0.069659
0.226402
-0.140527
0.036159
-0.368667
0.231977
-0.076336
0.360093
-0.185229
-0.216236
0.216656
0.126539
0.241513
0.083349
-0.094077
0.039283
-0.138592
0.199073
0.315278
-0.092579
-0.120080
0.256429
-0.265836
0.046939
-0.237508
-0.249395
-0.065616
-0.116170
-0.062387
0.077768
-0.063618
0.104645
-0.046753
-0.013095
0.160780
-0.147399
0.525847
0.244230
0.157845
0.098727
0.390353
0.092447
-0.029488
0.162867
0.255844
-0.064233
0.125324
0.007764
-0.594435
0.346957
-0.096580
0.144106
-0.327164
-0.005637
0.064663
-0.148367
0.598486
0.272143
-0.140084
0.812809
-0.141688
-0.062799
0.135139
-0.240004
0.114952
-0.055939
0.036381
0.614442
0.489228
0.337088
0.199354
0.107145
0.037238
-0.174119
0.178042
0.006664
-0.210908
-0.013032
0.297718
-0.159358
0.330286
-0.297575
-0.123012
-0.041748
0.370444
0.123149
-0.018521
-0.058755
-0.091071
-0.303277
0.018806
0.170172
0.423822
0.247964
-0.303561
-0.218392
0.095568
0.078845
0.081276
-0.160319
0.078567
0.106518
0.061780
-0.268291
-0.238513
0.378148
0.320220
0.028161
-0.320591
0.230582
-0.075412
-0.311479
-0.186529
0.072032
0.019493
0.213812
-0.446237
0.029869
0.075501
-0.058865
-0.010669
-0.053906
-0.123370
-0.146048
-0.277485
0.121813
0.013793
-0.001305
0.041073
-0.114231
-0.441400
-0.074845
0.215281
0.036820
-0.758215
0.533704
0.052033
-0.181325
0.325800
0.217341
0.214417
-0.325133
-0.188617
0.125592
-0.071787
0.486593
-0.131318
0.181499
0.470728
0.210042
-0.116908
-0.403328
-0.026606
0.192809
0.301291
0.264723
0.747360
-0.344364
0.050647
-0.177057
0.190836
0.072870
0.296331
-0.273475
-0.356718
-0.042333
0.244936
0.130515
0.119996
0.007252
-0.254218
-0.237950
0.102373
-0.281716
0.284305
0.338865
-0.389678
-0.156838
-0.190591
-0.038779
-0.242815
-0.180601
0.185186
0.156778
0.144007
0.404449
-0.321021
0.613635
0.206947
0.087952
0.263714
-0.376816
0.166032
-0.148145
0.039457
0.165983
0.492308
-0.451617
0.023827
0.221012
0.298804
0.284608
0.448728
-0.002979
0.119940
0.171361
-0.098565
0.093826
0.236008
0.323929
0.486484
0.087087
-0.107283
0.581769
-0.357981
0.132053
-0.445968
0.385967
-0.143673
0.469953
0.096681
0.057519
0.426077
0.389463
0.008348
0.201926
-0.334661
0.251291
-0.073534
-0.185302
0.078536
-0.094238
-0.087606
0.326416
0.186246
0.137981
-0.490513
-0.221641
0.188752
-0.172785
0.233962
-0.043532
0.031675
-0.117348
0.111397
0.458843
0.290626
-0.596006
0.130465
-0.009082
-0.110088
-0.167553
-0.001099
0.293596
0.006497
0.219530
-0.085382
-0.183018
-0.655291
-0.040180
0.385542
-0.169141
0.063149
-0.206457
0.019552
0.051701
-0.225917
0.033711
-0.088783
-0.206039
-0.471495
-0.187982
-0.172682
0.304442
0.170845
-0.344089
0.140808
-0.233554
0.075726
0.034439
0.203105
0.129921
0.375659
0.429182
0.088597
-0.160475
0.355073
-0.130202
-0.177726
-0.047283
0.165327
-0.206395
-0.171364
0.115793
-0.227344
0.070329
0.081007
-0.219365
0.278140
-0.378901
-0.248527
-0.062884
-0.026185
0.240108
-0.195751
0.067090
0.201757
0.148485
0.370577
-0.155911
0.142150
0.300787
0.256612
-0.546043
-0.036154
0.110074
-0.080432
0.122133
-0.085157
-0.283053
-0.185493
0.149532
0.086601
-0.116377
0.001686
-0.259123
-0.448743
-0.183870
-0.199403
0.083214
0.125748
-0.526606
-0.091601
0.170443
-0.102785
0.378439
0.260504
-0.645609
0.039000
0.000193
-0.614614
-0.227349
-0.202798
-0.039875
-0.138915
0.607268
0.403362
-0.245194
0.339051
-0.187061
0.588166
0.101707
-0.091321
0.545796
-0.207581
0.472006
0.292467
-0.057042
-0.290097
0.033030
-0.297004
-0.232528
0.246257
0.125025
0.249511
-0.127482
0.243859
0.267394
-0.361993
-0.216171
0.171124
-0.200858
-0.225486
-0.303639
-0.136501
-0.129340
-0.612529
0.143680
-0.197216
-0.344891
0.100333
-0.060411
-0.109568
-0.050159
-0.091598
-0.098799
0.116531
0.005362
-0.101823
-0.009505
0.224107
0.143424
-0.244587
-0.206512
-0.049003
-0.387537
0.485724
-0.222739
0.448650
-0.006123
0.084562
-0.067219
0.285614
-0.082564
-0.240484
-0.294031
0.279554
0.212203
-0.166426
-0.286048
0.266379
0.312166
0.289923
-0.204782
-0.235421
0.055241
-0.146206
0.058164
-0.009724
0.012328
-0.261602
0.035046
-0.058085
0.149119
0.343456
-0.101476
-0.353968
0.009702
-0.278389
0.022390
0.116131
-0.109782
-0.271176
-0.179449
-0.343193
-0.019421
0.167394
0.078202
0.038698
-0.126394
0.229222
-0.149540
0.315546
0.435364
-0.223328
0.133975
-0.436232
0.646629
-0.153661
0.509160
-0.568624
0.111546
0.111838
-0.518885
0.045639
-0.171701
-0.363890
-0.102985
0.266918
0.233450
-0.263246
0.164257
0.842202
-0.172853
-0.008458
-0.346755
0.249399
0.336645
-0.427156
-0.111148
-0.002998
0.022721
0.161172
-0.038485
-0.580018
-0.092564
-0.125010
-0.268879
-0.134601
0.163755
-0.367384
-0.252432
0.287634
-0.007026
0.253893
-0.080976
-0.351484
-0.349806
-0.106059
0.038646
0.217771
-0.055309
0.268768
-0.267106
-0.266317
-0.029162
-0.189621
-0.054878
-0.159052
0.036146
0.010798
-0.000469
0.585372
-0.235434
0.739235
0.159246
0.008601
0.391030
0.034304
-0.275824
-0.054428
0.027142
0.002779
0.318723
-0.002398
-0.003565
0.164636
-0.021253
0.368850
-0.253901
-0.142189
0.022588
-0.194949
0.199541
-0.230000
0.040049
-0.186681
0.221658
0.014567
-0.041244
-0.440186
0.184128
-0.145249
-0.135974
-0.397405
0.276739
-0.042399
-0.260875
-0.430355
0.000649
0.392241
0.020069
0.399810
0.528374
-0.046945
-0.317893
0.242121
-0.011824
-0.415635
0.166140
0.182476
-0.024417
0.187268
0.096399
-0.308115
0.008210
-0.094012
-0.224612
0.093385
0.597378
0.260909
0.047286
-0.479232
0.242775
0.000463
0.222351
0.372289
-0.108368
-0.311147
-0.387843
-0.034868
-0.038354
0.089157
-0.012100
0.207323
-0.544247
-0.325447
-0.329419
-0.269995
0.032377
0.358556
-0.155757
-0.723343
0.284093
-0.092313
-0.087783
-0.578965
-0.072480
0.149013
0.073385
0.063875
0.194516
-0.430385
-0.146256
0.091783
-0.046569
0.300364
0.111342
-0.243965
-0.022059
0.234732
0.182138
0.183101
0.099482
-0.054533
-0.046903
-0.115011
-0.332530
-0.025312
-0.033504
-0.194012
0.487766
-0.402835
-0.110187
0.188844
0.202096
-0.256777
-0.026220
0.392478
-0.016380
0.658780
-0.324029
-0.105386
0.178302
-0.083391
0.135427
-0.269307
-0.077903
0.230324
0.131913
-0.490642
-0.085688
0.077419
-0.048778
-0.166090
0.216148
0.316859
0.432710
-0.167350
-0.212252
-0.078119
0.138581
0.035101
-0.595227
0.394270
-0.196730
0.515175
-0.099054
-0.071159
0.117421
-0.182665
0.113290
-0.268312
-0.124572
-0.140563
-0.081752
0.436843
0.198619
0.053922
0.004856
-0.305090
-0.404032
0.195842
0.039018
0.055032
-0.005404
-0.036702
-0.041598
-0.190373
0.064525
-0.489955
0.017294
-0.001953
-0.245923
-0.067132
-0.436811
0.142738
-0.115533
0.222440
0.196992
-0.038049
-0.300022
0.009164
-0.097764
0.188583
-0.521185
0.062376
0.335315
-0.380776
0.371722
0.092712
-0.384915
0.287166
-0.280871
0.404292
0.038431
0.022306
0.239490
-0.495855
0.370291
-0.103890
-0.139858
-0.227023
-0.314434
0.434288
0.371022
0.118035
0.466284
-0.163081
0.272915
0.106715
-0.242568
0.256521
0.162411
0.226922
0.138070
-0.104807
-0.132192
-0.058042
-0.268738
-0.171152
0.250099
-0.186470
-0.032076
0.272339
-0.064228
0.051602
0.102518
0.148474
-0.144747
-0.509970
0.017652
-0.270071
0.345453
-0.347174
-0.048569
0.120254
-0.330283
0.286313
-0.344044
0.126862
0.117358
0.148129
-0.559378
0.362644
0.079336
0.185744
0.013955
0.005315
-0.005217
-0.112473
-0.147679
0.004017
0.147697
-0.013510
0.252942
0.308998
-0.140541
-0.085708
-0.157351
-0.071996
-0.185159
-0.356977
0.255089
-0.295245
-0.333897
0.049317
-0.028758
-0.246933
-0.121896
0.197074
0.235179
-0.406550
-0.010836
0.035582
0.227127
-0.104239
-0.035194
0.078713
0.275922
-0.296972
-0.028398
-0.088579
0.241099
-0.425567
0.295681
-0.125301
-0.258649
0.083661
-0.122856
0.498357
0.569677
-0.155317
-0.079870
0.092468
-0.616114
-0.165210
0.296068
0.116939
-0.369685
0.116838
-0.180611
-0.017196
0.095300
0.357343
0.134097
-0.226417
0.347781
0.000491
0.248135
-0.145325
-0.167472
0.307748
0.245702
-0.132162
0.039215
-0.516021
0.166628
-0.164781
0.090646
-0.585090
-0.154678
0.483265
-0.127136
0.143930
0.014692
0.031461
0.083834
-0.526337
0.091610
0.185301
-0.182816
0.166606
-0.373995
0.029040
0.494859
0.133415
-0.031584
0.332695
-0.562095
-0.257892
-0.543478
0.493060
0.421522
0.425972
0.064641
-0.507785
-0.190930
-0.143257
-0.187454
-0.099986
0.269594
0.299382
0.268283
0.216272
-0.848212
0.148943
-0.113605
0.469064
-0.155527
-0.056755
0.291863
0.288122
-0.173200
-0.338587
-0.234906
-0.116734
0.099096
-0.076469
0.124205
0.232713
0.107286
-0.283259
-0.341696
0.293294
0.042096
-0.327285
-0.299443
0.382772
0.233499
-0.153744
-0.282250
-0.441526
0.477379
0.013913
0.103689
-0.063014
-0.091053
-0.182755
0.367726
-0.077256
-0.284718
0.153468
-0.078429
-0.062142
0.414503
0.127944
0.130143
0.116380
0.050784
0.042898
-0.283495
-0.235782
-0.189091
-0.108437
-0.305623
0.113335
0.133015
-0.143151
0.535067
0.081678
-0.286395
-0.189143
0.077606
0.008026
-0.358325
0.140435
-0.006627
-0.037720
0.178264
0.354276
-0.346393
0.201494
-0.427302
0.419103
0.189846
0.377053
-0.280289
-0.175196
-0.033249
0.132677
-0.115451
-0.287706
-0.082878
-0.043865
0.012535
-0.112997
-0.526769
-0.159284
0.077792
-0.040686
-0.046495
0.061838
0.137225
-0.184670
0.054711
-0.081164
-0.043785
0.171289
-0.047702
-0.321055
0.416787
-0.150995
-0.161902
-0.060913
-0.362903
0.195820
-0.015677
0.098555
0.290477
-0.094689
-0.030600
0.175130
-0.133933
-0.180837
-0.140772
0.216348
-0.192523
0.257817
0.234610
-0.185049
0.111128
-0.240541
0.562200
-0.077478
-0.133894
0.207000
0.105936
-0.242322
-0.133577
0.127767
0.026540
-0.017558
0.215949
-0.554078
-0.468129
-0.643075
0.046122
-0.055632
-0.281676
-0.479613
0.169808
-0.239328
0.076652
-0.119227
-0.442547
-0.379176
-0.233100
0.190642
0.497580
0.328930
0.408685
-0.173468
0.224043
0.111191
0.252596
0.130354
-0.280409
-0.275222
-0.265407
0.265794
0.153300
0.244238
-0.186616
0.270954
0.491744
-0.038322
0.244781
-0.067933
0.155341
0.120209
-0.220200
-0.061841
-0.084005
-0.156527
0.006183
-0.404113
-0.088598
0.058134
0.107775
0.059705
0.182213
-0.142473
0.293270
0.046228
0.174512
0.135240
-0.066992
-0.110812
0.256900
-0.190078
-0.070321
0.048978
0.048476
-0.068072
0.055046
-0.023311
0.655086
0.329736
0.054810
0.043650
0.187027
0.060806
0.253456
0.213123
0.210209
-0.040587
-0.017035
0.183412
-0.266075
0.056342
0.198969
0.090754
-0.143895
-0.170924
0.194168
0.405546
-0.430218
0.164390
-0.074483
-0.118743
-0.255361
-0.209780
0.166796
-0.157562
-0.176008
0.209993
0.477662
0.154737
-0.414086
0.057913
-0.151070
0.148303
-0.225128
-0.190653
-0.197231
-0.264001
0.183944
-0.148777
0.141174
0.512113
0.299166
0.105384
-0.074112
-0.026873
0.075473
-0.206538
-0.013292
-0.220162
0.363910
0.259993
-0.365618
-0.172745
0.133456
0.056373
-0.219852
0.291084
0.103652
-0.176363
-0.169454
0.042867
-0.112389
-0.104723
0.434692
0.180689
0.266277
0.067597
-0.072386
-0.424041
-0.156793
-0.028567
-0.036427
0.083829
-0.028957
0.033716
0.244878
0.134058
0.378882
0.717474
0.286021
-0.137409
-0.162410
-0.228517
-0.039890
0.084848
-0.143024
-0.178114
0.447752
0.042568
-0.012692
-0.124949
0.081695
0.082182
-0.148928
-0.104736
0.338048
0.260624
0.278236
0.194597
0.144681
-0.462833
0.026092
-0.181920
0.152232
-0.219659
0.233889
0.019201
0.108567
0.356372
-0.176576
0.262187
0.171271
-0.324818
0.193130
0.275255
0.278926
0.461368
0.293988
0.155148
-0.114456
-0.084265
0.015401
-0.454869
-0.058649
-0.048139
-0.311143
-0.403961
0.147709
-0.270594
-0.263188
-0.154962
-0.348491
0.112514
0.088615
0.561648
-0.262963
-0.300377
0.104122
-0.061331
-0.193842
-0.106427
0.365881
-0.252802
0.286259
-0.199158
0.237635
-0.269945
0.184458
-0.015394
-0.064447
-0.009153
0.454371
0.016017
0.102793
0.285644
0.340545
0.233144
-0.088932
-0.233028
0.250717
0.005930
-0.095326
0.211659
-0.027449
0.188574
0.559020
-0.177167
-0.054979
0.290244
-0.320158
0.136721
-0.285110
-0.459309
-0.308052
-0.233901
0.234741
-0.222198
-0.093863
-0.263769
-0.266687
0.244349
0.264828
0.046655
0.136687
0.317407
0.185655
-0.016024
0.294230
0.155779
-0.040517
-0.065119
0.281211
-0.011044
0.136265
-0.039151
0.360844
-0.457714
0.346557
-0.414663
-0.499937
-0.307283
0.283430
-0.102875
0.202379
-0.469033
-0.293378
0.470193
0.065388
0.049420
0.394998
-0.170893
0.389583
0.197786
0.008378
0.155071
-0.205369
0.050363
-0.100287
-0.252553
-0.183143
0.243873
-0.002688
-0.169885
0.394009
0.169846
0.133971
0.033321
-0.395388
-0.058038
-0.070477
-0.066820
-0.503939
0.045100
0.275125
0.567885
0.206784
-0.050998
0.405530
0.158263
0.190361
-0.058663
0.166600
-0.220306
0.078198
0.022792
-0.137961
0.185266
-0.041494
-0.118809
-0.009100
0.234892
-0.011101
0.215339
-0.204499
-0.040026
-0.126458
-0.079880
-0.275011
0.028811
-0.082273
-0.558001
0.110408
0.136326
0.334090
-0.054259
-0.157455
0.153946
-0.059415
0.122270
-0.632188
-0.030674
0.222965
0.377676
0.158390
-0.489044
0.162101
-0.018805
-0.238978
0.367077
0.347884
-0.100250
-0.721383
0.228074
-0.233818
-0.122587
0.225202
-0.056523
-0.023011
0.057873
-0.196726
-0.083271
-0.152869
-0.175238
-0.473261
-0.413300
0.197180
-0.107827
-0.564514
0.222878
0.137148
-0.171572
-0.147255
-0.037015
0.340060
0.067447
-0.103898
-0.431104
0.161308
-0.358543
-0.297746
-0.205529
-0.140077
0.144286
-0.203760
0.773991
0.121493
0.200052
-0.134714
-0.277900
0.284671
-0.018257
0.637077
-0.004560
-0.346733
-0.086832
0.005005
-0.573100
-0.378020
0.660953
-0.261873
-0.295247
-0.125304
0.527143
0.047818
0.203086
-0.204102
0.136355
0.186094
0.355207
0.219361
0.305582
-0.033917
0.179769
-0.253781
0.308515
0.378830
0.334718
-0.243705
0.285388
0.040803
0.160230
-0.107537
0.106384
-0.180917
-0.075368
-0.079766
-0.195945
0.007498
-0.259869
-0.258588
0.179582
0.174282
0.382451
-0.223006
0.241554
0.221583
-0.158146
-0.013307
0.001459
0.077474
-0.343985
-0.018713
-0.113880
-0.037652
-0.085422
-0.076608
0.106344
0.122986
0.184813
0.342395
0.253831
-0.011619
-0.615331
-0.012071
-0.108186
-0.117639
0.449139
-0.130206
-0.097060
-0.475895
-0.368453
0.074291
0.061177
-0.177039
0.167975
0.108531
-0.048543
0.020992
0.219463
-0.374802
0.155609
-0.450228
0.252430
-0.023922
0.395433
0.403740
-0.080403
-0.005935
0.190000
-0.061225
-0.001570
0.295643
-0.112319
-0.332064
-0.643429
0.205823
-0.060622
-0.091767
0.394553
0.449006
0.256826
0.224864
-0.062229
-0.366968
0.149755
0.091814
0.130637
0.222399
0.294368
-0.029424
0.171578
0.072058
-0.271757
0.127473
-0.010385
0.029560
0.400829
0.177186
-0.447888
-0.012537
0.314216
-0.349269
-0.377222
0.041981
-0.063972
-0.063057
0.297543
0.386378
-0.173050
-0.232577
-0.135609
-0.183088
0.018576
-0.460797
-0.123334
-0.423432
0.158454
0.173329
-0.261813
-0.294321
0.052474
-0.437912
-0.259330
0.275761
0.073778
-0.132010
0.068381
0.173480
0.191889
0.099595
0.007878
-0.347878
-0.293829
-0.013193
0.087056
-0.125344
-0.175561
0.258147
-0.200379
-0.095519
0.083154
-0.381002
0.033518
0.354527
-0.040721
-0.603797
0.167893
-0.053169
-0.293569
0.018678
-0.187725
-0.265554
0.185884
0.256230
0.218151
-0.022422
-0.204354
0.081261
0.007781
0.115662
0.440176
0.519111
0.256111
0.136380
-0.048029
0.189062
0.176416
0.047197
0.271586
-0.221785
0.272956
-0.120700
0.519873
0.293416
-0.054379
0.608306
0.054597
-0.041249
-0.126475
-0.248166
-0.032587
-0.038678
-0.293431
-0.371411
-0.166062
0.118779
-0.055504
-0.014892
0.367566
0.041605
-0.164928
0.328564
0.086924
0.098770
-0.454686
0.122044
-0.200362
0.139828
0.014478
-0.064637
0.098961
-0.132232
-0.004898
-0.083755
-0.113502
-0.108933
-0.252055
0.080464
-0.019673
0.026155
-0.253141
-0.280111
-0.068266
0.048991
0.071886
-0.378478
0.171919
0.110914
0.094084
0.213684
-0.104455
0.370651
-0.176078
0.189366
-0.155056
-0.091910
-0.100721
-0.088030
-0.396064
-0.032919
0.186507
0.100381
-0.085250
-0.246470
-0.186845
-0.273914
-0.202935
-0.048025
-0.072818
0.163538
0.009349
-0.179684
-0.150567
0.487625
-0.005293
0.093004
-0.076048
-0.164884
0.289578
-0.124834
-0.023278
0.157190
-0.168397
0.148370
-0.072682
-0.293798
-0.250965
0.007541
-0.119696
0.058571
0.081505
-0.181843
-0.195839
0.031835
-0.204943
0.248066
-0.003612
-0.107310
-0.208797
0.114843
-0.118155
-0.004157
-0.177673
-0.508757
-0.258492
0.058716
0.102710
-0.066106
0.257048
-0.070225
0.407155
-0.394891
-0.033942
0.208698
-0.034723
-0.035084
-0.340798
0.268185
0.340085
-0.206578
-0.006953
-0.085184
-0.092098
0.551498
0.275298
-0.216747
-0.053355
-0.316066
-0.012063
0.485263
0.568993
0.168569
-0.127758
-0.041266
0.185180
0.234842
0.255371
0.675945
-0.029709
0.501249
0.007348
-0.054132
0.027080
-0.225777
-0.180015
0.010522
0.398064
-0.222415
-0.122661
-0.155733
0.182738
0.312871
0.334126
-0.095660
-0.123343
-0.075517
-0.463181
-0.085396
-0.305029
-0.251877
-0.044588
-0.546774
0.016248
0.126966
0.161214
-0.338668
-0.028473
-0.100847
0.038771
0.442141
-0.029859
-0.227905
-0.073365
-0.011025
0.119528
-0.060406
-0.115921
0.179440
-0.204367
0.072309
0.172170
-0.287233
0.185212
-0.316999
-0.114896
0.174665
-0.116459
0.007626
0.137592
-0.360692
-0.243922
0.290384
0.059571
0.302124
-0.379135
-0.082845
0.300345
-0.188982
-0.141629
0.000937
-0.111465
-0.353973
-0.156501
-0.044395
-0.151241
-0.232834
0.083883
0.303374
-0.429681
0.099211
0.180143
-0.086316
0.251977
-0.032099
0.042931
-0.116803
-0.090564
-0.060142
-0.219049
-0.604503
0.268336
0.061837
-0.431038
-0.374148
0.055910
-0.004808
0.215009
0.108135
0.159063
-0.127738
0.727629
-0.410052
0.129380
0.013789
-0.422186
0.048275
0.175623
-0.487634
-0.021595
0.081058
-0.168668
-0.007092
0.289885
-0.235861
-0.354387
0.062750
-0.207044
0.124436
0.279737
0.303144
-0.100777
-0.185996
0.004663
-0.109044
0.225773
0.200029
0.056864
0.080583
0.101151
-0.236604
0.169161
0.181563
-0.255684
0.241847
0.261902
0.054020
0.180391
-0.179361
-0.246954
-0.279095
0.473145
0.137595
0.262670
-0.377288
0.095996
-0.210699
0.054390
-0.189316
-0.399957
-0.166723
0.591595
-0.032148
0.207041
0.157045
0.334756
-0.016500
0.163292
-0.076774
0.299057
0.251872
0.145418
0.190093
-0.011560
-0.177789
0.158452
-0.320421
0.023521
-0.005379
-0.028855
-0.022466
0.597226
-0.433581
-0.410580
0.506760
-0.037695
0.315072
-0.207013
-0.058275
-0.414326
0.372475
0.033063
0.538115
0.048586
0.280262
0.010005
-0.193885
0.522644
-0.135099
-0.067714
0.102684
-0.031728
0.112327
0.587570
-0.292556
-0.105328
-0.212071
0.087544
-0.144594
0.190667
-0.046735
0.108041
-0.149725
-0.106728
0.299548
0.041996
0.411368
-0.465965
0.088879
0.406140
-0.014705
-0.175435
0.102512
0.416671
-0.017291
-0.108608
0.241423
-0.143241
-0.312909
-0.106627
-0.070177
0.205406
0.228467
-0.346100
0.018890
0.109848
-0.062190
0.179492
0.023283
0.040442
0.300798
-0.132785
0.019297
-0.352090
0.158950
-0.089327
-0.237335
-0.272168
-0.126346
-0.416280
0.115418
-0.065804
-0.412197
-0.223706
-0.169720
-0.266971
-0.062303
-0.285313
-0.224111
0.002737
-0.124965
-0.106705
-0.009809
-0.403073
0.055965
-0.151860
0.220227
0.025434
-0.141092
0.269597
-0.099025
0.121599
0.252843
-0.198209
-0.049331
0.270657
-0.289575
-0.498463
0.243924
-0.041004
-0.007046
-0.018011
-0.524330
-0.185141
-0.192593
0.004662
0.103548
0.317056
-0.057115
-0.396108
0.271925
-0.045715
0.009001
0.077858
-1.132531
0.200442
0.119706
0.037163
0.275352
0.113921
0.101897
0.283740
-0.097174
-0.409191
-0.100987
-0.256276
-0.309142
0.703608
0.091935
0.049005
-0.070204
-0.242720
-0.354311
0.314090
0.183691
-0.042985
-0.191709
0.269595
-0.145357
-0.327585
-0.301369
0.238979
-0.249253
0.074472
-0.027823
0.286112
-0.113890
0.321979
-0.299261
-0.011004
-0.012255
0.258080
-0.380174
-0.246194
0.256550
0.150701
0.108548
-0.004038
0.068435
0.013316
-0.080606
0.222933
-0.061849
-0.181407
-0.257495
0.524037
0.358691
0.176726
-0.091689
0.412323
-0.011527
-0.208599
-0.339610
-0.138939
0.274246
0.007990
0.179072
-0.126849
-0.000480
0.149171
-0.129199
0.183153
0.128046
0.429198
0.189918
0.548444
-0.313834
-0.282152
-0.099831
0.260481
-0.098209
0.159240
0.351098
0.115389
-0.002713
-0.442057
0.087171
-0.071815
-0.456787
0.074898
-0.053170
-0.003663
0.383282
-0.253701
-0.405019
-0.404394
-0.338877
0.336231
-0.145857
0.337303
-0.463576
0.457054
0.028131
0.160711
-0.078613
-0.444135
-0.413950
0.853889
-0.111426
0.118672
-0.209058
-0.180382
0.197069
0.195321
-0.006712
0.246909
-0.200864
-0.087788
0.522387
-0.303097
0.152608
0.077366
0.271008
0.271579
-0.167502
-0.184278
0.208103
0.359211
-0.201768
0.000377
-0.027013
0.371755
-0.227688
-0.404273
0.491598
-0.326999
0.289062
0.023008
0.022271
-0.263186
0.215487
0.093936
-0.084462
-0.351450
0.269960
0.070114
-0.279501
0.159011
0.261167
-0.032428
0.274674
-0.230332
0.031960
0.494971
-0.210049
-0.046906
0.207575
0.133930
0.227444
-0.298919
0.226218
-0.172799
-0.123626
0.028603
-0.284311
0.120274
-0.170807
0.008666
0.184332
0.016408
-0.382359
0.439296
0.109733
0.345595
0.199684
-0.009190
-0.142562
-0.020691
-0.300797
-0.313362
0.234402
0.342695
-0.218553
0.098971
0.233526
-0.145369
0.199253
0.155578
-0.144527
0.027998
-0.680090
-0.114837
-0.174665
-0.206655
0.133332
-0.235204
-0.285859
0.027927
-0.251948
0.284109
-0.134949
0.015061
-0.144869
0.085125
-0.220844
-0.138150
-0.049578
0.070199
-0.047510
0.034617
0.084246
0.030960
0.035577
0.016273
-0.679809
-0.203309
0.204532
0.410012
0.220930
-0.180216
-0.254603
0.334251
-0.068874
0.204788
-0.002037
0.153585
0.246173
-0.141341
0.432929
-0.200074
0.234571
-0.111155
-0.206655
0.305328
-0.213333
-0.241160
-0.209618
-0.150949
-0.099382
0.196512
-0.018397
0.414169
-0.265797
0.145018
0.428717
0.147439
-0.129151
-0.000743
0.249916
-0.217860
0.205217
-0.126942
0.199977
-0.146074
0.321740
0.092563
0.206402
-0.019054
-0.278057
0.070904
-0.210669
-0.168378
-0.216582
-0.034155
0.123158
0.070582
0.182531
0.200733
0.403198
0.175632
-0.297292
0.471381
-0.134914
0.406591
0.379882
0.023873
0.170478
0.180517
0.401570
0.003352
0.132893
-0.287709
0.300924
-0.391225
0.295329
-0.290668
0.051958
0.273229
-0.062106
0.082663
-0.128209
-0.256338
0.155801
-0.374164
0.466083
0.041814
0.292121
0.045124
0.263330
-0.174551
0.151202
0.092634
-0.164468
0.229342
0.248178
0.104240
-0.006158
-0.271046
-0.460043
-0.415581
0.030751
-0.229375
0.093876
-0.518676
0.106697
0.027157
-0.032852
-0.461617
0.088507
0.130085
0.668322
-0.031061
0.001427
0.269603
0.356261
0.266711
0.211407
0.488470
0.218521
0.731824
-0.015760
0.305669
-0.497279
0.267410
-0.179732
-0.120534
0.005986
-0.259819
0.119908
0.478462
-0.313297
0.120566
-0.124721
-0.366046
-0.214464
-0.425499
-0.163847
-0.028010
-0.235549
0.140397
0.246461
-0.003216
-0.119740
0.318214
0.509298
-0.181416
0.033396
0.090978
-0.048738
0.600147
0.001717
0.083902
0.004508
0.202735
0.084665
0.204042
-0.296847
-0.053176
0.166346
0.132517
-0.111194
0.016523
-0.053100
0.115596
0.271603
-0.183078
-0.111070
0.059123
-0.614537
0.427623
0.091411
0.100976
0.102513
-0.122751
-0.099712
0.152625
0.153022
-0.478774
-0.022570
0.180490
0.730046
-0.258681
-0.356380
-0.040215
0.499699
0.364916
-0.172207
-0.363945
0.075187
0.130326
-0.343272
0.064198
0.262733
0.060540
0.194689
-0.275443
0.058582
-0.026067
0.030314
0.212322
-0.305544
0.227066
-0.309759
0.052661
0.099899
0.087388
-0.140962
0.307916
0.022186
-0.086048
0.296733
-0.332712
-0.161579
-0.172054
0.038241
-0.056782
-0.041500
-0.051620
0.048483
-0.315617
-0.064089
-0.086875
-0.340735
0.458800
-0.330039
-0.306231
-0.066835
0.220287
0.063997
-0.037739
-0.070353
-0.078170
0.291358
0.057021
-0.541478
-0.127258
-0.179626
-0.220691
0.009624
0.384124
0.166452
0.000388
-0.520919
0.301746
0.348673
0.235459
-0.072783
0.007018
-0.109952
-0.202355
-0.245135
-0.346818
-0.303284
-0.237640
-0.161790
-0.025901
-0.236060
-0.084068
0.422696
0.272288
0.037493
0.121603
-0.376009
0.410630
0.425998
-0.069755
-0.000121
-0.017723
0.104195
0.317908
-0.233582
0.246318
-0.551188
-0.093692
-0.438749
0.382319
-0.351315
0.067853
0.250467
0.189215
-0.069088
-0.145319
0.010297
0.042818
0.119144
0.239352
-0.339884
-0.217655
0.294914
-0.628803
0.149364
0.414357
-0.164783
-0.341905
0.242866
-0.025348
0.082854
-0.421693
-0.360036
-0.300424
0.245421
-0.326745
-0.009113
-0.134665
-0.159905
-0.105310
0.652723
-0.356896
-0.132204
-0.274347
0.072454
-0.037553
0.082493
-0.142762
-0.064757
0.143339
0.244988
-0.196199
0.327271
0.050373
0.161058
-0.223685
-0.077310
-0.093935
0.410435
-0.146261
0.140658
0.234456
-0.021475
-0.141857
0.307335
0.257580
0.263772
-0.064031
-0.285211
0.098020
0.175118
0.000043
0.161824
0.114633
-0.355013
-0.094828
-0.178385
-0.224309
0.023667
0.199254
-0.134085
-0.357437
0.128499
-0.183804
-0.022811
0.239575
0.024623
0.457460
-0.076460
0.338156
0.130600
0.355179
-0.115761
0.287965
-0.186151
-0.205190
-0.084118
-0.467646
0.059434
-0.144458
-0.173858
0.245670
-0.393540
0.192742
0.085690
-0.280249
0.147942
0.017471
0.304334
-0.246887
0.332915
-0.426702
-0.287546
-0.054010
0.114693
0.102604
0.088245
-0.043301
0.087298
-0.071746
0.005541
0.002282
-0.049125
0.243536
0.285280
-0.236426
-0.142433
0.110291
0.176492
0.274909
0.267769
0.549000
0.107233
0.091380
0.111950
-0.033779
0.073716
0.216764
-0.176074
-0.014560
-0.518367
-0.014746
-0.163145
-0.256116
0.168601
-0.039531
-0.056191
0.118864
-0.271012
0.239030
0.279398
-0.223906
0.053681
0.169465
0.108482
0.180898
0.552460
-0.052896
-0.428763
0.008606
-0.279761
0.168253
0.155039
-0.236182
0.067215
0.072772
-0.077006
-0.229632
-0.047188
-0.106795
0.242335
0.282953
-0.200039
-0.260208
0.074161
0.418720
-0.086349
-0.038365
-0.243476
0.243169
-0.038994
0.342970
0.187123
0.179972
-0.295996
0.118055
0.088038
-0.183412
0.189547
-0.353289
-0.132949
-0.293211
0.039246
-0.183775
-0.043217
-0.065949
0.223203
0.172025
0.238024
-0.135632
-0.018142
0.546906
0.027876
0.411680
0.126628
0.361138
0.161569
-0.022954
-0.558904
0.232454
-0.210834
-0.259153
-0.189404
-0.273618
0.511680
0.392132
-0.137994
-0.053818
-0.008944
-0.051735
-0.136074
-0.202649
-0.106152
-0.095161
0.160537
0.008092
0.033801
-0.040904
-0.546378
-0.133518
0.352163
0.086286
0.081554
-0.303896
0.270865
-0.134433
0.232733
-0.182833
0.063821
-0.063808
0.209922
0.298517
0.065348
-0.135250
-0.089631
0.282648
0.311170
-0.339185
0.801162
-0.148688
-0.052503
0.103716
-0.258633
-0.111307
0.427483
0.006505
0.350214
-0.131984
-0.084076
0.182051
0.023578
-0.194288
0.249610
0.406699
0.011967
-0.095394
-0.059660
-0.259481
0.251140
0.042706
0.023957
0.307890
0.262965
-0.236801
-0.066454
-0.112556
-0.214502
-0.103724
-0.562889
0.001770
-0.081461
-0.186969
-0.179188
0.238333
-0.108883
-0.003844
0.079890
0.063992
-0.341198
-0.428208
-0.015297
-0.380009
-0.076710
-0.316805
0.112964
-0.322413
0.256060
0.257660
-0.369045
0.313590
0.325796
0.182549
0.052943
0.118295
0.011327
0.038776
0.162507
0.681103
-0.286472
0.469596
0.342887
0.086737
-0.248196
0.250444
0.185644
-0.080002
-0.004654
0.055321
0.229416
-0.104006
-0.207951
-0.174206
-0.327215
-0.641982
-0.028337
-0.051814
-0.250334
0.009122
0.522359
-0.316325
0.015933
-0.125891
0.143086
0.284782
-0.257922
0.053337
-0.340454
0.095066
0.174209
-0.034984
-0.083288
-0.024463
-0.202052
-0.141824
-0.243856
-0.135887
-0.064024
-0.304590
-0.046053
-0.291983
-0.426944
-0.293993
-0.405953
-0.076800
-0.213216
-0.259349
-0.285980
-0.051379
-0.313823
-0.088956
-0.065441
-0.178442
-0.083799
-0.116204
0.159088
-0.006842
0.166317
0.254547
0.495209
-0.079240
-0.004847
-0.087987
0.108781
0.222781
0.179467
-0.111765
-0.273831
-0.095216
-0.216543
-0.104399
0.094202
0.349008
-0.066976
-0.117910
-0.311794
-0.178931
-0.173675
-0.337194
-0.056403
0.476889
0.101266
-0.137806
-0.175587
-0.122767
0.291778
0.083120
-0.084359
0.141262
-0.002905
-0.459830
-0.202770
-0.145709
-0.076431
-0.461328
-0.470016
-0.193145
0.110470
0.198321
0.013295
-0.501290
0.035145
-0.115344
0.069126
-0.010087
0.173136
-0.121497
-0.245711
0.111827
-0.151755
-0.159067
0.145885
-0.078297
-0.332665
0.017932
0.302197
0.067700
0.301453
-0.189566
0.262280
-0.048885
0.165673
0.345023
0.146264
0.031832
-0.600798
-0.251870
-0.078670
0.077221
-0.216561
0.230911
-0.371130
-0.164775
0.215412
-0.046667
0.771521
-0.284837
-0.340833
-0.101301
0.121796
-0.230959
-0.095901
-0.269297
0.267726
-0.072501
-0.280522
0.024504
-0.362512
0.040398
0.195718
0.521285
0.052875
-0.127768
-0.180033
0.073084
-0.346285
-0.283842
-0.115403
0.185536
0.207528
-0.077565
0.206749
0.185400
0.006675
-0.206113
0.634798
0.116227
-0.355237
-0.551391
-0.287884
-0.304607
0.316669
0.324464
0.045186
0.166102
-0.012002
-0.486670
-0.307070
0.036820
-0.577839
0.038966
0.244448
0.106727
-0.035066
-0.108860
-0.001105
0.224636
0.432988
-0.121584
0.459218
0.351911
0.353072
0.218049
0.250859
0.159546
0.036280
0.607959
-0.033333
0.172144
-0.163848
-0.354786
0.112915
0.059811
0.106951
-0.048424
-0.031561
0.045348
-0.078356
-0.289608
0.085738
0.154905
0.103550
0.114180
0.108207
-0.257952
-0.079795
0.232052
-0.052991
-0.072548
-0.130982
0.064630
0.335082
-0.228766
0.268335
-0.260121
-0.126945
-0.015474
-0.548584
-0.061146
-0.013357
0.102100
0.228098
-0.035151
-0.165357
0.047163
0.494533
0.113620
0.095398
0.267859
-0.286104
0.047782
-0.392430
-0.370745
0.213074
-0.245105
-0.136979
0.074619
0.304636
0.247067
0.136443
0.057328
-0.187772
0.004917
-0.114166
0.069508
-0.551596
-0.246041
-0.039886
-0.092447
0.004551
0.014420
-0.223134
0.063523
0.274647
0.193467
0.117981
0.078715
-0.345402
0.363559
-0.147224
-0.011433
-0.061475
-0.182653
0.077730
0.232032
-0.316180
0.168565
-0.323465
-0.284424
-0.324207
-0.111121
-0.208681
-0.200731
-0.131072
0.229937
0.504233
0.243155
-0.436156
0.418676
0.297095
-0.318467
-0.113600
-0.079110
-0.139027
-0.692717
0.275489
0.106722
-0.365217
0.430750
-0.505891
0.243102
0.187078
-0.241359
-0.617335
-0.090770
-0.090660
-0.408818
-0.151241
-0.067685
0.204513
-0.071010
-0.097383
0.044072
-0.077038
0.248209
0.149252
-0.127711
-0.213407
0.122116
-0.265664
-0.091708
0.281059
-0.060344
0.352761
0.304862
-0.078141
0.063602
0.049909
-0.031547
-0.121536
0.341820
0.064719
-0.514422
0.040879
0.227473
0.195950
0.311793
0.269348
0.313943
-0.092764
-0.330397
-0.072178
-0.154852
0.012501
-0.133670
-0.045224
-0.284303
-0.219351
-0.027908
0.062404
-0.392365
0.082162
0.211887
-0.489899
-0.327789
0.322162
-0.347153
-0.460611
0.278272
-0.183398
0.316896
0.191520
-0.173539
-0.104798
-0.111276
-0.137497
0.464216
-0.210311
-0.096621
0.288063
0.342914
0.032487
0.039194
0.013379
-0.189942
-0.268459
0.185565
0.041815
-0.006669
-0.076616
0.551775
0.018520
-0.261105
-0.090159
-0.144287
0.194825
0.006208
-0.131214
0.241780
0.029677
-0.278880
0.076000
0.222448
0.081141
-0.301895
-0.233391
0.359755
0.246584
0.409953
-0.217744
0.496855
0.178910
0.305412
-0.405883
-0.019086
0.044807
0.366975
-0.097347
0.004951
0.346908
0.245327
0.364127
0.125697
-0.265934
0.074252
-0.346422
-0.066691
-0.137392
-0.050845
0.011884
0.071310
-0.311774
0.160760
0.116697
0.062234
0.277703
0.123550
-0.460096
-0.059908
-0.169804
-0.183752
0.013901
0.260535
0.238931
-0.116492
0.308235
-0.179519
0.084258
0.213795
-0.174436
-0.245163
-0.236241
-0.091925
-0.132758
-0.308937
-0.078481
0.127513
-0.140895
0.037960
-0.297759
-0.368455
0.099985
-0.172059
-0.197129
0.047039
0.321388
-0.039897
-0.116357
-0.037868
-0.155564
-0.118526
0.408638
0.427228
-0.273604
0.134874
0.110945
0.018547
0.278381
0.454012
0.118933
-0.182041
-0.266992
0.398681
-0.363549
0.116202
0.354968
0.144526
0.178941
0.156843
0.001013
-0.040884
-0.210344
0.086981
-0.168366
0.128030
-0.159312
-0.389467
-0.360767
0.335468
0.030769
-0.062454
-0.170272
0.081898
-0.506935
-0.074455
-0.224287
-0.165259
-0.302379
-0.248076
-0.185937
-0.233029
0.091044
-0.568280
0.155727
0.253654
-0.033667
-0.203856
-0.259582
0.035453
0.300052
-0.062073
-0.133021
0.331899
0.454768
-0.114223
0.107409
0.279129
0.134001
0.373398
-0.234106
0.040652
0.037488
-0.396469
0.286945
-0.079800
-0.153541
0.049317
-0.246002
-0.118380
0.115757
-0.055757
0.074535
0.002381
-0.036859
-0.188433
-0.137234
-0.455789
0.034744
0.099125
-0.265450
-0.373651
-0.119610
0.145670
-0.424301
0.675073
0.052881
0.016589
0.052555
-0.163521
0.116617
0.187769
0.261608
0.336264
0.218287
-0.289215
0.298073
0.338987
0.062539
0.149610
0.119804
0.169730
0.226539
0.094828
-0.034396
-0.271858
-0.049449
0.276604
0.209230
-0.218712
-0.379302
-0.129405
0.211734
0.199669
0.013174
0.177443
-0.184095
-0.292465
0.238316
-0.515982
-0.283531
-0.016267
-0.342604
0.138631
-0.043363
0.045796
-0.251008
-0.087019
-0.455778
0.122081
-0.208070
-0.193917
-0.305715
-0.272837
0.460517
0.530018
0.065369
-0.092792
-0.100823
0.229611
-0.275271
0.339414
0.254165
-0.577902
-0.115106
-0.147017
0.108343
0.146800
-0.101082
0.181003
0.277762
0.399523
0.227618
-0.066255
0.148298
-0.083749
0.142075
0.099525
-0.188835
-0.363579
-0.264079
-0.425832
0.625883
-0.009081
0.038762
0.083546
-0.069018
0.351742
0.306439
0.262762
-0.303087
0.253328
-0.253466
0.392448
0.000976
0.069020
-0.122979
-0.220630
0.348697
-0.181836
0.223953
-0.196217
0.339126
0.285019
-0.081645
0.195561
0.124425
0.415295
-0.282273
0.148454
-0.355760
-0.144461
-0.201177
0.083596
0.367109
-0.307688
0.309423
-0.230702
-0.411515
0.108762
-0.321131
0.368932
0.202606
0.156202
-0.092128
0.178779
-0.048843
-0.297527
0.051473
0.158011
0.360801
-0.220315
0.140468
0.415107
-0.235551
0.120502
-0.233398
0.391860
0.236717
-0.096354
-0.149979
0.138563
0.183321
-0.537159
0.155174
0.236524
-0.155599
-0.722325
0.053039
-0.196316
-0.250261
0.242180
-0.186399
0.105733
-0.410249
-0.167912
0.091527
0.113199
-0.195053
-0.043016
0.320350
-0.048552
0.275416
-0.075392
0.387890
0.331499
-0.031009
0.009852
0.594667
-0.497471
-0.435141
0.228203
-0.053059
-0.104562
-0.473089
0.781742
-0.039098
-0.043195
-0.052032
-0.105035
-0.045037
-0.008652
-0.119168
-0.300254
-0.160654
0.205405
0.466110
0.273288
0.125917
0.006614
-0.461141
0.107746
0.019244
0.045302
-0.006789
0.043562
0.122560
-0.299227
0.208301
0.313123
0.144403
-0.369211
0.033329
0.098817
0.334425
0.033092
-0.017608
0.346422
-0.245629
0.218669
-0.280512
-0.046746
0.220858
0.198647
-0.173099
0.263469
-0.301510
0.035252
0.066684
-0.354899
-0.124376
-0.018481
-0.120682
0.085183
0.164769
0.321452
0.403734
-0.049495
0.109070
-0.159258
0.061747
-0.259795
0.207414
-0.177224
0.092080
0.379426
-0.364336
0.002549
-0.042683
0.047284
-0.309349
-0.466961
0.308633
-0.074079
-0.143094
0.137003
0.143730
0.298263
-0.352642
0.163161
-0.053470
-0.122862
0.345667
-0.168691
-0.079174
-0.224250
-0.119907
-0.352202
-0.025345
-0.227952
0.023969
0.290826
-0.016606
0.071109
0.123597
-0.381440
0.106588
0.442777
-0.045495
-0.449107
-0.133928
0.046145
0.047152
-0.008673
-0.234515
-0.322444
0.659911
0.070418
0.133179
0.145918
0.042974
-0.043566
0.181838
0.348027
0.024916
-0.150082
0.118595
-0.078887
-0.264167
0.250588
-0.296677
0.012873
0.045296
0.186586
0.068932
0.129275
-0.124439
0.119244
0.306458
0.048619
-0.352513
0.295292
-0.234356
0.061830
0.241237
-0.022540
0.002007
0.216865
-0.200187
-0.364106
0.057921
0.234040
-0.169264
0.446033
0.231524
-0.205497
0.002878
-0.123718
-0.601178
0.040338
0.140498
0.213964
-0.343294
0.138451
-0.557568
-0.230381
0.013588
0.022758
0.116642
0.197336
0.088439
0.134376
-0.215853
0.097589
-0.232288
-0.007836
0.251904
-0.306314
-0.151588
-0.324905
-0.353421
-0.313101
-0.215275
-0.094608
-0.010202
-0.125437
0.199258
0.196253
-0.163514
-0.242520
-0.162501
-0.015934
0.055720
-0.099745
-0.157568
0.168003
-0.285502
-0.028210
0.208010
-0.062817
0.126739
0.042053
0.164928
0.419736
0.184939
0.106879
0.010834
-0.593206
-0.263407
0.175132
-0.220372
-0.384778
0.378042
0.016860
0.424470
-0.252510
0.352199
0.421474
-0.165135
0.379472
0.341794
0.173230
-0.271682
0.044897
-0.179517
-0.108587
-0.416597
0.317225
-0.020886
-0.190260
-0.183768
-0.000734
0.058055
0.042694
0.263720
-0.119543
0.142170
0.001872
-0.415412
-0.152243
-0.092952
-0.391665
0.214401
0.387061
0.126454
0.113652
-0.001114
0.095012
-0.080733
-0.029121
0.129185
0.111250
-0.412066
0.007317
0.123074
-0.170847
0.349800
0.039279
-0.100740
-0.063540
-0.259146
0.199987
0.327510
-0.226329
-0.205222
-0.279008
0.619022
-0.009100
-0.449079
-0.072409
-0.355591
-0.237094
-0.279077
-0.158685
0.124988
0.100663
0.054188
0.183103
-0.080972
0.121024
0.193978
-0.167797
-0.079144
-0.058183
0.384905
0.453840
-0.088142
0.032545
-0.704833
-0.016873
0.195331
-0.125285
-0.002085
-0.302316
-0.112858
-0.275175
-0.005613
0.146864
0.029718
0.070554
-0.142444
-0.058627
-0.045116
0.043610
-0.222354
-0.321070
-0.270758
-0.232098
-0.130266
0.152627
-0.185248
-0.139794
0.309168
0.039756
-0.163287
-0.044143
0.012022
-0.297520
0.322317
0.022631
-0.046963
0.222208
-0.428517
0.539721
-0.101867
0.179564
0.319656
0.048959
-0.331515
0.095210
-0.081601
-0.035507
-0.100861
-0.238173
-0.493049
0.157616
-0.087486
-0.038432
0.309033
-0.078778
-0.217377
-0.273113
0.104355
-0.258673
-0.040953
-0.267230
0.364837
-0.362999
0.313746
-0.191150
0.219561
-0.207723
0.425954
-0.062470
0.169448
-0.164463
-0.317633
0.051868
-0.010213
0.084564
-0.414526
0.276790
-0.095679
-0.185879
0.246768
-0.511652
0.292117
-0.084239
-0.170295
0.051033
-0.396179
-0.143250
-0.211022
-0.288764
-0.403182
-0.038144
0.375656
0.148670
0.282053
-0.069346
-0.218737
0.057548
-0.136767
0.034381
-0.010932
-0.101418
0.411256
-0.060707
-0.055790
0.154249
0.045790
-0.404021
-0.256897
-0.371668
-0.135127
0.199989
0.342505
-0.312509
-0.342096
-0.233171
-0.099423
0.052032
0.361563
-0.039704
-0.003916
0.289987
0.235274
0.152232
0.308416
-0.335787
0.077599
0.059791
-0.019464
-0.264137
-0.183709
-0.180643
-0.104079
-0.328879
-0.183918
0.212510
-0.207508
0.006523
0.081075
0.009928
-0.011412
-0.253250
-0.079280
0.367293
0.021667
-0.101736
-0.004769
-0.088615
-0.270446
-0.149595
-0.015650
0.335226
0.247498
-0.485298
0.144363
0.248149
-0.279316
0.068946
-0.461280
-0.141851
-0.141872
-0.075693
-0.373714
-0.354743
0.389482
-0.263034
-0.105181
-0.308758
-0.166058
0.283248
0.241166
0.331853
0.210273
0.385065
-0.073312
0.267743
0.038388
0.269171
0.266475
-0.150032
-0.519341
-0.149965
0.053954
-0.189908
0.081603
-0.055590
-0.228577
0.332234
0.047439
-0.053965
0.010913
0.079859
0.368766
0.106597
0.069258
0.101531
0.174464
0.148553
0.342496
0.127196
-0.107038
-0.060724
-0.119218
-0.232541
-0.390373
0.241852
-0.236323
-0.262264
0.356567
-0.302379
-0.022605
-0.188710
0.468161
-0.011626
0.173647
-0.612047
0.160089
-0.047598
0.092296
0.215910
-0.157903
0.246723
-0.173860
0.236064
-0.554492
-0.637668
0.004402
-0.151238
0.070649
0.178060
-0.081742
-0.323301
-0.069310
-0.110320
0.346410
0.212917
0.164160
-0.139614
0.023659
0.174067
-0.087121
0.117147
-0.280697
0.175433
-0.028603
-0.217040
0.088876
-0.182772
0.368520
0.073665
-0.038178
0.168554
0.228747
-0.268808
-0.070041
-0.091069
-0.362017
-0.195541
0.354254
-0.385815
0.232143
-0.436675
-0.022470
-0.030950
0.241319
-0.016773
-0.246789
0.095321
0.055710
-0.428114
0.032867
0.086582
0.363622
-0.077479
-0.287594
0.181810
-0.399352
-0.160400
0.369375
0.078930
-0.025940
0.292060
-0.144309
0.112893
-0.226925
-0.104535
-0.467847
-0.109509
-0.362049
-0.090336
0.172535
0.064277
-0.098275
0.206454
-0.326226
0.315458
-0.369620
-0.385656
0.036722
-0.460256
0.108365
-0.039181
0.013992
-0.174298
-0.200110
-0.008973
0.067484
-0.005352
0.179562
0.244040
-0.233952
-0.110078
0.217077
-0.321133
0.317504
-0.024106
0.000429
0.233555
-0.241671
-0.295843
0.059981
-0.438933
-0.007446
-0.095622
-0.254133
-0.651100
-0.056258
-0.114050
-0.075801
0.016431
0.150106
-0.067700
-0.097765
0.208701
0.128076
0.165893
0.109369
0.099108
0.403775
0.290297
0.324925
-0.007618
0.115827
0.041406
0.260898
-0.272826
0.345600
0.447214
0.100146
-0.214394
-0.188890
-0.248785
0.032289
0.314892
0.301152
0.064681
0.315766
0.080094
-0.259478
0.019794
-0.578766
-0.382197
0.498091
-0.151049
0.392428
0.074937
0.008487
-0.184743
-0.170148
-0.159045
-0.160415
0.732950
0.061756
-0.181997
-0.392662
-0.264220
-0.268779
-0.299411
-0.144050
-0.275553
0.169511
-0.325293
0.317048
-0.050991
0.303564
-0.061950
0.222613
0.297164
0.155572
-0.269476
-0.181400
0.454351
-0.192007
-0.091864
-0.224851
0.029454
0.292127
0.180344
0.118872
0.124383
0.156133
-0.102742
0.266570
0.152695
-0.343474
-0.064843
-0.084303
0.105580
-0.246232
-0.188425
0.109285
0.158612
-0.122257
0.187963
0.273051
-0.220865
0.124955
-0.129835
-0.126790
-0.177591
-0.176968
0.242236
-0.490063
0.139133
0.187644
0.235117
-0.266001
0.452228
0.494115
-0.274684
-0.178371
0.112626
0.234540
-0.163512
0.175442
-0.360899
-0.162383
0.023862
0.474208
-0.026092
-0.235336
0.292134
-0.240714
0.046231
-0.210328
-0.266346
-0.124644
0.183189
-0.469090
-0.058812
0.038804
0.240280
-0.155905
0.024567
0.272002
-0.400391
-0.159953
-0.163878
-0.120323
0.021417
-0.071165
-0.305967
-0.069414
0.129749
-0.138860
-0.084096
0.414067
-0.035949
0.072722
0.364932
-0.119327
0.009418
-0.528712
-0.164755
0.473880
-0.434578
0.010038
-0.171996
-0.008008
0.210674
0.221482
0.350892
-0.208455
0.152319
0.144799
0.007464
-0.164741
0.136888
0.155182
0.149345
-0.133580
-0.119970
-0.008500
0.243546
0.207335
0.226401
0.114804
0.117344
0.014737
0.229029
-0.094396
0.110610
-0.081511
0.046637
-0.204127
0.202465
0.159706
0.009909
0.083733
-0.096376
-0.232321
-0.285061
-0.377294
0.215303
0.053781
-0.257081
-0.055593
-0.223776
-0.309334
0.098986
-0.416738
-0.046955
-0.305830
-0.043003
0.331054
-0.172774
-0.200603
0.199484
-0.035474
-0.138991
0.098295
-0.063526
-0.133109
-0.308381
0.317824
-0.291939
0.334260
-0.084922
-0.254869
0.329788
0.056065
0.363719
-0.141410
0.311178
-0.097598
0.024236
0.135331
0.087056
-0.356487
-0.175825
-0.379180
-0.064103
0.066592
0.137997
-0.021925
-0.119938
-0.114173
-0.056189
-0.160633
-0.500166
-0.142173
0.347539
-0.354919
0.124108
-0.044910
-0.142839
-0.320798
-0.217015
0.209463
0.107201
0.345178
0.028801
-0.521287
0.336286
-0.396636
-0.140684
0.413881
0.076271
0.350087
0.063774
0.015451
0.337594
0.164210
0.114474
-0.168661
0.040749
-0.218616
-0.550716
-0.163775
0.146381
0.351735
-0.252846
0.538107
0.133405
-0.437864
-0.059977
-0.148892
0.444278
0.610646
-0.455156
0.206323
0.098259
0.373864
-0.046650
-0.154885
0.435955
0.161538
0.396185
-0.131025
-0.032055
-0.068442
-0.015885
0.040451
0.268816
0.308551
-0.009217
-0.077467
0.275443
-0.218853
-0.469780
-0.323616
-0.223133
0.101412
0.077633
-0.083275
0.065672
0.201417
0.317936
-0.140865
-0.329996
0.500619
0.290113
0.043294
0.010497
-0.007587
-0.086901
-0.069278
-0.383013
-0.211020
0.227654
0.028933
-0.029468
0.327039
-0.217664
-0.215729
-0.629369
-0.037466
-0.005844
-0.431421
-0.180999
0.419635
-0.075195
-0.156207
-0.256919
-0.420583
