# 参数名称：backbone.features.15.conv.1.bias
# 参数形状：(960,)
# 参数数据类型：float32
# 参数值（保留6位小数）：
0.001273
0.004516
0.003291
-0.006357
0.005682
-0.003238
0.003826
0.005003
-0.002852
0.001599
0.003985
0.003379
-0.001009
0.001622
-0.000757
0.009276
0.008190
0.003050
0.008537
0.000967
-0.000217
0.011646
0.005729
0.001947
-0.000579
-0.002405
-0.002492
0.004440
-0.004101
-0.001712
0.002430
0.003974
0.004522
0.009616
0.006309
0.004871
0.001400
0.003916
0.006129
0.007207
-0.004903
0.001655
0.010672
-0.006564
0.002557
0.007775
-0.001616
-0.002485
0.000792
-0.001184
0.000847
0.004411
0.005244
-0.000641
-0.003663
0.009006
-0.004320
0.001763
0.001236
-0.005284
0.003243
-0.007090
-0.002018
-0.002269
0.000389
-0.000162
-0.002173
-0.004089
-0.000286
-0.004513
-0.001124
0.000440
-0.001880
-0.009059
-0.006325
0.000126
0.001003
-0.001255
-0.001170
-0.003854
-0.006001
-0.000304
-0.001109
-0.004913
0.001860
-0.000595
-0.004237
0.003534
0.002209
-0.000016
-0.007251
0.004137
0.006619
0.004101
-0.001640
-0.014587
-0.005929
0.001274
-0.008405
0.010502
-0.001055
-0.003053
-0.001376
0.004373
0.002050
0.004748
-0.002276
0.000597
0.005542
-0.004439
0.004254
0.001837
-0.002443
0.000583
0.004369
-0.001341
-0.003609
-0.004515
-0.003745
0.005927
-0.005303
0.008796
0.000941
0.000417
0.004513
0.000259
0.003657
0.001448
0.005764
0.002029
0.000359
0.003943
0.001212
-0.001970
0.000315
0.003440
0.000367
-0.000688
0.003574
-0.005028
-0.000326
0.004295
0.007351
-0.004565
0.004307
-0.001085
0.003894
0.006914
-0.000162
-0.003561
0.008619
-0.002223
-0.003293
-0.001744
0.005504
0.002640
0.004938
0.000298
0.001744
0.000371
0.005075
-0.006489
0.001295
0.001083
0.001587
-0.000480
0.004540
0.000741
-0.001146
-0.001351
0.003501
0.005426
0.002486
0.001169
-0.004548
0.005944
0.004125
-0.000912
0.001858
-0.002365
0.000716
-0.001768
0.000324
-0.004520
0.001708
0.008827
0.003978
0.006791
0.003806
0.012201
0.000693
0.005564
-0.002532
-0.004140
0.005743
-0.002108
0.007608
0.002619
-0.002042
0.005048
-0.000225
0.001885
0.003741
-0.005930
0.004929
0.003292
-0.001294
0.005460
0.001958
-0.000575
0.001166
-0.003158
-0.001921
0.004974
-0.002009
0.001593
-0.001689
0.004737
0.001673
0.002382
-0.005075
0.003543
0.003919
-0.000071
0.006244
0.002507
-0.005030
-0.004044
0.002332
-0.000417
-0.000442
-0.000089
0.004442
0.003442
-0.004521
-0.002859
0.008872
0.002567
-0.000915
0.001553
0.006625
0.003479
0.000711
-0.003711
-0.009003
-0.003124
-0.003622
-0.000780
-0.001350
0.004017
0.003171
0.000757
0.005239
0.004498
0.000639
0.008417
0.001945
-0.003437
-0.002975
0.010454
0.001339
-0.001784
-0.003303
0.012113
-0.000053
-0.002036
0.001553
0.003447
-0.000787
0.000822
-0.002855
0.002459
-0.006742
0.003365
0.002596
0.001321
-0.001263
-0.006987
-0.003566
0.000672
0.001727
0.007620
0.009311
-0.001749
0.008519
0.000558
0.001386
-0.003006
0.001037
0.001101
0.002556
-0.002206
-0.000342
0.001145
-0.005521
0.003763
0.003136
0.008601
-0.003039
0.001718
-0.006464
0.001431
0.002896
0.006104
0.001796
0.003042
0.001056
0.003904
-0.004146
0.000857
-0.001805
-0.003928
0.009951
-0.004789
-0.010756
-0.001751
-0.000700
0.001478
-0.000004
0.007174
-0.000676
0.000425
0.008014
-0.000880
-0.002281
-0.002865
0.005756
-0.001100
-0.000094
0.003563
0.003210
-0.002020
-0.004102
0.003388
0.004205
0.005674
0.002684
-0.003085
0.005519
-0.002129
0.002598
-0.000420
0.005537
-0.004338
-0.004170
0.005771
-0.004502
-0.002674
0.005619
-0.007920
0.009030
-0.000778
-0.006450
0.008580
0.009114
0.002111
-0.001509
0.003868
-0.015494
-0.001985
0.000133
-0.004448
-0.000572
-0.001598
0.001499
-0.000632
0.001167
0.001054
0.001624
-0.001135
0.005942
-0.000412
0.006086
0.001575
0.002222
0.005630
0.013090
0.005842
-0.002012
0.002346
-0.001562
-0.004186
-0.004482
-0.000117
-0.002852
-0.003226
-0.004042
0.001201
-0.002966
0.000835
0.003659
-0.000998
-0.001090
-0.002341
-0.000444
-0.002333
0.002191
0.002638
0.002371
0.001680
0.006326
0.004378
-0.003743
-0.000977
0.002099
0.008937
0.005708
0.005572
-0.002549
-0.015019
-0.003864
0.001910
0.000657
0.006824
-0.000008
-0.003650
0.004386
0.003684
-0.004273
-0.003408
-0.011979
0.006424
0.003071
-0.001699
0.000148
0.003489
0.006147
-0.001462
-0.002916
0.004262
-0.001514
-0.001476
0.006155
0.001184
-0.003549
-0.002339
-0.002975
0.006618
-0.001067
-0.002036
-0.004200
-0.002499
0.006143
-0.006693
-0.000338
-0.006832
0.002617
0.011374
0.003494
0.001180
0.001176
0.006552
-0.001817
-0.006107
0.003315
0.000989
0.003871
-0.000647
0.005809
-0.002510
-0.007375
0.006590
-0.000637
0.003153
0.005170
0.010402
0.007673
0.003848
0.007689
0.000526
0.002288
0.005629
-0.002021
0.004064
0.007584
-0.000246
0.007175
0.006617
0.002274
-0.001563
-0.003175
0.005411
-0.000786
0.006256
-0.006822
0.001823
-0.004394
-0.002817
0.012379
-0.003488
0.004648
0.002549
-0.001000
0.005145
-0.000473
0.006224
-0.011589
0.007211
-0.005112
0.007321
0.005977
0.002409
0.005298
-0.001167
0.004360
0.004114
-0.002964
0.006167
-0.002147
-0.000039
0.004449
-0.000205
0.003684
0.000395
0.004393
0.001204
0.005077
0.006917
0.004000
0.003769
0.003506
-0.003305
0.005676
0.001618
0.004198
0.007496
0.001020
0.003368
-0.002945
0.005788
-0.004120
0.005813
-0.002801
0.000221
0.008027
-0.003822
-0.001092
-0.002855
0.007443
0.000648
0.000271
-0.003274
0.001556
-0.012833
0.005057
-0.002948
0.006813
0.001534
0.007456
-0.001077
-0.006786
0.000836
-0.003529
-0.005280
-0.000003
0.001635
0.004437
-0.000557
-0.002347
0.000472
-0.000985
-0.009170
0.007174
0.003853
-0.005488
-0.001677
0.002438
-0.000993
0.002479
-0.001992
0.004759
0.009752
0.000037
-0.000747
0.000341
0.001683
0.000310
-0.003110
0.003135
-0.002736
0.002160
0.003651
-0.006201
-0.004592
0.004531
-0.000434
0.001809
0.000526
0.004722
0.002325
0.001446
0.004898
0.006364
-0.002708
0.002476
-0.005214
-0.000633
0.002476
-0.002244
0.001254
-0.000248
0.006950
0.001709
0.001725
0.004573
0.001905
0.001003
-0.002602
0.002476
0.003114
0.007056
-0.001649
-0.000037
0.007341
0.001155
-0.002894
0.002767
-0.006155
-0.002614
-0.003690
-0.003703
0.001195
0.000646
-0.000067
-0.001976
-0.000165
0.001979
-0.002002
-0.003968
0.001997
-0.004655
-0.007090
-0.003891
0.000264
0.001341
0.002969
0.002952
-0.002604
-0.002108
-0.001263
0.005928
0.002277
0.004348
-0.004419
0.007578
-0.000334
-0.005520
0.000136
-0.001849
-0.006354
0.004376
0.005084
0.002122
0.011388
0.007291
0.000693
0.000556
-0.002091
0.001152
0.004897
-0.000798
-0.002364
0.000736
-0.007424
0.005881
-0.001281
0.007788
0.003452
-0.001448
0.001359
-0.002442
0.001125
0.002139
0.003756
0.000462
0.003510
0.000132
-0.003708
-0.005959
0.005098
0.006256
-0.002514
-0.004290
0.006285
0.002621
-0.004813
0.004534
0.002881
-0.008771
-0.003977
-0.000244
0.001358
0.008613
0.004786
0.002599
0.009883
0.000071
0.006993
-0.002967
-0.002119
0.005097
-0.004447
-0.001832
0.003473
0.005651
0.000051
-0.003964
-0.001869
0.000818
-0.000132
0.007624
-0.002442
0.002937
-0.001932
-0.000920
0.005008
0.000676
0.008413
-0.001420
0.003700
0.000362
0.000283
0.003384
-0.002830
0.004949
0.002784
0.004359
-0.000046
0.004742
-0.001849
0.002433
-0.001270
-0.002839
-0.003817
0.001829
0.000473
0.005058
-0.000570
-0.002170
0.007430
0.002678
0.007786
-0.004464
0.001096
-0.000417
0.001822
-0.000912
0.002708
-0.000704
0.001568
0.002564
-0.007992
0.000830
-0.002055
0.014413
0.001624
0.013188
-0.005328
0.002833
0.004473
-0.001239
0.000926
0.003988
0.000773
0.002458
-0.005175
0.003654
-0.002036
-0.002518
0.004309
-0.001652
0.002777
0.002787
-0.004412
-0.003586
0.001703
-0.003978
0.005004
0.001582
-0.014173
-0.000104
0.005845
0.003025
0.007102
0.007531
-0.002742
0.004700
-0.000566
0.001990
0.003353
-0.004276
-0.001070
0.005245
0.001553
0.000211
0.000294
0.002043
0.001225
-0.003135
0.001801
-0.002914
0.000659
0.012958
0.003701
-0.005203
-0.006520
0.002354
0.004092
-0.009499
0.001788
-0.004089
0.001052
-0.005445
-0.007311
-0.006604
0.005157
0.000662
0.000015
-0.009144
0.002022
0.005726
0.001634
-0.000133
0.000706
0.001740
-0.006800
0.003202
-0.002597
-0.001488
0.000451
0.000175
0.000042
-0.002113
0.004039
0.005397
0.000826
0.007890
-0.002912
0.003115
0.003769
0.005170
0.004480
-0.010208
0.008329
0.005888
0.004743
-0.000989
-0.002022
0.003309
0.001495
-0.000883
-0.003594
0.005128
-0.002186
0.002299
-0.004312
0.008196
0.002229
-0.001316
0.003314
0.001539
0.008323
-0.005038
-0.001884
-0.007683
-0.001846
0.004716
-0.001579
-0.000794
0.006686
-0.005372
-0.000578
0.001603
-0.004608
0.002084
-0.000024
0.002241
-0.005370
0.001252
0.000472
-0.002305
-0.003163
0.001491
0.003094
-0.000857
0.000719
-0.000003
0.001991
0.009268
-0.001576
0.002852
0.002015
0.003409
-0.001990
-0.002298
0.005118
-0.008575
0.007354
0.001549
0.000007
-0.001047
-0.007264
0.010447
0.000427
0.000040
0.002332
0.000549
0.003478
0.000787
-0.005194
0.002675
-0.000602
-0.002655
-0.003136
0.001467
0.002805
0.002736
0.001221
0.006364
0.008535
0.005229
0.006817
0.003399
0.003462
0.007253
-0.000132
-0.004187
0.002131
-0.000430
0.000093
0.000839
-0.000769
0.003804
-0.005216
0.007132
0.003199
0.003914
-0.001827
0.004374
0.001179
0.005557
0.003875
0.001886
-0.002492
0.004102
0.000672
-0.000926
-0.000001
0.002975
-0.004877
0.002692
-0.005177
0.001066
-0.008056
-0.001209
-0.006322
0.009753
0.001442
0.000586
0.002617
