# 参数名称：backbone.features.14.conv.4.bias
# 参数形状：(576,)
# 参数数据类型：float32
# 参数值（保留6位小数）：
-0.001795
-0.005205
0.004925
0.000094
-0.000192
0.005122
0.004163
0.007957
-0.006971
0.000304
0.006574
0.000350
0.003290
0.006460
-0.008689
-0.010855
-0.004334
0.004248
-0.004525
-0.005331
0.003554
0.002021
0.003476
0.003404
0.006189
-0.003225
0.001220
0.010821
-0.001666
0.005260
0.000168
-0.000578
0.009192
0.000750
-0.004342
0.000547
0.004325
0.009425
0.003947
-0.000563
0.001151
0.002540
-0.002392
-0.008244
-0.000709
-0.003624
0.004309
-0.000655
0.000402
0.007485
0.001333
-0.004701
-0.002273
0.001705
0.004724
-0.000326
0.001705
0.005155
0.004183
0.005358
-0.007902
0.007616
-0.001332
0.008227
0.000445
-0.006020
-0.003648
0.002978
0.002436
-0.000825
-0.001153
-0.005621
-0.000932
0.008587
-0.004867
-0.007975
0.006374
0.000029
-0.005316
-0.001122
0.000831
0.002733
-0.004810
-0.003168
0.006038
-0.001435
0.004053
-0.000247
-0.000784
0.003452
-0.004106
0.004028
0.001925
0.004898
0.005482
0.005593
0.004759
0.005871
-0.002688
-0.003659
0.001152
-0.003648
0.001068
-0.008774
-0.000826
0.011369
-0.002280
0.001210
-0.006035
0.007018
0.008010
-0.005166
0.003462
0.002335
0.002421
-0.000135
-0.002408
0.007623
-0.000307
-0.003018
-0.005121
-0.008239
0.008435
-0.003956
-0.001120
0.001960
0.006948
0.006441
0.003492
-0.000367
0.006935
0.004558
-0.000853
0.001929
0.008318
-0.010883
-0.000595
0.003047
-0.003871
0.002823
-0.006109
0.007477
0.002418
0.008393
0.001063
0.000283
-0.005462
-0.003396
0.011589
0.002166
-0.004613
0.000899
-0.012344
0.009453
-0.005740
0.010021
0.000879
0.006305
-0.000592
-0.002887
-0.006134
0.003715
0.003579
-0.002668
0.002380
-0.008312
0.005258
0.005868
0.002458
0.001380
-0.000897
0.000648
0.001307
0.001546
-0.005895
0.006097
0.008149
0.002831
-0.005817
-0.000052
-0.000617
0.003797
-0.003542
-0.002427
-0.002368
0.008672
-0.001586
-0.001502
-0.001327
-0.000446
0.005208
0.007224
0.004598
0.003883
0.008509
-0.005898
0.005248
-0.007546
0.007247
-0.001359
0.003500
0.012813
0.014049
0.000912
0.005580
0.010579
-0.009709
-0.003158
-0.001551
-0.002664
0.008427
-0.002183
-0.000541
-0.010119
0.005753
-0.003552
0.004702
-0.003142
-0.005116
0.003964
0.003813
0.004098
0.004715
0.001937
-0.001678
0.001997
0.004052
0.001993
0.002514
-0.005200
0.004976
-0.001286
-0.006860
0.003505
0.003626
0.004967
0.007328
-0.011410
0.002160
0.000372
-0.001240
-0.005896
0.001231
0.013354
-0.001874
-0.006169
-0.010371
0.004108
-0.007029
-0.005307
0.001511
-0.005867
0.003297
-0.003015
-0.000140
-0.006209
0.001216
0.002133
-0.003296
0.004486
0.001498
-0.009998
-0.002502
0.001683
0.007251
0.000127
0.007110
-0.000997
0.002149
0.010104
-0.002772
0.001776
0.005594
0.004558
0.005474
0.000122
-0.001189
-0.000942
-0.000444
-0.003838
0.014706
-0.003205
0.005138
0.000946
-0.005751
-0.009543
-0.001448
-0.003763
-0.004205
-0.000768
0.002368
-0.006599
-0.010219
-0.001267
-0.001905
0.003510
0.007525
0.003263
0.003119
0.004325
-0.001379
-0.001265
0.001036
-0.001665
0.000556
0.008566
-0.001309
-0.001755
0.000497
0.002438
0.003347
-0.004276
0.007017
-0.001632
-0.001443
-0.002042
-0.000219
-0.000608
-0.000097
0.008105
0.007078
-0.005344
0.010756
-0.003202
-0.003290
0.012160
0.001829
0.006199
0.002850
0.006192
-0.001857
0.001682
-0.006499
0.009267
0.000966
-0.004517
0.000687
-0.004631
0.011718
0.005994
-0.000213
0.000357
0.009842
0.002162
0.010885
-0.008877
-0.008233
-0.004279
0.000093
-0.008692
0.008688
0.006283
-0.001395
0.003868
0.004124
0.002112
-0.005056
0.011270
-0.002862
-0.005842
0.006482
-0.002427
0.006441
0.017127
0.003535
-0.000554
0.001875
0.001067
0.005018
0.007352
-0.000301
-0.002377
-0.005730
-0.001274
-0.012078
0.004735
-0.004101
0.001532
0.002682
-0.009517
0.005485
-0.003578
0.005299
-0.007184
-0.007678
0.004824
0.006592
0.000670
-0.010053
0.001956
0.006084
-0.000764
-0.005281
-0.004936
-0.008323
-0.003742
0.003445
-0.007005
0.001153
0.008044
-0.005132
0.003011
0.001007
-0.003799
0.005883
-0.001694
0.005394
-0.003170
0.000559
-0.003440
0.012619
0.005603
0.001191
0.005848
-0.004769
-0.003233
-0.000322
-0.007322
-0.001598
0.006421
-0.003229
0.001259
-0.008318
0.010517
-0.004313
0.001538
0.000223
-0.000999
0.000388
0.002771
0.006560
-0.001997
-0.003530
0.003087
0.004415
0.004571
0.003713
0.001719
0.007645
-0.002742
0.003509
-0.000538
-0.000501
0.002428
0.005918
0.003549
0.000845
0.000083
-0.000523
-0.007009
-0.005362
0.008604
0.005001
-0.008119
-0.001552
-0.000685
-0.012293
0.000458
-0.002686
0.009894
0.000175
-0.015446
0.001811
0.002697
0.006950
0.004773
0.005487
0.001995
0.004435
0.014159
-0.002854
-0.004656
-0.003968
0.008277
-0.005282
0.007127
0.003705
-0.007851
-0.004152
-0.005312
-0.004493
0.002529
0.007237
-0.001695
0.003463
0.002981
0.005815
0.003760
0.001131
-0.001308
0.005056
-0.014916
-0.005117
0.002327
-0.002479
0.007686
0.000309
0.001084
-0.002659
0.005211
0.003982
-0.009548
0.005197
0.005051
-0.001756
0.003858
0.002215
0.007107
-0.004456
-0.003233
0.005261
0.011365
0.002855
0.001007
-0.000209
0.006202
-0.006584
-0.002669
0.000065
0.000447
0.003934
0.000845
-0.002337
0.007190
0.008110
0.001567
-0.002489
-0.005178
0.007243
-0.003135
0.004915
0.007289
0.007311
-0.006054
0.006119
0.000482
-0.001844
0.003178
0.000298
0.001552
0.000873
-0.002723
-0.005694
-0.011884
-0.003832
0.000472
-0.003725
0.003350
-0.004113
0.004045
0.000277
-0.000447
0.000601
0.006643
-0.003302
-0.000149
-0.003217
0.008489
-0.002051
0.002278
0.008371
0.003345
-0.003875
-0.001746
-0.000315
0.010117
0.000005
-0.005115
0.007038
0.002500
-0.002410
0.012551
0.009247
-0.001594
0.008747
0.002441
