# 参数名称：backbone.features.12.conv.1.bias
# 参数形状：(576,)
# 参数数据类型：float32
# 参数值（保留6位小数）：
0.009576
-0.002233
0.000014
-0.002729
0.003787
0.004328
0.001245
-0.004176
0.000533
0.001066
-0.001019
0.003464
0.001548
0.002965
0.000672
0.001600
0.003004
-0.000933
0.004031
-0.001214
-0.005219
0.003437
0.008260
-0.000988
0.002776
0.003277
-0.003391
-0.001114
0.001658
0.001188
0.001337
0.009505
-0.000726
-0.002861
0.001341
-0.002993
-0.002717
-0.003660
0.001193
0.012112
0.001398
0.003212
0.000172
0.000561
0.003406
-0.000786
0.003372
0.003320
0.000599
0.001534
0.003452
0.002057
0.004924
0.005245
-0.002243
0.003623
0.001116
-0.003205
0.003454
0.007790
0.005237
-0.000527
0.002283
0.003517
0.005060
0.007170
-0.000003
0.006599
0.002413
0.001126
-0.003281
-0.000671
0.000008
0.003814
0.004828
0.001062
-0.000556
0.001086
0.002811
-0.000303
0.000381
0.002670
0.002232
0.005428
-0.004407
-0.001495
-0.009580
0.001697
0.007017
0.003390
0.004748
0.003204
0.008183
0.000450
0.006485
0.000288
-0.003868
-0.001647
0.006729
0.002233
0.002985
0.004150
-0.008272
0.003593
-0.003937
-0.001352
0.003683
0.001207
0.008290
-0.001093
0.002518
0.000118
-0.004620
-0.001033
-0.005614
0.004448
-0.001010
-0.002793
0.006226
-0.002295
0.000382
-0.001953
-0.007299
-0.003009
-0.002663
0.007360
0.001742
0.001981
0.007119
-0.001158
-0.001001
-0.002653
0.002111
0.007626
-0.003804
-0.003343
0.003111
-0.008196
0.001672
0.001747
-0.002528
0.004104
-0.001602
0.001391
0.002885
-0.008270
-0.002756
-0.001850
0.003228
-0.000341
0.006001
-0.004181
0.001426
0.006487
0.001999
-0.001600
-0.002824
0.002551
0.007973
-0.006501
0.005207
-0.004816
-0.001045
-0.000134
0.004645
-0.000602
-0.000807
0.001710
0.002429
-0.010556
0.000592
0.004032
-0.002200
0.004858
-0.002209
0.003251
-0.001704
-0.005580
-0.000379
-0.001081
0.003643
-0.004263
-0.000420
0.010347
-0.001153
0.000083
0.001194
-0.002993
0.003933
0.004071
0.005147
0.002565
0.008867
0.003011
-0.001600
0.003243
0.000954
0.007337
-0.008084
-0.005213
0.005794
0.003419
-0.002341
-0.002706
-0.004997
0.000723
0.001075
0.007066
0.003663
-0.001604
0.000687
0.005359
0.001260
-0.004126
0.002728
0.009416
0.001933
-0.003138
0.000923
0.004702
0.001663
0.006744
0.001339
0.004891
0.000407
0.000892
-0.000637
-0.005012
0.005707
0.003293
0.006433
0.001321
-0.001535
-0.004060
-0.000691
0.001881
-0.000262
-0.000818
-0.002507
-0.002976
0.001367
0.002039
-0.004156
-0.001346
-0.001464
-0.000318
0.007942
-0.003352
0.000192
0.000755
-0.001539
0.001907
0.003521
-0.008345
0.006488
0.006106
0.005424
0.003056
0.003303
-0.003254
0.000708
-0.000910
0.002414
-0.000724
0.002461
-0.002760
-0.005569
-0.001785
0.003135
0.001779
-0.002372
0.001915
-0.004018
-0.003840
0.002371
0.002564
0.003812
0.003586
0.000750
-0.000568
0.002400
0.001877
0.002116
0.000324
-0.002454
-0.000209
0.008161
0.002519
0.000442
-0.001309
0.002219
0.002453
-0.001699
0.006565
0.008233
0.002796
0.002370
-0.000531
-0.005517
-0.001367
0.004114
0.004530
0.002067
0.002808
-0.004353
0.000549
-0.002835
0.003755
0.006235
0.002836
0.001286
0.000559
0.001395
0.001389
0.001740
-0.000355
0.007101
0.004659
-0.001258
-0.001268
-0.004772
0.001929
0.002387
0.008092
-0.000803
0.001633
-0.002779
0.001125
0.001312
-0.003637
0.007629
-0.001627
0.000331
0.003218
0.001315
0.008514
0.008052
0.003648
-0.000993
-0.000604
0.000799
-0.000204
-0.004752
-0.001636
-0.002486
-0.001485
-0.004575
0.005208
0.006667
-0.001966
0.005151
0.012054
-0.004490
0.011511
0.000323
0.002055
0.003890
0.001508
0.001422
0.002352
-0.007610
0.001732
0.005855
-0.005592
-0.002651
-0.001942
0.002536
0.008489
0.000220
0.005333
0.001171
0.007157
-0.000629
0.009105
-0.002820
-0.000309
0.001253
0.002733
-0.000449
-0.000096
0.005089
0.002936
0.007142
0.003153
0.004005
0.008362
-0.003093
0.000486
0.002236
-0.000450
0.006168
0.008384
-0.004474
0.006855
-0.005123
-0.002970
-0.002706
0.004331
-0.006464
0.000062
-0.002330
0.004373
-0.007704
0.005283
0.009100
-0.003288
0.004745
0.010355
0.002748
-0.007532
-0.005643
0.004363
0.002116
0.003398
-0.007798
-0.004611
0.001714
0.000639
-0.005779
0.000737
0.004105
0.001924
-0.003210
0.002089
0.004182
0.004833
0.002300
0.000064
0.002195
-0.000854
-0.000801
0.000215
-0.001800
-0.002457
0.000383
0.008149
0.005452
0.008146
0.001403
0.008276
0.009981
-0.005950
0.008112
0.000089
0.001045
-0.001309
0.000473
0.001295
0.000666
-0.001809
0.003380
0.001926
-0.000400
0.000791
0.000936
0.012584
-0.001566
0.008464
-0.004164
-0.001803
0.006707
-0.002825
-0.002952
0.002958
0.002178
0.000396
-0.005723
0.004243
0.004149
-0.002488
-0.001665
0.008337
-0.001681
0.004736
-0.000395
0.002206
0.001656
0.002166
-0.002664
-0.001742
0.005325
-0.000563
0.008784
-0.000094
-0.000430
0.003937
-0.001635
0.003127
-0.000139
0.002037
0.001761
0.008122
0.005018
0.011031
0.005198
-0.002692
-0.001931
0.002747
0.001820
-0.001266
-0.000321
-0.000527
0.003406
0.005759
0.012299
0.001051
0.003386
0.001094
-0.002898
0.001494
-0.001624
0.005482
0.000418
-0.001591
0.007051
0.004823
-0.000059
0.010063
0.002676
0.003262
-0.000106
0.007738
-0.004077
0.001077
0.004376
0.003471
-0.000995
0.001291
0.000294
0.009023
0.001966
0.004971
0.004662
0.000278
0.000909
0.006690
0.003900
-0.006114
-0.004389
0.004877
0.000568
0.000089
-0.004375
-0.004589
-0.005139
0.003476
0.004796
0.003700
-0.000761
0.010662
0.010827
0.001180
0.002787
0.004280
0.001081
0.003964
0.003309
0.000785
-0.006784
0.002068
0.007608
-0.003076
0.003182
-0.004330
0.001864
0.001815
0.002110
0.000847
0.000226
0.010145
0.000696
0.002472
0.005868
0.000326
0.003869
0.003185
