# 参数名称：backbone.features.7.conv.7.running_var
# 参数形状：(64,)
# 参数数据类型：float32
# 参数值（保留6位小数）：
2.596940
2.024170
2.720506
1.919567
2.341915
2.762917
1.846499
1.723963
2.032759
3.240870
2.318190
1.708806
1.739547
3.380831
2.667510
2.037263
1.818412
2.876915
3.056993
2.437097
2.911343
3.401667
2.132404
2.304260
1.881599
5.478454
4.085911
1.783773
2.764226
2.683177
2.391413
2.458976
1.622534
2.095526
2.343870
2.685498
2.431862
2.822229
2.414628
2.193977
1.347513
2.600024
3.644506
1.644510
1.631324
1.922039
1.606900
1.529621
3.261713
3.085385
2.783730
1.989769
1.939570
2.199476
1.974687
2.995822
2.102907
4.185878
2.220556
1.480915
1.717066
2.548674
4.411156
1.852878
