# 参数名称：backbone.features.12.conv.4.bias
# 参数形状：(576,)
# 参数数据类型：float32
# 参数值（保留6位小数）：
0.007892
-0.001171
0.000281
0.007829
0.003145
0.007227
0.014200
0.002713
0.002345
0.008295
-0.002967
0.001517
0.013316
0.002308
0.002551
-0.001896
-0.002474
0.003569
0.000892
0.004826
-0.005002
0.002213
0.010353
0.008661
0.000232
0.001021
0.008634
0.001300
0.000219
-0.003521
-0.001108
0.005004
0.006530
-0.006128
-0.007185
0.003618
0.007450
-0.001388
0.010321
0.006329
-0.009790
0.002718
-0.006463
-0.005559
0.009458
-0.000725
0.000746
0.005990
0.002509
0.005441
0.007637
-0.003518
0.003084
-0.001472
0.005922
0.004754
-0.001531
0.002587
-0.000532
-0.005195
-0.002783
0.002039
-0.005600
0.011081
-0.000790
0.005373
0.010099
0.008218
0.002770
0.004005
-0.006103
0.000940
-0.005459
0.006336
0.002809
0.008509
-0.005987
0.003457
0.006370
-0.002370
0.009959
-0.003416
-0.008559
-0.003895
0.002316
0.003898
0.002585
-0.001784
0.013309
0.001054
0.000726
0.003222
0.005090
0.004234
-0.000928
-0.001852
-0.005403
-0.005369
-0.003474
-0.001856
0.008942
-0.001838
0.010478
0.006375
-0.000888
-0.011373
-0.002030
0.001796
-0.001003
-0.002247
-0.007170
0.003454
0.004310
-0.007452
0.004527
0.000596
-0.001508
0.004253
0.010126
-0.007918
0.000634
0.002012
-0.003787
0.008234
0.004266
0.002014
0.005596
0.000943
0.000051
0.004213
0.005633
-0.002408
-0.004895
0.012968
-0.001964
-0.005129
-0.004305
-0.002136
0.012413
-0.001478
0.002775
0.000885
0.004688
0.004060
-0.009036
-0.000853
0.004886
-0.005987
0.005263
0.005364
0.003194
0.000971
-0.005340
-0.004578
0.006833
-0.003626
0.003530
0.007904
0.005790
-0.005660
0.005389
0.005913
0.001641
-0.002371
0.009393
-0.002892
0.000461
0.007560
0.007154
-0.004880
-0.004443
-0.003002
0.000531
-0.006861
-0.002916
-0.007737
-0.002305
-0.003790
0.001827
-0.004112
0.000295
0.003735
-0.002087
0.007535
-0.003185
-0.007337
-0.001690
0.001481
-0.001503
-0.005107
0.002566
-0.003341
0.006604
-0.001768
0.000269
0.009796
0.001443
0.003969
0.002371
0.000109
-0.005532
-0.003969
0.010738
-0.006224
0.002521
-0.002601
0.000341
-0.004875
0.003488
-0.003275
-0.001696
0.006112
0.007317
0.008019
0.000362
-0.003367
-0.001220
0.000256
0.006287
0.003355
-0.000316
0.003307
-0.007233
-0.000439
-0.002990
-0.001470
-0.003524
0.003863
0.011132
-0.011162
-0.000763
-0.003354
-0.001082
0.000667
-0.007566
-0.008479
-0.003509
0.009513
-0.002378
-0.006527
-0.001775
0.007643
0.014542
-0.002324
-0.001572
0.017692
0.001157
-0.002731
-0.011154
0.007244
0.002676
0.003801
0.001422
-0.006853
-0.004969
-0.002005
0.004524
0.010856
-0.001559
0.000706
0.005673
0.002767
0.004810
0.011506
0.001374
0.002224
0.004116
0.004829
0.010931
-0.001734
0.014404
0.000958
0.006678
0.000803
-0.002403
0.006339
0.004878
0.007750
0.004145
0.006582
-0.000486
0.000859
-0.003465
-0.005766
-0.001170
-0.000246
0.011280
0.004370
-0.002001
-0.007940
0.017762
-0.011277
0.000893
0.002221
0.005686
0.009810
0.007878
-0.004826
0.003122
-0.007956
0.006944
0.002707
0.002240
0.009763
-0.000984
-0.008160
-0.003738
0.003150
-0.002069
-0.010867
0.004924
0.003548
0.006339
0.000417
-0.000248
0.003136
0.007112
0.009723
0.001877
0.005276
0.004380
0.006533
0.004102
0.004972
-0.003268
-0.002824
0.001280
0.000064
0.007778
0.006909
0.007079
0.003853
-0.002151
-0.004804
0.001584
0.008922
-0.008785
0.007883
-0.003020
0.006733
-0.002160
-0.005380
0.004663
0.000847
0.002748
-0.005202
0.004301
-0.000651
-0.003039
0.008100
0.006689
0.018702
0.003765
0.000549
-0.001105
0.005571
-0.009696
0.001441
-0.001182
0.003845
0.000676
-0.005617
0.009210
-0.009503
0.009439
0.000418
0.001722
0.002023
0.006635
-0.004572
-0.010927
0.001363
-0.007618
0.007087
0.002572
0.001986
0.011198
0.009799
0.003502
0.007072
-0.005171
0.000714
0.001946
0.003094
-0.000241
0.009903
0.007130
0.001287
0.000828
0.000642
0.002191
-0.003094
0.000234
0.007046
-0.002633
0.004155
-0.006603
-0.000919
-0.009655
0.001332
-0.004732
0.008635
-0.006380
0.003971
0.001925
-0.003452
0.004563
0.004941
0.000318
-0.006157
0.001934
0.004121
0.002220
0.011613
-0.014004
0.000214
-0.005498
0.005239
-0.010613
-0.003314
0.002123
-0.006713
-0.005651
0.005156
-0.004090
-0.010959
0.000176
-0.000879
-0.007595
0.007444
-0.012291
0.003041
-0.001442
-0.006286
-0.000970
0.002981
0.002288
0.007701
0.003601
0.000879
0.001556
0.007470
0.001565
0.005913
-0.001399
-0.001504
0.005231
0.006425
0.005398
0.002744
-0.008294
-0.002387
-0.001816
0.001524
0.012003
0.005349
0.005446
0.013699
0.004150
-0.007467
0.004164
0.001911
0.004597
0.005663
0.012241
0.006725
-0.011292
-0.002495
-0.005461
-0.011294
-0.003383
0.000177
-0.006801
-0.007369
-0.000929
0.003148
-0.000832
-0.000178
-0.004641
0.000045
0.013323
-0.004671
-0.003313
-0.004818
0.004135
-0.001999
0.005405
0.000247
-0.000089
-0.000150
-0.001609
0.009628
0.000596
0.001633
0.013258
0.002206
0.002006
0.000337
0.003005
0.001798
-0.001213
0.000376
-0.004037
0.004780
0.009255
-0.002409
-0.002511
-0.000822
0.005782
-0.002720
0.011230
-0.002346
0.000464
-0.006222
0.002749
0.000221
0.004737
0.002792
-0.000658
-0.003095
-0.000829
-0.003987
-0.003488
0.010117
-0.002709
-0.001099
0.005139
0.001907
0.000689
-0.000195
0.000533
0.000885
0.001267
0.009208
0.000573
0.002402
0.003271
-0.001404
-0.006103
0.000998
-0.001094
-0.006400
-0.005608
-0.001233
0.004444
-0.002373
-0.002591
0.000911
0.003193
0.007104
0.015377
0.002659
0.007335
0.014365
-0.000470
0.000230
0.003956
-0.003969
-0.004505
0.003493
-0.000761
-0.006324
0.002975
0.001439
0.003980
0.004304
0.006337
0.003865
-0.007330
0.002252
-0.000296
-0.000686
0.001742
-0.000141
-0.000428
0.008390
