# 参数名称：backbone.features.7.conv.4.bias
# 参数形状：(192,)
# 参数数据类型：float32
# 参数值（保留6位小数）：
-0.002375
-0.000476
0.003220
-0.000470
-0.000475
0.006398
-0.002210
0.000441
-0.007782
0.006549
0.002864
0.005510
0.003663
0.000952
-0.002893
-0.005827
0.000424
0.001977
0.007855
-0.000425
-0.000182
0.001357
-0.001118
-0.000491
-0.004100
-0.005444
-0.000508
-0.003668
-0.003676
-0.003871
-0.006336
-0.000130
-0.000098
-0.001350
-0.003108
-0.005379
0.006286
0.000637
-0.000147
-0.002149
0.000183
-0.009551
0.006135
-0.003527
0.001102
-0.006246
-0.000089
0.005457
-0.004312
-0.000592
0.002273
0.006311
-0.000071
0.000664
0.000186
-0.001262
-0.002992
-0.009288
0.004669
0.010837
0.000890
0.007288
-0.000748
0.000610
0.002528
0.000970
0.001690
-0.000535
0.002031
0.004199
-0.000393
0.001833
-0.008104
0.006081
0.006298
0.000734
-0.002012
-0.000429
-0.001320
0.003107
0.002431
-0.004763
0.007883
0.000563
-0.001809
-0.001755
0.005058
-0.000709
-0.000011
0.001795
0.001139
0.000041
-0.000739
-0.000922
0.005683
-0.003479
0.009820
0.010209
-0.001782
-0.002934
-0.007997
0.002531
0.001120
0.004178
-0.005768
0.009388
0.001350
0.006212
0.003321
0.005047
0.000117
-0.000144
0.005901
-0.005869
-0.003080
-0.001473
0.000249
0.009772
-0.003532
0.004123
0.004719
0.001288
-0.004102
-0.003113
-0.000450
0.003344
-0.000469
-0.001765
0.003378
-0.000705
0.002913
-0.001009
0.005864
0.002915
0.000940
0.000449
-0.000988
0.002847
0.003130
-0.002973
0.010200
0.006667
-0.002225
-0.003765
0.003947
-0.002801
0.000671
0.000075
-0.006728
-0.004535
-0.000607
0.001049
0.008906
-0.003372
0.001381
0.006025
0.006411
-0.003433
0.006933
0.007344
0.002277
-0.002870
0.000511
0.013558
-0.002865
-0.001255
-0.001339
0.005232
-0.000064
-0.000314
-0.005073
0.001454
-0.001536
0.004662
0.003740
0.006299
0.007439
0.008588
0.000829
-0.003427
0.003219
-0.002284
0.001724
0.005332
-0.000315
-0.001059
-0.000433
0.000393
-0.000841
0.000005
0.000668
-0.006351
