# 参数名称：backbone.features.18.1.bias
# 参数形状：(1280,)
# 参数数据类型：float32
# 参数值（保留6位小数）：
0.004003
-0.001883
0.013636
0.011217
-0.015152
-0.007706
0.005012
0.008788
0.012858
0.001908
0.017380
0.009814
0.017303
0.010610
-0.003942
0.007041
-0.001172
0.000435
0.021157
0.007956
0.002026
0.009327
-0.010575
0.004206
-0.011398
0.014848
0.006452
-0.010120
0.018041
0.024613
0.011770
0.026662
0.014043
0.000593
0.014604
0.003769
0.007101
-0.019402
0.017170
0.011956
0.017927
0.001460
0.016288
0.005970
0.018658
0.001275
0.010744
0.014231
0.005011
0.014620
0.015632
-0.000443
0.014656
0.014399
0.014889
0.015711
-0.003282
0.006231
0.007936
0.019075
-0.017782
0.015229
0.008884
-0.011145
0.004811
0.020284
0.018667
0.001613
0.009759
0.001440
0.012423
0.014358
0.023678
0.015285
0.005865
0.023105
0.013281
0.006252
0.013649
0.017941
0.011496
-0.011196
0.001258
0.022833
0.010108
0.006480
0.018412
-0.014479
-0.001003
0.005971
0.000883
-0.015093
0.008121
0.011599
0.008321
0.009979
0.011681
0.016291
-0.014843
0.016577
0.013314
0.006070
0.007734
0.005671
0.001314
0.019246
0.011620
0.004512
0.011706
0.010171
0.031341
0.027659
0.012831
-0.004702
-0.006740
0.019364
0.027223
0.006608
0.013027
0.007704
0.012708
0.008147
0.019052
0.015805
-0.009803
0.012029
0.029296
0.006873
0.000936
0.016054
0.016885
0.022446
0.010275
0.007774
0.013104
0.003337
0.021459
0.007464
0.001763
0.007901
0.008855
0.018404
-0.000015
0.016821
0.007568
0.005817
0.010497
0.013658
0.012400
0.009912
-0.000964
0.025650
0.000313
-0.002950
-0.005436
0.000358
-0.008306
0.007682
0.006461
-0.008089
0.008595
0.012310
-0.012318
0.012675
0.013766
0.000179
0.009601
0.005874
0.016648
0.002776
-0.015335
0.015244
-0.014899
0.016958
-0.007187
-0.009899
0.009103
0.012010
-0.005378
0.017029
-0.009373
0.010708
0.000771
0.014084
0.006021
0.003728
-0.005164
0.020968
0.009980
0.007118
0.015502
0.016456
0.016826
0.009701
-0.003807
-0.026020
0.012824
0.015286
-0.007471
0.012005
0.000893
0.012344
-0.012701
0.009793
0.018280
0.001810
-0.018894
-0.004834
-0.005569
0.014277
0.009839
0.019984
0.015066
0.009160
0.018537
0.022160
0.001020
0.002806
0.022243
0.009739
0.017367
0.016131
0.006088
-0.007824
-0.024122
0.016940
0.009622
0.003081
0.007963
0.006858
0.000805
0.015614
0.004517
0.013558
-0.016871
-0.003779
-0.015395
0.017985
0.021878
-0.013483
-0.003183
0.012701
0.012031
0.008648
0.004784
0.014178
0.010608
0.006099
-0.012728
0.026953
-0.005129
-0.013225
0.008591
0.005933
0.014937
-0.010074
0.019928
0.012565
0.010437
0.018957
0.013479
0.004937
-0.008551
0.017916
0.020521
0.003899
0.003602
-0.001407
0.010038
-0.021186
0.003649
0.009208
0.013245
0.011110
-0.012890
0.009585
0.014938
0.021518
0.016258
-0.006405
-0.012897
0.020758
0.005905
0.010587
0.006370
0.007673
0.028807
0.021676
0.005492
0.003408
0.002017
0.008265
0.018642
0.025617
-0.009002
0.016228
0.025071
0.001930
0.012695
0.008868
-0.005831
0.008655
0.017328
-0.000210
0.012772
0.006968
0.015340
-0.016023
-0.010786
0.026622
0.017570
0.018496
0.003089
0.011486
0.017050
0.004920
0.003641
0.004931
0.013106
0.011542
0.001775
-0.002841
0.013967
0.015683
0.004199
0.007966
-0.004567
-0.009747
0.011125
0.016237
0.017635
0.014530
0.008727
0.016912
-0.013842
-0.007737
0.016316
0.025912
-0.008983
0.008615
0.014682
-0.002214
0.005775
-0.013614
-0.000781
0.014937
0.018236
0.012616
0.013176
0.010111
0.012541
0.010677
-0.009916
0.016440
0.014525
0.001000
0.010200
0.009855
0.017282
0.007717
0.007132
0.010290
0.011318
0.009424
0.005971
0.012373
-0.000915
0.023309
0.008128
-0.008062
0.016527
0.014760
0.012918
0.019464
0.009222
0.012185
-0.008750
0.004915
0.005916
0.002695
0.009971
0.012209
0.012706
-0.007110
-0.003508
0.012558
0.007590
-0.011422
-0.003215
0.006605
0.013349
0.004164
0.004410
-0.003363
0.006780
0.009908
0.014260
0.018155
-0.003772
0.015083
0.004088
0.004701
0.006938
0.010035
0.007724
0.009745
0.017434
0.012329
0.015155
0.017453
0.003806
0.008699
-0.005023
0.016051
-0.003172
-0.008012
0.001270
0.009066
-0.017153
0.014956
0.009318
-0.008500
0.005728
0.013127
0.010189
0.015337
0.007144
0.010672
0.007262
0.017563
0.010970
0.010082
0.020389
0.018613
-0.000560
0.013102
0.006446
0.011210
0.012038
0.010828
0.010145
0.006848
0.021118
0.020501
0.013074
-0.003505
-0.003631
0.009252
0.006719
-0.012792
0.014234
0.007311
0.021807
0.003050
0.006204
0.014217
0.014355
0.014996
0.014264
0.019346
0.000964
-0.006856
0.005042
0.017530
0.014275
0.017049
0.015710
0.001877
0.025383
0.001974
0.015987
0.010132
0.004278
-0.007324
0.012203
0.009938
-0.004802
-0.006710
0.008400
-0.002098
0.003641
0.002669
0.018261
-0.006472
0.024444
-0.008268
0.005514
0.006188
0.010226
-0.002696
-0.003535
0.010853
-0.000677
0.021601
0.009828
0.019091
0.009190
-0.004636
-0.006392
0.024105
0.009651
-0.001212
-0.012710
0.012488
0.008134
0.010426
0.006051
-0.010414
0.002346
-0.011127
-0.000049
-0.001276
0.005733
0.014121
-0.006610
0.001559
0.015366
0.009542
0.009870
0.012892
0.003670
0.006315
-0.011871
-0.007148
0.007479
-0.006711
0.002873
0.012089
0.008092
-0.006137
0.018587
0.003853
0.015575
0.010464
0.019015
0.012969
-0.013642
0.013721
0.001100
-0.011082
0.019525
0.006413
0.005823
0.007471
0.009199
0.006425
0.009531
-0.001488
0.011010
0.001024
-0.015884
0.005761
0.007255
0.025998
0.006150
0.018610
0.013171
-0.010100
0.001429
0.013811
0.017504
0.015983
0.007192
0.013595
-0.004737
0.011506
0.000167
0.001473
0.011199
0.023835
0.019336
0.003756
0.010096
0.005291
0.007291
0.010571
-0.012283
-0.010974
0.009146
0.006678
0.022058
0.006859
-0.003004
-0.010373
0.015144
0.022137
0.015080
0.014401
0.003898
0.005621
-0.000177
0.004730
0.010915
-0.012159
0.011932
-0.002693
0.012070
0.006739
0.000709
-0.001652
0.009798
0.001799
0.025288
0.000366
0.022038
0.011715
0.007611
-0.013674
0.007347
0.010854
0.006878
-0.012483
0.014558
-0.012755
0.005330
-0.007797
-0.009319
0.014490
0.000444
0.013856
-0.023261
0.011100
0.012634
0.004321
-0.011313
-0.010725
0.003281
0.012606
0.009678
-0.002038
0.004831
0.011705
0.015199
0.003471
-0.016238
0.003900
0.021418
-0.007057
0.013542
-0.000362
-0.010273
-0.004577
0.019167
0.013001
0.008433
0.021723
0.016877
0.003799
0.004947
0.007638
0.018681
0.013065
-0.004792
0.020337
0.002679
0.017341
0.014144
0.011993
-0.014687
0.009526
-0.011051
0.004610
-0.014324
-0.002110
0.013861
0.011407
-0.001919
0.013536
0.023104
-0.004879
0.019336
0.004743
0.003421
0.007569
0.013471
0.006409
0.014502
0.006205
0.003103
0.005406
0.006360
0.007057
0.011573
0.014291
0.014735
0.007054
0.017744
0.028064
0.015564
0.008012
0.011053
-0.013893
0.003307
-0.016584
-0.009817
0.016507
0.009772
0.017480
0.002237
0.005544
0.015782
0.014142
-0.000979
0.009010
0.011413
0.015805
0.005583
0.013793
0.009001
0.000307
0.021563
0.008026
0.012935
0.022326
0.010558
0.004466
-0.001894
0.000498
0.005823
0.022937
-0.009440
0.008921
-0.015427
0.012741
0.006208
0.022785
-0.011644
0.017695
0.011711
-0.019432
0.012995
-0.008201
-0.006637
0.008182
0.013900
0.011822
0.010310
0.018319
0.019438
0.005618
0.027601
-0.001700
-0.006535
0.011266
-0.015604
0.019855
0.012402
-0.004613
-0.005145
0.008483
-0.006113
0.010645
-0.007619
-0.003335
0.007450
-0.002588
-0.000720
0.015605
0.011146
0.013841
0.006377
-0.007705
0.017116
-0.008791
-0.013068
0.010605
0.002126
0.014146
0.020819
0.018021
-0.007861
0.009939
0.011022
-0.014761
0.015215
-0.002997
0.006587
-0.004097
0.021606
0.008861
-0.005843
0.010600
-0.019603
0.006552
0.010364
0.016065
0.003005
0.007544
0.015369
0.001293
0.008000
-0.003091
-0.000117
0.010459
0.004557
0.004944
0.015649
0.017443
0.006772
0.011968
0.009359
0.011060
0.015811
0.005372
-0.006068
0.023007
0.004153
0.010615
0.016652
-0.018477
0.015081
0.012409
-0.010734
0.004042
0.009738
-0.022110
0.014653
0.015620
0.004965
-0.000767
0.010964
0.008752
0.019297
-0.011458
0.006167
0.022096
-0.011853
0.004999
-0.010499
0.016206
0.005100
-0.005231
0.009033
0.013921
0.007029
0.012867
0.010426
0.020867
-0.005890
0.011280
-0.000629
-0.011759
0.007001
0.004294
0.018594
0.023699
0.018695
0.005702
-0.011008
0.007130
-0.006642
0.000561
0.004289
0.017533
0.003413
0.005095
-0.002504
0.001678
0.009072
0.011958
0.004427
0.018899
0.017662
0.004863
-0.002652
0.013061
0.011529
0.011914
-0.007348
0.020058
-0.000554
0.003115
0.000584
0.008297
0.012406
0.010725
0.013981
-0.003792
0.015119
0.008858
0.000771
-0.001215
-0.001539
0.010039
0.008421
0.019604
0.003719
0.006855
-0.015628
0.021550
0.017454
0.016793
0.017562
0.007643
0.012741
0.010177
-0.002519
0.009286
0.010720
-0.001695
0.010155
0.017522
0.017732
-0.008843
0.006806
0.003065
0.009554
0.006119
-0.001469
-0.009492
-0.006946
0.008312
0.012156
-0.006813
0.010359
0.009704
0.019080
0.011104
0.004978
0.013472
0.013905
0.007132
-0.007981
-0.000834
0.013160
-0.010600
0.001384
0.008064
0.012375
0.007212
0.018228
0.014813
0.016804
0.016670
0.012660
0.011503
-0.003082
0.019726
0.010777
0.014834
0.018175
0.010368
-0.012852
0.012651
0.009293
0.017772
0.016037
0.017740
0.000177
0.013072
0.018646
0.019424
0.011256
0.009993
0.019203
0.004846
0.009540
0.012770
-0.013928
0.025101
0.012310
0.005106
0.001587
0.010812
0.020664
0.019223
0.008142
-0.000645
-0.008069
0.006185
0.003289
0.015721
0.004321
0.009607
0.006543
-0.010610
0.005692
0.002626
0.006794
0.013245
0.011306
-0.003951
-0.008034
0.012669
0.015678
0.011780
0.012899
-0.015071
0.012022
0.014350
0.013312
0.017285
0.000489
0.020803
0.008884
-0.004670
-0.014766
0.015847
0.008636
0.000853
0.014791
0.002553
0.001640
0.003822
0.016410
0.015808
0.007725
-0.001654
0.014259
0.004542
-0.002263
0.005011
0.015691
0.010714
0.005033
0.012578
0.021144
0.021750
0.018021
0.010371
0.010899
0.001458
0.011699
0.006315
0.005277
0.005617
0.016152
-0.010384
0.003786
0.006620
0.011061
-0.016294
0.010149
0.008927
0.016773
0.020501
0.006883
0.000890
-0.008360
0.014314
0.006378
0.010434
0.012413
0.016705
-0.010575
0.007161
0.007138
0.000430
0.001908
0.002038
-0.015557
0.002763
0.011683
0.026834
0.008607
0.013550
0.007789
0.003249
0.022048
0.006099
0.004790
0.013894
0.005068
-0.006041
0.007813
0.007122
0.004768
0.003422
0.021014
-0.012077
-0.003209
0.010199
-0.000600
0.002489
0.014709
0.006513
0.000049
-0.006228
-0.011167
0.004392
-0.005174
0.001831
0.009369
0.002248
0.008650
0.016839
0.010018
0.012588
-0.018421
-0.002536
0.011569
-0.004469
0.009748
0.005005
0.017047
0.011570
0.016615
0.006581
0.005101
-0.000971
0.010838
0.013670
0.007523
0.010319
0.006917
-0.002406
0.006722
-0.016069
0.015604
0.011679
0.003902
0.016049
0.013468
0.011951
0.023564
-0.010749
0.016746
-0.009084
-0.005025
-0.013625
0.009141
-0.004227
0.009201
0.013633
0.010109
0.019515
-0.000171
0.017761
0.017563
0.007322
0.016860
0.019109
-0.001051
0.003523
0.015327
0.014548
0.014187
0.000800
0.006950
0.006982
0.004958
-0.010935
0.009114
0.010955
0.014509
0.005572
0.012671
-0.014564
0.013389
0.005778
0.007825
-0.006850
0.008352
0.013491
-0.009863
0.010604
-0.004715
0.005026
0.000597
0.012131
0.002153
0.006498
0.024852
0.009609
0.008860
0.009328
0.015162
0.011784
0.006121
0.015114
0.015770
0.010010
0.017364
0.019558
-0.006693
0.021716
-0.006318
-0.009047
0.014087
0.007502
-0.001763
0.014971
0.013406
0.013581
0.011774
0.015987
-0.009499
0.009678
0.015911
0.010106
-0.008438
0.008439
0.015050
0.008232
-0.011344
0.009544
0.014878
0.015707
0.007619
0.014633
-0.002731
0.018994
-0.006287
0.016299
0.013394
0.008702
0.012461
-0.016380
-0.002784
-0.003289
0.009669
-0.001367
-0.002061
0.009746
-0.000174
0.013733
0.006109
0.003008
0.018578
0.022343
0.010772
0.014340
0.010262
0.005351
-0.014738
0.011169
0.004846
0.010367
0.009630
0.001440
0.007652
0.019059
0.008384
0.018129
0.012782
0.013831
-0.004226
0.005168
0.008319
0.012533
-0.014941
0.010814
-0.014367
0.026005
0.006474
0.005837
-0.016646
0.018290
-0.002152
0.014818
0.000533
0.021957
-0.010770
0.000716
0.001871
-0.002634
0.016720
0.007367
0.009586
0.001363
0.008193
0.016247
0.009488
0.014206
-0.008294
0.019127
0.001761
0.019925
0.009204
-0.009088
0.005323
0.002943
0.010435
-0.007551
0.021139
0.008125
0.014463
0.006276
-0.019912
0.019681
