# 参数名称：backbone.features.3.conv.4.weight
# 参数形状：(144,)
# 参数数据类型：float32
# 参数值（保留6位小数）：
1.003768
0.989208
0.973488
0.987665
1.007384
0.991752
1.004409
1.008398
1.001934
1.002631
0.990527
1.003141
0.991544
0.974549
0.986405
0.993978
1.002794
0.988867
0.992571
0.994687
1.012982
0.987961
1.002736
1.019120
0.973126
0.984631
0.999064
0.974660
0.987728
1.020306
0.969803
0.999064
0.989150
0.996523
0.989253
1.001766
1.008777
0.998530
0.987396
0.997009
0.990702
1.000945
1.010815
1.005484
1.018710
0.983523
0.984738
1.009686
1.008232
0.984335
1.015788
1.002847
0.976616
0.978405
1.012864
0.990303
1.020847
0.991667
0.985260
0.980838
0.985313
0.998631
0.985787
1.009531
0.984411
0.990996
0.994537
0.998342
0.988894
1.002717
0.991812
1.007252
0.994189
0.990968
0.983448
0.992436
0.974802
1.004308
0.991393
1.000002
0.983340
0.984553
0.997070
1.011436
0.969151
1.004268
0.979966
0.978762
0.990895
0.992987
1.010846
1.007507
0.984255
0.985514
0.967654
0.981826
0.994205
1.018333
0.982901
0.989662
1.005185
0.983896
1.003219
0.983950
0.985586
1.004748
1.003375
1.006367
0.987366
0.982564
0.993406
0.988259
0.982471
1.012077
0.994461
1.011257
0.996985
1.007476
0.983213
1.002495
0.994179
1.006352
1.007035
0.981561
1.016002
1.000281
0.992253
0.998984
1.018722
0.981216
0.983719
0.994231
0.989330
0.989795
1.027813
0.996491
0.996228
1.023910
0.999213
1.003022
0.993727
0.983474
0.986614
0.992820
