# 参数名称：backbone.features.4.conv.4.weight
# 参数形状：(144,)
# 参数数据类型：float32
# 参数值（保留6位小数）：
0.999582
0.997312
1.001604
0.996410
0.995227
0.994484
0.990342
0.995403
0.990535
0.988407
0.988541
0.998798
0.993331
1.004401
1.000668
0.991595
0.994338
0.998395
0.985181
1.007745
1.002437
0.984647
1.002605
0.997414
0.994903
0.998489
0.997042
0.996217
0.998762
1.003297
0.990550
0.990689
0.996163
1.008202
1.002542
0.993546
0.988019
1.001021
1.003887
0.989278
1.007959
0.987565
1.007784
0.994087
0.995163
0.992665
1.000276
1.002931
0.984910
1.005175
1.003105
0.989670
0.988257
0.992495
1.001959
1.008611
1.004455
0.981326
0.988482
0.986806
0.997164
0.986284
1.000158
1.004112
0.993925
0.992118
0.991364
1.007766
0.990057
0.990930
0.991168
1.002447
0.998796
1.000736
0.991370
1.002428
0.993471
0.995189
0.990484
0.992122
1.002911
0.992152
0.992913
0.995812
0.985998
0.986360
1.006606
0.996326
0.988935
0.994269
0.992484
0.987487
0.994763
0.995384
0.993846
0.994124
1.009140
0.990452
1.001243
0.985959
1.011773
0.987713
0.983605
0.999467
1.007502
0.999405
0.997671
0.991351
0.992167
0.992013
0.991183
0.993021
0.993357
1.002659
0.986855
0.990573
0.995192
0.997439
0.983829
1.002336
1.003153
0.990408
0.990082
1.002376
0.997295
0.993242
0.993129
0.989118
0.995770
0.993627
0.990328
0.996787
1.004440
0.994202
1.004116
0.991039
1.001808
0.999437
0.996592
0.987066
1.000620
0.999241
0.994051
0.997373
