# 参数名称：backbone.features.6.conv.6.weight
# 参数形状：(32, 192, 1, 1)
# 参数数据类型：float32
# 参数值（保留6位小数）：
0.333968
0.083936
-0.093188
-0.215663
0.047082
0.051084
0.056944
-0.111813
0.440374
-0.029218
-0.094916
0.490793
0.095905
0.163969
-0.204621
-0.359739
-0.195793
-0.071792
0.164695
0.216147
-0.258822
-0.188613
0.168815
-0.396664
0.352694
-0.490239
0.253213
0.064719
-0.184204
-0.331740
-0.063005
-0.222948
0.334504
-0.251532
-0.160073
0.480103
0.398778
-0.166028
-0.117853
0.132518
0.107018
-0.410782
0.327059
-0.150343
0.332701
0.008725
-0.006529
-0.175475
-0.081199
-0.502896
0.390448
0.173983
0.107869
0.266703
0.028769
-0.271012
0.055631
0.092715
-0.001621
-0.137045
0.205853
0.386525
-0.028723
0.151991
-0.264142
-0.126993
-0.079042
-0.109402
-0.463025
0.052776
0.492278
0.317624
0.473153
-0.001286
-0.023181
0.121432
-0.432815
-0.007143
0.329140
-0.519965
-0.241093
0.269700
0.279430
0.171985
-0.097847
0.410320
0.226358
-0.012991
0.391665
0.179472
0.291328
-0.187724
0.094654
0.217935
-0.024002
0.029214
-0.020671
0.345180
0.323233
-0.081168
-0.042574
0.304145
-0.038330
-0.198342
-0.064808
-0.051887
-0.110668
0.036500
-0.116085
0.008693
0.207099
-0.306579
-0.081391
0.358554
-0.374760
-0.105368
-0.333322
-0.126150
0.029289
0.064656
0.759769
0.365420
0.097268
-0.090706
-0.201663
-0.246516
0.227107
0.254416
0.071083
-0.245518
-0.176291
0.033369
-0.125272
0.267853
-0.029498
-0.040124
0.040219
-0.455550
-0.026893
0.153508
0.182401
0.027755
0.078840
0.390793
-0.159220
-0.313041
-0.082041
0.333733
-0.441106
-0.007094
-0.014433
-0.382327
0.162442
-0.092268
-0.276383
-0.151090
-0.095119
0.077190
-0.086034
-0.382653
-0.159169
-0.513494
-0.617206
-0.007231
-0.228814
-0.008182
0.034038
-0.205805
-0.131204
0.079618
0.002563
-0.201455
-0.302259
-0.020425
-0.177274
-0.023261
0.124964
0.137016
0.096300
0.222577
-0.253451
0.462433
0.114546
0.087920
0.032077
-0.352855
-0.191274
0.205432
-0.235168
0.274266
-0.403938
-0.022615
-0.213214
-0.215367
0.167457
0.385065
0.469477
0.094989
-0.152547
-0.102551
-0.457113
0.398728
-0.152990
0.310886
0.077509
0.327789
0.060752
0.291945
0.084341
-0.009290
0.247364
0.204181
0.093321
-0.305110
-0.224277
-0.159116
0.306011
0.135155
0.191145
0.394334
-0.014174
-0.033759
-0.253765
0.120545
0.144744
0.162215
-0.105686
-0.079549
0.035967
-0.147706
0.208888
-0.266395
0.286769
-0.589529
-0.014023
0.018276
-0.490558
0.017055
-0.408074
0.227697
-0.218565
-0.082086
-0.058874
-0.196674
-0.058610
-0.027353
-0.420779
-0.408735
0.159672
0.421311
0.242744
0.146439
-0.429571
-0.254477
-0.232863
-0.051706
0.229721
0.401783
-0.206975
-0.096019
0.148775
0.322307
-0.017747
0.124420
-0.072955
0.168021
0.518346
0.338915
0.549533
0.187477
-0.129835
-0.096039
0.030927
-0.175041
0.006613
-0.136825
0.639457
-0.156632
0.336103
-0.034243
0.119762
0.195325
-0.137831
0.271686
-0.288655
0.393030
0.063196
-0.041609
0.496672
0.039024
0.086995
-0.410029
0.181187
0.342304
0.432200
-0.346462
-0.066992
0.036682
-0.192764
0.548168
0.502372
-0.149819
-0.154161
-0.092635
0.293420
0.059600
-0.207921
0.228854
0.063781
0.090880
0.106359
-0.121103
-0.012360
0.243391
0.114385
0.387155
-0.162486
-0.404388
-0.363734
-0.130285
-0.020874
-0.047106
0.304142
-0.413851
0.032185
0.207536
0.225732
0.105926
-0.050134
0.023367
-0.165004
-0.119179
0.220765
-0.155807
0.252654
0.213097
0.113416
-0.293113
-0.121052
-0.027274
-0.040199
-0.127017
-0.120296
-0.179345
-0.188021
0.081323
-0.150618
0.154645
0.083754
0.443448
0.161614
0.103243
-0.436952
-0.350151
-0.310364
0.074098
-0.131330
-0.296345
0.118691
0.306567
-0.032852
0.018314
0.081554
0.256541
0.060715
0.320738
-0.389027
0.226515
-0.093140
0.258356
0.236063
0.751647
-0.141911
-0.413731
-0.161827
0.063791
0.022869
-0.050634
0.023943
0.295167
0.521374
-0.140816
-0.034436
0.297061
-0.191395
0.095523
0.008620
-0.037889
0.344710
-0.002492
-0.146342
0.218025
-0.620571
-0.008407
0.442056
-0.093501
0.177875
0.075367
0.041712
0.010466
0.093611
-0.323126
-0.219607
-0.166438
0.643195
-0.158042
0.184645
0.293479
-0.214771
-0.552037
0.297924
-0.110605
-0.266648
-0.012334
0.109951
-0.131625
-0.166432
0.024576
-0.078149
-0.303802
0.024655
-0.423053
0.290577
0.013912
-0.229898
-0.004373
0.025357
-0.093837
-0.616261
-0.006741
-0.287940
0.014830
0.329354
-0.129915
0.097705
-0.085697
-0.199847
0.182145
0.239141
0.102754
0.197319
0.132395
-0.302415
-0.094156
0.332016
0.395964
0.164277
0.131584
0.097471
-0.325540
-0.252616
0.105608
-0.032557
0.030411
0.070792
-0.068726
-0.451964
-0.161854
-0.218645
-0.092719
0.296675
0.118172
0.284731
-0.109689
-0.015966
-0.616924
0.377948
0.183821
-0.559999
-0.039593
0.035033
0.235512
0.589245
-0.113931
-0.015737
0.026949
-0.187843
-0.035534
-0.171319
0.251354
0.491949
0.156951
0.338958
-0.146312
0.586859
-0.200647
-0.175933
-0.021063
0.079782
0.157480
0.108796
-0.406057
-0.216450
-0.322707
0.011580
0.234691
0.136443
0.354180
-0.584440
0.418211
-0.217442
-0.001104
0.004086
-0.135009
-0.097058
0.125429
0.252515
-0.103171
-0.019386
-0.421333
0.526976
-0.155379
0.204314
0.195265
0.008337
0.132845
-0.123791
0.086344
0.095323
-0.365187
0.270686
0.005476
0.265916
0.236074
-0.053145
-0.542519
0.369042
-0.175502
-0.062118
-0.196119
0.122136
0.308010
-0.023275
0.246679
-0.047672
-0.380867
0.333905
0.121168
-0.510119
0.108478
-0.013495
0.078923
-0.011312
0.072881
0.454449
-0.157546
0.300130
0.254733
0.148558
-0.296112
0.002301
-0.230277
0.171851
-0.084066
-0.374560
0.264976
0.027117
0.259572
0.350576
0.227327
0.318163
-0.065737
0.045736
0.399852
0.120197
0.086507
0.335973
-0.033260
-0.217941
0.142254
0.049342
0.489276
0.349816
-0.459751
0.599507
0.334183
-0.216772
-0.443383
-0.113502
-0.462846
-0.297608
-0.498585
0.356715
0.182178
0.212796
-0.282820
-0.071506
-0.242863
0.263219
0.190902
-0.052640
-0.007888
0.125558
0.101775
0.159817
0.025889
-0.088852
0.084708
0.379952
-0.217411
-0.175688
-0.257017
0.809214
-0.085848
-0.202719
0.007945
-0.248391
-0.002035
-0.084487
-0.067749
-0.004303
0.084376
-0.097926
0.395896
0.093007
-0.299599
0.151168
-0.590700
-0.004972
-0.202699
-0.026688
-0.001838
0.384000
-0.110038
0.294173
-0.120114
0.313951
0.280092
0.120557
-0.140063
0.206022
-0.163971
-0.197122
0.167351
0.264344
-0.555762
-0.248177
-0.301755
-0.151732
-0.149867
0.134133
-0.121905
0.118168
0.020742
-0.078123
0.054049
0.185204
-0.011737
0.204873
0.235180
-0.021056
0.135138
0.030271
0.355219
-0.168000
-0.098202
-0.011437
0.285719
-0.255472
0.043340
0.007869
0.151890
-0.133660
0.395516
-0.341900
0.125593
0.211932
-0.182991
0.230160
-0.061003
0.002319
0.178378
-0.077603
0.083672
0.225262
-0.125812
0.221874
-0.375260
-0.300273
0.091697
0.091837
-0.351001
0.306204
0.389398
-0.012782
-0.047325
0.326535
0.068478
0.513303
-0.081477
0.179619
0.361665
-0.218311
-0.341321
0.196261
0.009557
0.030371
-0.101204
-0.217157
0.088675
0.131024
-0.113678
0.191971
0.244275
-0.068575
-0.031288
0.555289
-0.004720
-0.105449
-0.333819
-0.192244
-0.056294
-0.146706
0.046071
-0.093166
-0.070042
-0.189869
0.165120
-0.110782
-0.261909
0.386321
-0.053058
0.149949
-0.491393
-0.027354
-0.393049
-0.058427
0.155362
0.466337
-0.172270
-0.223269
0.184139
0.359993
-0.194191
0.096322
-0.165420
0.079815
-0.077004
-0.522788
0.057949
0.305610
-0.348208
-0.236086
0.212117
-0.305915
-0.221088
-0.111597
-0.000612
-0.258683
0.137816
0.422085
0.141128
0.049689
0.088060
-0.412612
-0.272693
0.249684
-0.162973
0.253853
-0.389941
-0.090519
-0.346461
0.220979
-0.003474
-0.209125
-0.027996
0.158670
-0.106365
0.335239
0.380348
-0.287195
-0.111914
0.130097
0.239868
0.038386
0.054136
0.321173
0.057186
0.025765
-0.164980
0.052988
-0.419313
0.137489
-0.032686
0.520236
0.519407
0.136605
-0.090786
-0.090590
-0.374873
0.301085
-0.095901
0.198856
0.159787
-0.344933
-0.078263
-0.110885
-0.005322
0.041008
-0.372089
0.287474
-0.266703
0.256133
-0.086767
-0.418813
-0.137999
0.074390
-0.526044
0.055990
-0.156177
0.000744
0.136305
0.143871
0.453191
0.038528
0.480891
-0.405257
0.024611
0.177937
-0.477449
-0.149050
0.415540
-0.747061
-0.022029
0.237054
-0.030604
-0.197774
-0.037997
0.021672
0.022288
-0.298780
0.118148
0.306339
-0.751788
0.263281
-0.240550
0.147436
0.216793
0.026321
0.121772
-0.128423
-0.345982
0.250174
0.282670
-0.083901
0.420698
-0.684449
0.218412
-0.092624
-0.053366
-0.449776
0.166989
0.168670
-0.021812
-0.246411
0.093108
0.133768
0.082431
-0.096107
0.101558
0.119536
-0.446711
-0.185565
0.201719
-0.038985
0.357660
0.240651
0.013075
0.340641
0.017427
-0.495619
-0.328873
-0.100170
0.095992
0.082573
0.031766
-0.183295
-0.509969
0.232780
0.012266
0.342164
-0.281602
0.316778
0.019612
-0.001793
-0.258704
0.213535
-0.159991
-0.175179
0.075617
-0.177285
0.053716
0.193886
-0.138711
-0.079718
-0.273514
0.076765
0.101048
0.351450
0.040833
0.105191
0.385619
-0.215175
0.242044
0.008964
0.021377
0.228226
0.132167
-0.006610
0.367323
0.314960
0.064413
0.162179
0.062759
-0.043939
-0.024778
0.300672
-0.048182
-0.148710
0.042248
0.073146
-0.491406
0.344235
-0.061541
0.033730
0.144023
0.205282
-0.389877
-0.218561
0.397328
-0.040944
0.169223
-0.456851
0.033049
-0.280434
-0.459294
-0.126951
-0.151131
-0.282994
0.093882
-0.198108
-0.000396
0.101009
0.082405
0.262200
0.451401
-0.022868
0.075087
0.286662
0.338519
-0.015042
0.469319
0.244887
-0.521978
-0.314481
-0.230379
0.171589
0.225709
0.191980
-0.313083
-0.174630
-0.271345
-0.346410
0.141259
-0.190527
0.516302
0.435251
0.078684
0.151399
0.176453
0.077329
-0.240695
0.161416
-0.090511
-0.390257
0.523075
-0.035598
-0.035857
-0.055740
0.117700
0.001370
0.452792
-0.223649
-0.409181
0.085250
-0.141667
0.212111
-0.145165
0.089571
0.013865
0.078102
0.145840
0.088688
-0.054081
0.187433
-0.152899
0.175896
-0.019644
-0.266445
0.050683
0.015331
0.204068
-0.047207
0.225967
-0.129136
0.150346
0.267708
0.296737
0.091524
-0.280448
0.335139
0.013729
0.351222
-0.033622
0.210021
-0.110103
0.033389
0.087095
-0.439949
-0.493162
-0.108501
0.701926
-0.121245
0.015384
0.176729
-0.207927
0.039761
0.103503
-0.192588
-0.164380
0.070520
0.380957
-0.216710
-0.183663
0.023520
0.328929
0.071583
0.333256
-0.419918
-0.119508
-0.135491
0.049129
-0.261378
0.560051
0.025953
0.142237
0.543208
0.428715
0.146909
0.205823
0.250258
-0.012739
0.204471
-0.198500
-0.045355
0.496806
-0.040331
0.122538
0.113780
-0.312298
0.097840
-0.128869
-0.136269
-0.036478
-0.104247
0.095742
-0.214823
0.510733
-0.137975
0.244116
0.500839
0.354075
-0.010646
0.011213
0.359115
-0.074740
-0.132879
0.099354
-0.236741
0.237915
-0.154285
-0.014379
-0.238203
-0.232720
0.100411
-0.345749
0.097478
-0.247519
0.049605
0.160632
0.089245
-0.219280
-0.338824
0.208759
0.081960
-0.125170
-0.003524
-0.209593
0.070375
0.411428
0.269967
0.167679
-0.027365
-0.653828
-0.071096
-0.742863
0.014155
0.196182
-0.188864
0.041792
-0.115481
0.201907
0.301810
0.106040
0.211098
-0.090022
-0.456555
-0.160181
0.485750
-0.403284
-0.320428
0.154535
-0.691504
-0.373615
-0.001315
0.025853
-0.380888
-0.316371
-0.006012
0.051406
-0.010524
0.043159
0.065167
-0.048187
0.208405
0.457111
-0.193133
0.014423
-0.543215
0.069532
-0.139261
0.099682
-0.001447
0.111734
-0.141053
0.573606
0.042191
0.137727
-0.127481
0.124777
-0.168910
-0.243181
-0.223646
0.190658
-0.003723
-0.144971
-0.144393
0.275065
-0.272751
0.012310
-0.199576
0.181729
0.017852
0.129784
0.322375
-0.052070
-0.219680
0.141226
0.224655
-0.401200
-0.162480
0.294381
0.051451
0.193030
-0.031423
-0.246389
-0.001891
-0.087286
-0.514438
-0.126633
0.508004
-0.417938
-0.051641
0.433539
-0.168764
0.157906
0.140672
0.425643
-0.095393
0.128928
0.224437
-0.119336
-0.086829
0.124982
0.196255
0.178774
-0.059895
-0.024597
0.258492
0.417103
-0.088747
0.313323
-0.265855
0.182289
0.485192
0.084843
0.002327
0.026220
0.074318
0.138271
-0.172615
0.273469
0.079430
-0.221041
-0.342291
0.360965
-0.259917
-0.243559
-0.028750
0.115244
-0.562884
-0.436518
-0.304505
0.220261
-0.465821
0.197292
-0.354334
0.053218
-0.410622
-0.419753
-0.150848
0.413373
0.164294
0.004659
-0.076620
0.049964
0.580328
0.015054
0.015575
-0.482104
0.114149
0.027211
0.379738
0.208156
0.109146
-0.021769
0.175561
0.226738
0.568136
0.150475
0.053305
0.026782
-0.155631
0.389242
0.040036
-0.153245
-0.171313
0.162656
0.581302
-0.159602
-0.468484
0.004460
-0.219808
-0.375350
-0.417425
-0.265511
0.140945
-0.076971
-0.072355
-0.197337
-0.185398
0.486343
0.044832
-0.076030
-0.166529
0.287826
0.204963
-0.113409
-0.055392
-0.112106
0.146898
-0.262479
-0.141232
0.128101
0.041586
-0.046492
0.087076
-0.042246
0.117431
0.229784
-0.065677
-0.248291
-0.134884
-0.096843
0.118062
0.354047
0.028709
0.257664
0.200726
-0.090391
0.433638
-0.104836
-0.156855
-0.314500
0.015584
-0.538568
0.234643
0.086755
-0.294942
-0.239584
0.053115
-0.194281
0.132579
0.344001
-0.569342
-0.305641
0.023786
-0.383228
0.192041
-0.061223
-0.409080
0.231799
-0.156830
0.207035
0.003200
-0.068364
-0.051739
-0.230741
-0.100566
0.102075
-0.142455
-0.275130
0.408817
0.036410
-0.208201
-0.013710
-0.024275
-0.455768
0.215194
-0.236746
-0.678722
0.144432
0.315649
0.128979
0.164936
0.072232
0.300797
-0.110224
-0.108621
-0.257066
-0.117657
-0.005733
-0.095732
-0.092996
0.364983
0.062634
-0.104191
-0.343272
-0.205301
-0.449102
-0.283462
-0.229212
0.053274
0.047838
0.311920
-0.759897
-0.207648
-0.094167
-0.060369
0.099186
-0.116066
-0.050416
0.100386
0.084406
0.235562
0.015340
0.030820
0.349307
-0.147351
-0.148946
0.113108
0.116717
0.011404
0.197595
0.164069
0.047340
-0.354799
-0.262784
-0.047393
0.173064
0.200416
-0.064788
0.014982
-0.134951
0.258463
-0.009754
0.132857
0.065677
0.010639
-0.341395
0.296205
-0.402718
0.234867
0.114087
0.382855
-0.097950
-0.333111
0.123744
0.168257
0.018345
-0.046620
-0.127497
0.021679
0.107154
-0.052289
0.401693
0.112626
0.201951
-0.199641
-0.323028
-0.050560
0.307787
0.266705
0.097987
-0.109412
-0.297894
-0.162988
0.120340
-0.304853
-0.309532
0.168810
0.106758
-0.338986
-0.133600
0.191087
-0.226797
-0.272809
-0.104916
-0.164457
-0.098562
0.428480
0.167003
-0.221091
0.279694
0.452064
-0.126148
-0.499937
0.086282
0.290171
-0.080794
0.003555
-0.381258
0.080492
-0.152054
-0.153875
-0.225913
0.085184
0.226345
-0.004375
-0.098827
0.013250
0.440196
-0.465291
-0.353386
0.033598
0.074094
-0.281105
0.188007
-0.060341
-0.078301
0.303266
0.130348
-0.020175
0.439191
0.224452
0.522137
0.013842
0.001760
-0.247484
0.269823
-0.036629
0.187043
-0.110685
-0.059779
-0.256489
-0.256194
-0.063213
0.059470
0.395720
-0.074193
0.371679
0.015210
-0.075605
0.082058
-0.093254
0.634295
-0.116942
0.372987
-0.126168
0.066288
0.203353
0.104380
0.021339
-0.438208
-0.465160
-0.079653
0.155828
-0.610692
-0.151366
0.228207
-0.155253
-0.366298
-0.061656
0.738368
0.174910
-0.224855
-0.238289
-0.121760
-0.496031
0.565936
-0.152568
0.086054
-0.242918
-0.286208
0.064785
-0.309861
-0.070526
-0.137514
-0.517252
-0.423128
0.204215
-0.522301
-0.121899
-0.193606
0.177329
0.049108
-0.138273
0.121149
0.007638
0.179870
-0.511364
-0.619634
0.162813
-0.237616
0.250567
0.293762
-0.362309
-0.014949
-0.237392
-0.083768
-0.304957
-0.240477
0.366432
-0.027634
0.395832
0.042381
-0.076581
-0.329997
-0.111198
-0.232144
-0.299804
-0.109579
-0.238059
0.149326
-0.246854
0.069472
-0.041776
0.300136
0.019784
-0.149818
-0.261550
0.259865
0.178782
0.061064
0.336059
-0.225348
0.393368
0.174286
0.102841
-0.076975
-0.320304
-0.125317
0.162792
0.089084
0.062980
0.086478
-0.084546
-0.180074
0.072039
0.528248
-0.141965
-0.244208
-0.115212
-0.092921
0.312432
-0.382630
-0.366402
-0.542726
-0.001721
0.092921
-0.013812
-0.173657
0.170140
-0.127443
-0.169735
0.316413
-0.326634
-0.205578
0.500628
-0.371639
0.101047
0.038675
0.099439
-0.161238
-0.216642
-0.623247
-0.134449
0.075220
-0.298374
0.025275
-0.146938
-0.011924
-0.005748
-0.091818
0.136223
-0.373198
0.345165
-0.190739
0.270746
-0.347648
0.119304
0.077564
0.007302
-0.017107
0.245635
0.329298
-0.176350
-0.298930
-0.348351
0.412356
-0.494575
0.045569
0.335417
0.218458
-0.408784
0.241478
0.123678
-0.075774
-0.671583
0.072499
-0.058636
0.013916
-0.251860
-0.084699
0.185530
0.252398
0.209275
0.258183
0.282111
0.386930
-0.243249
-0.053331
-0.254784
-0.203822
-0.168518
0.038543
-0.074700
0.251181
-0.110412
-0.094221
-0.470625
-0.301027
0.250267
-0.008873
0.184002
-0.016599
-0.739291
-0.344561
-0.052242
0.211431
0.217758
-0.500121
-0.383669
0.263521
-0.116708
-0.367213
0.004553
0.439454
-0.046798
0.105977
-0.021701
-0.016142
-0.424858
0.364147
0.373060
-0.110711
0.194325
0.266774
-0.129991
-0.468158
-0.060792
0.110329
0.175162
-0.011249
0.250578
0.535868
-0.025931
-0.159519
-0.322156
0.062527
0.165892
-0.056257
-0.316961
-0.257197
0.006306
-0.258694
-0.000884
0.437675
-0.101615
0.526741
0.118088
-0.317589
0.096179
-0.147453
0.116096
0.037217
0.190503
0.300961
-0.173687
-0.113839
-0.279886
-0.111156
0.411459
0.249159
0.204654
0.249980
0.067966
-0.358746
-0.234343
-0.253967
0.260640
-0.464794
-0.011263
0.004968
-0.006789
0.215375
-0.538719
0.028027
0.172072
0.280137
0.076879
-0.180019
0.141543
0.343492
0.416234
-0.208416
0.392996
0.521313
-0.186299
0.031025
-0.011806
-0.303090
-0.226202
0.196624
0.280042
0.061382
0.537806
0.217966
-0.024939
-0.065434
0.265703
0.145728
-0.140972
-0.285637
0.124661
0.202000
-0.180243
-0.004687
-0.196156
0.171996
0.443835
0.312853
-0.071647
0.133415
0.077818
0.284992
0.276932
-0.350524
0.105052
-0.412686
0.103724
-0.354256
-0.440381
0.255845
0.052868
0.293908
0.359432
-0.086534
-0.168829
0.525668
-0.052835
-0.266849
0.031247
-0.712668
0.531950
-0.670206
-0.142297
-0.516857
-0.083335
0.147003
0.056259
0.026275
-0.423290
-0.337821
0.367251
0.092810
0.086090
0.214345
-0.367719
-0.018733
0.175650
-0.214123
-0.113292
0.004317
-0.369266
0.079683
-0.043321
0.299933
0.510477
0.000475
0.245848
0.123566
0.140757
0.108122
0.342394
0.134647
0.072078
0.164156
0.031487
-0.013235
-0.122239
-0.049634
0.471160
-0.121574
-0.193899
0.213179
0.068478
-0.241965
0.347036
0.102375
0.251957
0.173341
-0.188198
0.205275
-0.201092
-0.062604
-0.293456
-0.180770
0.221140
0.223069
0.178187
0.031468
0.242627
-0.290958
0.291805
-0.032196
-0.062507
0.116739
0.235716
0.010879
0.212903
0.409470
0.262561
0.146473
-0.108080
0.104429
-0.012619
0.086258
-0.181067
-0.171074
0.259904
0.355230
0.236447
0.150390
-0.300759
-0.484181
-0.323461
-0.094834
-0.077313
-0.000353
-0.010314
0.246955
-0.274773
-0.378922
0.238948
-0.262574
0.194763
-0.457389
-0.193347
0.361815
-0.111597
-0.002633
0.196536
0.102506
-0.086375
-0.334586
0.074420
0.654921
-0.205478
-0.072048
-0.082041
0.249457
-0.170410
-0.253602
0.546912
-0.032515
0.387719
0.456293
0.172622
0.190242
0.177009
0.226456
-0.287323
0.410694
0.335281
-0.223684
0.481898
-0.226713
0.148365
0.085599
-0.252122
-0.333357
0.074647
0.230587
0.408290
0.232883
0.268298
0.181473
-0.144256
-0.018558
-0.223714
-0.293319
-0.250197
-0.218266
-0.124902
-0.084946
-0.023450
0.007938
-0.226402
0.048940
0.145666
-0.189225
-0.346060
0.370224
0.060765
-0.279187
-0.182929
-0.136944
-0.540880
0.550717
0.189740
0.359564
-0.299989
0.358435
0.185438
-0.025827
-0.059692
-0.191224
-0.248742
0.616728
-0.049890
0.256081
0.050358
-0.158535
-0.295272
0.101451
0.469801
0.286754
-0.142302
0.175415
0.144427
-0.187302
0.203816
0.000673
-0.652696
-0.395890
0.060241
-0.259893
0.480968
0.188053
-0.278252
-0.053487
0.360725
-0.086770
-0.002454
0.225669
-0.317625
0.165333
0.531081
-0.122309
0.313381
0.274133
0.029640
0.197358
0.017617
0.044742
-0.161640
-0.164642
-0.120419
-0.023871
-0.004794
-0.136866
0.193230
-0.186936
0.030995
0.151275
0.101279
0.108939
0.080202
-0.209854
-0.145493
0.398188
0.009491
-0.241622
0.385356
-0.086321
0.461056
0.220793
0.126489
0.246005
0.445843
-0.127307
0.491437
0.103894
-0.101342
-0.177095
0.284460
0.237850
-0.334381
0.057421
-0.525251
-0.059473
0.137128
0.045111
0.009157
0.210553
-0.120757
-0.037013
-0.202504
-0.271717
-0.542310
-0.081232
-0.042663
0.224354
-0.023792
0.446402
0.249500
-0.210745
0.337261
0.053464
0.261117
0.000817
0.295335
-0.152749
-0.241169
-0.229163
-0.261627
0.023020
0.018425
-0.006661
-0.165013
-0.052570
-0.299984
-0.263233
0.145037
-0.084373
0.148896
0.001037
0.058415
-0.375116
0.240234
0.126967
-0.191586
-0.168654
-0.080729
-0.435824
0.146272
0.005587
-0.303059
0.036385
-0.672202
0.207712
-0.024565
-0.097683
0.196405
0.165135
-0.426115
-0.043068
-0.217136
-0.064890
-0.226096
0.382444
0.086131
-0.464267
0.201659
0.323000
-0.183359
0.243772
0.054293
0.089807
-0.046464
-0.085397
-0.168404
0.136158
0.545348
-0.258915
0.137656
0.007046
-0.175821
-0.046387
0.359003
-0.284039
-0.310410
0.011108
-0.251077
0.037676
-0.178344
0.165833
-0.014192
-0.129166
0.149429
0.162120
0.088045
0.274462
0.087623
-0.071587
0.533293
0.048477
-0.054122
-0.115875
0.192875
0.302274
0.083623
-0.028709
-0.036440
0.500591
0.149664
0.342012
0.074560
-0.029418
0.186185
-0.327989
-0.080078
-0.176823
-0.220680
0.176842
0.183001
0.384627
0.087718
-0.182321
-0.197312
-0.188881
-0.058838
0.114373
0.174161
-0.032623
-0.428508
-0.290131
0.086029
-0.118913
0.171287
0.161894
-0.261653
0.012972
0.222300
-0.328796
0.075476
-0.006229
0.027732
-0.105170
-0.148099
0.410156
0.069374
-0.059223
0.250746
-0.038003
-0.022011
-0.227252
-0.263370
0.069555
-0.230796
-0.421315
0.167022
-0.092825
-0.038741
0.426058
-0.141923
0.045830
-0.193723
0.024241
0.097104
0.096207
0.088600
0.259437
-0.110092
0.293181
-0.064773
0.341873
0.106515
0.065165
-0.153320
0.047383
0.285362
-0.301212
-0.100307
0.500553
-0.016032
-0.059873
-0.550903
0.227132
0.166657
-0.086637
-0.143904
-0.090086
0.096127
0.312858
-0.344725
0.125123
-0.023257
-0.049906
0.291916
0.356871
0.329903
0.225788
-0.254907
0.048668
-0.287244
-0.009601
0.055956
0.263278
0.253041
0.150128
0.219472
0.256688
-0.112052
0.020444
0.268922
-0.336104
0.166898
0.006034
0.102882
-0.036359
-0.012921
-0.611734
-0.262081
0.110506
-0.071061
-0.193325
0.539884
0.149880
-0.345218
0.135996
0.149658
-0.146487
-0.014371
-0.490247
-0.221511
0.116366
-0.078943
0.231066
0.156264
-0.254621
0.084001
0.621424
-0.104809
-0.313077
-0.315023
0.300825
0.251397
-0.224112
0.062907
0.229710
-0.127770
0.674666
0.199769
-0.048004
0.291885
-0.004506
-0.065648
-0.129756
-0.012132
0.000772
-0.295504
0.104044
-0.526888
-0.166219
0.497223
-0.265510
-0.166660
-0.105963
-0.348515
-0.159051
0.502006
-0.321253
0.041883
-0.096772
-0.003464
-0.053626
0.082235
0.070432
0.127766
-0.054718
-0.149728
-0.129472
0.082349
0.550643
-0.685720
0.641479
-0.103523
0.180380
0.240796
-0.138494
0.157375
-0.017940
-0.223761
-0.022329
0.418668
0.171389
0.046823
-0.177194
-0.123054
0.185558
-0.322730
-0.487099
-0.424668
-0.192242
-0.020031
-0.175453
0.401810
0.069001
-0.036325
-0.186595
-0.017383
0.034234
0.085974
-0.583534
-0.311699
0.364542
-0.113990
-0.406646
-0.181255
-0.261575
-0.276002
0.054711
0.236972
-0.095560
0.010423
0.351327
-0.026635
0.026005
0.183613
0.019120
0.413601
0.164197
0.552969
0.003266
0.115418
0.068546
-0.161718
-0.397532
0.423365
-0.092803
-0.198472
0.310195
0.169413
0.597512
-0.276858
-0.026752
0.069290
0.115973
0.378942
0.467083
-0.204286
0.413457
0.238363
0.401394
-0.280374
0.445699
0.372370
0.059131
-0.406841
-0.035762
-0.191436
0.144577
0.543339
0.170402
0.179355
0.145558
-0.206329
-0.061053
0.129979
-0.122843
0.153969
0.125497
0.265464
-0.200234
-0.104218
0.174556
-0.356015
-0.209518
-0.376795
-0.098305
0.180099
0.210358
0.188352
0.226235
-0.177825
-0.212361
-0.505443
-0.399651
-0.100072
0.148428
0.076829
0.278686
0.015092
0.480280
0.087280
0.166566
0.144785
-0.070802
-0.133477
-0.250463
-0.370410
0.085902
-0.337233
0.159523
-0.187897
0.279051
0.114160
0.030611
-0.183196
-0.044691
0.150010
0.088859
0.315332
0.079005
-0.271646
-0.246319
0.140874
0.106880
0.068907
-0.153598
-0.229952
0.017337
0.084090
-0.320905
0.229867
0.042112
-0.320702
-0.098631
0.035938
-0.308318
0.143345
0.114347
0.077205
0.017503
-0.253247
-0.001684
0.115893
0.191674
0.194704
-0.262648
0.133050
0.289624
-0.008243
0.221227
0.153572
0.006444
0.332304
0.074949
0.267393
0.184427
0.317995
0.560514
-0.222088
-0.171686
0.220215
0.220173
0.185081
0.038328
-0.212613
0.171539
0.377669
0.318539
-0.206422
0.318772
-0.392047
0.285290
-0.095481
-0.117223
0.055845
-0.032647
0.238950
-0.240674
-0.039457
0.037554
0.119580
0.180859
-0.239686
0.200572
0.348797
-0.268782
0.234469
0.177246
-0.050230
-0.179516
-0.484265
0.086060
0.217108
-0.148290
-0.123766
-0.002731
0.293336
-0.138209
0.221865
0.406861
-0.058808
-0.009136
-0.014211
-0.079477
0.298439
-0.043987
-0.083888
-0.005393
0.186468
0.002275
0.098745
0.351946
-0.428736
-0.255671
0.099889
0.035380
0.326809
-0.095419
-0.211700
0.501575
0.177015
0.293217
-0.115054
-0.097837
0.206940
-0.267510
-0.493030
-0.069727
-0.242155
-0.188006
0.059609
-0.135319
0.081464
-0.473863
0.270690
-0.055316
-0.048431
-0.044703
-0.146314
-0.533847
-0.043627
0.169339
0.000574
-0.137193
-0.165237
0.711016
0.394458
-0.250552
0.319973
0.252395
-0.034229
-0.052421
0.221123
-0.161626
-0.048570
0.435006
-0.196484
-0.041846
0.155680
-0.073285
-0.187223
-0.560318
0.204704
0.193066
-0.281961
0.155239
0.455845
-0.313032
-0.084759
0.044685
-0.317886
0.343549
-0.039070
-0.313721
-0.101953
-0.582619
0.013571
-0.133565
0.130023
-0.185183
-0.110619
0.007078
0.226959
0.303908
-0.104616
-0.002623
0.073525
0.120467
-0.132569
-0.173453
-0.171652
-0.167239
0.624184
-0.127552
0.138539
0.086536
-0.335312
0.099575
0.262106
-0.021244
0.007199
-0.194513
0.273367
-0.078404
0.006235
0.062309
0.279189
-0.016097
-0.253899
0.454418
0.251978
0.153404
0.239667
-0.113127
-0.213469
-0.115963
-0.337534
-0.270620
0.225903
-0.073582
-0.230829
-0.087991
-0.030364
0.084531
0.141295
-0.016440
-0.317831
-0.209029
0.006828
-0.427534
-0.180937
-0.172698
-0.241513
0.192829
-0.146270
0.173738
0.362072
0.215921
0.059119
0.092203
0.103764
-0.025325
-0.168253
0.182922
-0.160379
0.085221
0.725801
-0.184191
-0.238707
0.140708
0.307979
0.212104
-0.077566
0.083207
0.095648
0.094140
-0.366592
-0.708010
0.209581
0.064667
-0.367775
0.344647
0.065209
0.204072
0.206864
-0.457986
-0.092309
-0.190570
0.116729
0.048895
-0.555273
0.109742
0.154577
-0.012500
-0.238519
-0.086177
0.035259
-0.131757
0.130525
-0.009266
-0.126599
-0.326979
-0.079994
-0.187295
-0.042204
-0.020605
0.107581
0.326622
-0.736775
0.071021
0.166415
0.025169
-0.258632
-0.226233
-0.043438
-0.002876
-0.060076
-0.102223
-0.038000
0.124031
0.334420
-0.192330
-0.200201
-0.530935
0.266970
-0.213882
0.196373
0.028257
0.097096
0.280868
0.022722
0.069027
-0.095322
0.201580
0.199501
-0.227398
-0.104542
-0.205214
-0.274583
-0.239803
-0.044434
0.432551
0.057035
0.417370
-0.371598
0.117219
0.269229
0.065324
0.118012
-0.042445
-0.170087
-0.383630
0.194042
-0.076817
-0.335664
0.470536
-0.113566
-0.169146
0.365986
0.071114
-0.027158
0.384568
-0.100577
0.007501
-0.341750
-0.171479
0.096605
-0.087436
0.123674
-0.003081
0.239936
0.102583
-0.381888
0.020251
0.023631
-0.207032
-0.154444
-0.434538
0.034122
-0.043186
0.719730
-0.165125
-0.041476
-0.377535
-0.020627
-0.128806
0.121643
0.026938
0.176335
0.274883
-0.294151
-0.237507
-0.004227
0.179492
-0.364957
-0.149651
0.418579
0.256010
-0.121530
0.096608
-0.082344
0.140032
0.615811
0.472367
-0.137342
0.148080
-0.392326
-0.108600
0.206991
-0.087398
0.153800
-0.014882
-0.113752
-0.106243
0.458530
-0.328513
0.010633
-0.456403
-0.233378
-0.095619
0.086391
0.041524
-0.225822
0.049276
-0.181225
0.110587
0.635819
0.465599
-0.101569
-0.157485
0.092159
-0.437532
0.144923
-0.353938
-0.065069
0.224367
-0.757344
0.076121
0.545141
0.052012
0.078664
-0.227351
0.244290
0.312776
0.374840
0.235921
-0.134353
-0.177747
-0.129759
0.407994
-0.015061
-0.454546
-0.512418
-0.287327
-0.364724
-0.287331
-0.051449
-0.533570
0.360607
0.382514
0.160120
0.022597
-0.160466
0.470150
-0.179408
-0.104661
0.376174
0.214969
-0.059951
0.149994
-0.159777
0.068142
0.061366
0.620297
0.261514
-0.005610
0.123074
-0.000591
-0.015499
-0.029440
0.127705
-0.111364
-0.102021
-0.319280
-0.035358
0.052436
-0.102182
-0.178827
0.391160
-0.357143
-0.449662
-0.231107
-0.133827
0.133154
-0.454777
0.025959
-0.109163
0.105807
-0.013856
0.050543
0.029693
0.047558
-0.026559
0.279458
0.294172
-0.298705
-0.141095
0.155916
0.048344
0.166754
0.247240
0.296183
-0.042997
0.233442
-0.201570
0.110520
0.253255
0.397754
0.310608
0.036166
0.146471
-0.289247
-0.369457
-0.091763
-0.050933
0.082664
0.237477
0.020842
-0.144228
-0.320732
0.021991
0.103718
0.042296
0.491930
0.164177
-0.133357
-0.389469
0.176655
0.201341
-0.319268
0.252661
0.422689
0.080947
-0.154197
-0.426406
-0.052777
0.479361
0.092502
0.222291
0.515507
0.183836
-0.073712
0.075547
-0.232524
-0.159572
0.016514
-0.200069
-0.287543
0.361072
0.145956
-0.115701
0.275176
-0.180180
-0.591946
0.785172
0.300151
-0.368739
-0.428763
-0.147001
-0.333574
0.209243
-0.097836
-0.071617
0.049313
-0.294867
0.277252
-0.317621
0.313038
-0.013458
-0.069356
-0.007426
0.144616
-0.206512
0.102928
-0.040287
0.085016
-0.145407
-0.125291
0.335795
-0.203848
0.097615
-0.062828
0.313689
-0.234855
0.135829
0.191847
0.170338
0.119699
0.015567
0.066242
0.321213
0.306347
-0.347465
0.151134
-0.210681
-0.019322
-0.219386
-0.099798
0.083023
-0.222362
0.226363
-0.196856
-0.287864
-0.074294
-0.331183
0.027915
-0.312532
-0.137604
0.720328
0.142137
0.012246
-0.205385
-0.584827
-0.019189
-0.574170
-0.032134
0.350888
0.238753
-0.297339
-0.185442
-0.047165
-0.056553
0.159819
0.153097
-0.204798
0.239279
0.130104
0.351393
0.267875
-0.293620
0.066768
-0.124658
0.096960
-0.147711
-0.033401
0.471775
0.337380
-0.195356
-0.088124
0.011519
0.363413
-0.302777
0.157694
0.036338
0.057852
0.102707
0.420224
0.170307
0.428722
-0.248468
-0.389582
-0.265996
0.138951
-0.146398
0.236153
-0.364060
-0.086264
-0.128826
-0.615455
-0.404688
0.224756
-0.220066
0.293077
-0.032331
-0.129704
0.004209
0.537961
-0.156570
0.392523
-0.044521
-0.498854
0.694563
0.096612
-0.214043
0.133746
0.041416
0.100543
-0.181592
-0.021685
-0.524255
-0.300206
0.014516
-0.060740
0.317439
0.145133
0.106313
0.167079
0.432667
-0.410553
-0.218802
0.112701
0.169935
-0.275438
-0.033173
-0.352021
0.216790
-0.390739
-0.015640
-0.076006
0.431521
-0.158482
-0.441734
0.115719
-0.064178
0.095228
-0.074384
0.253739
-0.188951
0.174138
-0.172409
0.432470
-0.129979
-0.336560
-0.088561
0.081629
-0.172983
0.488398
-0.238213
-0.377288
0.006791
-0.169843
-0.270563
0.033758
0.237387
-0.094865
-0.132574
0.181692
0.635697
-0.094731
-0.097364
0.262032
0.147156
-0.469069
0.115255
0.318017
-0.472899
-0.105317
0.233138
-0.325610
0.229330
-0.302458
-0.294556
-0.015532
0.074744
-0.268377
-0.017829
-0.070571
-0.295164
0.323750
0.092994
-0.109258
0.563643
0.162588
-0.417139
-0.244973
0.272138
-0.050102
-0.032614
0.318999
-0.135469
0.332908
-0.168488
-0.307967
0.162563
-0.003398
0.267849
0.043149
0.155174
-0.058078
0.041430
-0.166497
-0.014345
0.180118
-0.059633
0.144157
0.027866
0.337233
0.309252
-0.051614
-0.194851
0.026436
0.311504
0.054065
0.358019
0.153917
-0.353699
-0.196335
-0.036028
0.459196
-0.179274
-0.029554
-0.045420
-0.037307
0.462844
-0.067833
-0.011966
-0.155801
-0.169521
-0.279933
0.175484
0.221743
0.529004
0.153288
-0.189836
0.376576
-0.138729
0.322692
0.137982
-0.110195
0.062742
0.163984
-0.097957
-0.082957
0.017407
0.473187
0.452471
-0.015932
-0.017861
0.060162
-0.168369
0.042698
0.115498
0.002006
0.021492
0.094465
-0.448683
0.438990
0.164328
-0.160274
0.037902
-0.046022
0.145568
0.394161
0.156403
0.315654
-0.143788
-0.102513
-0.026564
0.414961
-0.220472
-0.415032
0.265939
0.494003
0.146118
0.077725
0.004203
0.081640
0.331128
0.254114
0.351726
0.183344
0.042059
-0.144978
-0.291866
-0.005649
0.217661
-0.289269
0.278408
0.054354
-0.314236
0.016990
-0.342826
-0.264034
-0.119556
0.051025
-0.402561
0.213596
-0.470505
0.531256
0.062352
0.269414
0.075930
-0.020823
-0.052334
-0.286718
0.259923
-0.155879
-0.067162
-0.051587
-0.365758
-0.175336
-0.159138
0.142580
0.154705
-0.206935
0.120466
-0.051576
0.104061
0.050322
-0.016985
-0.052393
-0.396934
0.163971
-0.427894
0.042238
0.363912
-0.164663
0.204771
0.079087
0.052434
0.222239
-0.442661
0.132854
0.129023
0.091802
-0.085636
0.059876
-0.329191
0.085251
0.193209
-0.670143
0.136285
-0.348534
0.459716
0.264039
-0.041810
0.218034
-0.085639
-0.369290
-0.099440
-0.280494
0.263866
-0.023994
0.336136
0.220550
0.535972
-0.224201
-0.425795
-0.583931
0.105228
-0.239971
0.392152
-0.138176
-0.534363
0.117429
-0.219040
0.038025
0.066106
-0.062609
0.312901
0.050622
0.342244
0.310386
-0.459896
0.133695
-0.097300
0.003949
0.005662
-0.495040
-0.143996
-0.073554
0.205546
0.060492
0.207908
-0.102222
0.049719
0.106141
-0.007231
0.155743
0.203503
-0.329766
-0.202782
-0.135567
-0.083572
-0.099344
0.002957
0.535130
0.147618
0.148485
0.247956
-0.024110
0.202687
-0.246748
0.156660
-0.007265
0.006459
0.241167
0.320197
-0.091301
-0.014347
0.094538
-0.016989
-0.202203
-0.106510
0.485015
0.016235
0.262735
0.074816
-0.111436
0.120094
0.188887
0.194465
-0.166614
0.031600
-0.246376
0.131142
0.029527
-0.223361
0.102900
-0.223082
-0.438099
-0.088526
0.318917
0.067615
-0.362062
0.237575
0.062520
0.036374
-0.025552
0.384893
-0.135533
-0.254605
0.103131
-0.192636
-0.240642
0.015845
0.189266
0.176602
-0.023118
0.344865
-0.146327
0.070880
0.032958
0.043933
0.202005
-0.154355
0.020913
0.002502
-0.390814
-0.261789
0.098858
-0.548515
0.083015
-0.207559
0.052220
-0.265421
0.165556
0.023883
-0.073391
0.062746
-0.269547
-0.180263
-0.175566
0.277974
0.372940
0.345747
0.041281
0.269102
-0.086707
0.207332
-0.129358
-0.265698
-0.131656
0.099337
0.261764
-0.249498
-0.028625
-0.154751
-0.004718
-0.076082
0.155539
0.363039
-0.215590
-0.003369
0.319162
0.082316
-0.360768
0.082565
0.138519
0.219661
0.180480
-0.321405
0.450644
-0.174957
0.057094
-0.146595
0.203730
-0.186512
0.365188
0.133552
0.075974
0.030492
0.382876
0.340978
0.012844
-0.492878
-0.213002
0.213727
-0.087309
-0.069296
-0.233708
-0.363451
-0.133879
-0.240061
0.395188
-0.392339
-0.087678
0.031492
0.264176
-0.027860
0.257786
-0.312293
0.456244
0.034639
0.104576
0.224156
0.107358
0.267870
-0.311264
-0.015219
-0.156093
0.132327
-0.132603
0.282554
-0.240346
0.216587
0.045413
0.214107
-0.244627
0.054562
-0.184086
0.049705
0.512214
-0.092520
-0.341766
0.036013
-0.111310
-0.050586
-0.064452
-0.352923
0.194088
0.133616
-0.092674
-0.079431
-0.042329
0.264993
-0.168892
-0.262771
0.029518
0.725934
-0.086846
-0.340018
0.158890
0.074008
0.139093
-0.034349
0.015940
0.075566
-0.044148
-0.340691
-0.273000
-0.035911
0.096882
0.013921
-0.233602
-0.078608
0.069615
0.120357
-0.087773
-0.069303
0.742999
-0.507231
0.154731
0.285974
0.299777
-0.166359
0.387535
-0.252260
0.129441
0.124881
-0.235487
-0.237844
0.148464
-0.514840
0.393717
0.752574
-0.111312
-0.001204
-0.104228
0.265057
-0.219642
0.015354
-0.299656
-0.408139
-0.209134
-0.061662
-0.243504
-0.347014
0.097980
0.102232
0.082556
0.018843
0.022215
0.378648
-0.095015
-0.156587
0.130401
-0.019441
0.103357
-0.147750
-0.169272
-0.409868
-0.160317
0.067898
-0.022509
0.181417
-0.205364
-0.068902
-0.024435
0.119287
0.196247
0.174433
0.093579
-0.005884
-0.331484
0.143322
0.210308
-0.206635
-0.115973
-0.270487
-0.323837
0.202514
0.122570
-0.005705
-0.212759
-0.427616
-0.475246
0.177174
0.173719
-0.247682
-0.146158
-0.365211
-0.016633
-0.280431
-0.064427
0.395518
0.451571
-0.186360
-0.481997
-0.141373
0.375587
-0.204720
-0.290173
0.047351
-0.255175
0.133163
-0.060299
0.206339
-0.140433
-0.011038
0.113110
0.214867
-0.093556
-0.081395
0.102637
-0.131991
0.157203
0.737173
-0.281657
-0.017770
0.302018
-0.207711
-0.427520
0.469204
-0.227265
0.028616
-0.163124
-0.581750
0.088580
-0.339924
0.224568
0.166533
0.432459
-0.226515
0.155392
-0.326320
0.241661
0.166368
0.032409
0.229720
-0.496927
0.072756
-0.413687
-0.003339
0.022695
0.149326
0.262928
0.253188
-0.367189
-0.054637
0.202748
0.112257
-0.558362
0.098228
-0.305045
0.280361
-0.126903
-0.230272
0.239979
-0.020458
0.023753
-0.317100
0.359687
0.154088
-0.325179
0.065475
-0.056913
0.327860
-0.265113
0.171040
0.457759
0.048864
-0.338711
0.280060
0.396898
-0.597512
0.405138
-0.137229
0.206475
0.200196
0.124678
0.057499
-0.075823
0.627971
-0.109207
-0.048720
-0.051651
-0.360160
-0.064525
-0.140166
0.262937
-0.125702
0.280286
-0.335688
-0.096670
0.082900
-0.409282
-0.469140
0.059330
0.100289
-0.173699
-0.052819
0.124777
-0.023113
0.076802
-0.297365
0.082497
0.165216
-0.147462
0.508245
0.133736
0.396731
-0.394360
0.141849
-0.037403
-0.197663
0.103975
0.540260
0.063525
0.106498
-0.190640
0.423593
-0.186257
-0.115989
0.264595
0.161740
-0.017089
-0.394613
0.325571
-0.050931
0.080820
0.424984
-0.321917
0.148845
-0.288301
-0.020763
-0.005683
-0.008793
-0.209816
0.248659
-0.290799
0.443251
-0.034428
-0.473665
-0.038999
0.603694
0.238885
0.430980
0.076370
-0.490161
-0.126066
0.121401
-0.044300
0.022793
-0.334396
0.212664
-0.262388
0.006844
0.345657
-0.088628
-0.229529
-0.331960
0.213206
0.015575
-0.195852
0.077004
-0.435621
0.329896
-0.239367
0.192807
-0.478578
-0.465846
0.299140
0.239887
-0.056645
0.179856
0.268854
0.189334
-0.037037
0.000959
0.442564
-0.079304
0.005412
-0.065626
-0.194282
-0.317347
-0.223699
0.200793
-0.387214
-0.069052
0.066165
0.212348
0.032136
0.099741
-0.171485
0.287427
0.700321
0.340577
-0.038636
-0.331399
0.015867
-0.233093
0.173333
-0.022333
0.191954
-0.354120
0.061848
0.282942
-0.024365
0.722144
0.125938
-0.151419
0.315965
-0.157728
0.446436
-0.600688
0.123344
0.128376
-0.257416
-0.195926
0.145483
0.262694
0.175910
-0.133057
-0.177495
-0.196631
0.017017
0.127849
-0.116083
0.075355
-0.178970
0.038296
-0.341910
-0.205987
0.132607
-0.080435
0.091682
-0.059266
-0.519990
-0.084126
0.211355
0.532892
-0.008484
0.061303
-0.043598
-0.297989
0.120186
0.169251
-0.099470
-0.123664
0.131470
0.145402
-0.210598
0.424469
-0.071417
-0.475993
0.115897
-0.413739
-0.141248
-0.320516
-0.193670
0.059461
0.162675
0.495252
0.020634
-0.475113
-0.055556
0.005339
0.444657
-0.090219
-0.054317
-0.259537
-0.095933
0.119005
-0.259209
-0.453731
-0.394440
0.077467
0.268546
0.298494
-0.041186
0.031917
-0.001055
-0.085994
0.043208
-0.331044
0.352294
-0.547327
0.159337
0.087612
-0.189173
-0.026763
0.204468
0.206591
-0.110730
-0.065084
0.247560
0.079491
0.146357
-0.011444
-0.390269
-0.149330
0.448641
0.067339
0.339661
0.328435
-0.150369
-0.103696
0.073895
0.436015
0.029429
-0.242483
0.456964
0.023401
-0.236339
0.222545
-0.127827
-0.329456
-0.196818
-0.254567
0.178325
0.190789
0.096851
0.176546
0.305152
0.159512
-0.043341
0.097129
0.136334
0.170137
-0.026376
-0.120866
-0.031632
0.352797
0.202864
-0.314608
0.525686
0.179007
0.374509
-0.398252
0.017397
-0.169513
-0.247476
-0.012216
-0.153429
-0.101744
0.152797
0.021837
-0.354123
-0.297735
-0.262252
-0.281515
0.155724
0.158197
-0.047023
-0.263294
-0.028792
0.404249
-0.159342
0.013586
0.015308
0.067153
0.175004
0.048956
0.383170
0.085335
-0.337813
-0.116880
-0.087736
-0.136458
-0.021664
0.156184
-0.145274
-0.010373
0.057874
0.168634
-0.336835
0.289264
0.363553
0.048665
-0.031705
0.268917
0.012301
0.150977
-0.007690
0.005933
0.170670
-0.430853
-0.173353
0.408579
0.287284
-0.296516
0.206898
0.115873
0.146726
-0.173119
-0.082821
0.229883
0.081871
-0.242158
0.266332
-0.469078
-0.022028
0.049780
0.017908
0.315714
-0.047877
0.162422
0.121312
-0.037913
0.109205
0.216743
-0.290349
0.035114
-0.016279
0.155900
-0.153360
-0.110040
0.205252
0.740403
0.195869
0.217315
-0.209058
-0.471892
-0.232795
0.388474
-0.037341
-0.005133
0.361882
0.016995
0.129627
-0.009114
0.040354
-0.075836
-0.283350
0.082450
-0.289575
0.108574
0.024021
-0.123910
0.126208
-0.024138
-0.078400
0.081836
0.667462
-0.151520
-0.115985
0.034879
-0.051843
-0.187845
0.415250
-0.123502
0.128610
0.416045
0.058896
0.010152
0.610104
-0.130129
-0.139962
0.007389
-0.228084
-0.091395
0.053677
-0.180801
-0.076587
0.057388
-0.427133
0.339384
-0.335516
-0.215327
-0.313578
0.160262
0.090261
0.036263
0.213870
-0.337046
-0.008051
0.022953
-0.170383
0.177891
0.182004
0.307354
0.080974
0.233340
0.020710
0.206582
-0.308733
-0.055421
0.613979
0.330660
-0.129159
-0.488183
0.009020
-0.265340
0.232132
0.048503
-0.125712
0.143405
0.240857
0.137171
0.145968
0.027339
-0.002174
-0.152887
0.405463
-0.077193
-0.353584
-0.279918
-0.227442
-0.207130
-0.150489
0.157804
-0.108693
-0.315613
-0.324616
-0.119110
-0.098074
-0.395370
0.082376
0.192710
0.040006
-0.007608
0.478475
0.081726
-0.361428
-0.251693
0.053403
0.262248
0.093048
-0.308518
-0.151694
-0.215218
0.248633
0.400249
0.216054
-0.528698
0.359933
0.130016
-0.444186
-0.230938
0.094231
-0.001881
0.254924
0.047447
0.260426
-0.486520
0.540647
-0.058116
0.278682
-0.321103
0.394602
-0.289235
0.304534
0.472523
0.467499
-0.158428
-0.447620
-0.314294
0.010043
0.238361
0.286622
-0.283279
0.145191
-0.059287
0.023994
0.222512
0.416605
0.277221
0.192144
0.278519
0.067034
-0.486222
-0.152805
-0.027233
-0.166431
0.382812
0.007551
0.016501
-0.180576
0.242612
-0.357565
0.260685
-0.068456
0.446799
0.188295
0.223341
0.002772
0.264505
-0.087401
-0.183079
0.068956
-0.028528
-0.239534
-0.089295
-0.192074
-0.235232
-0.174586
-0.312064
0.012307
0.560633
-0.257791
0.305836
0.107454
-0.340732
0.070569
0.148928
-0.133593
-0.318727
0.383191
-0.267531
-0.044526
-0.336939
0.063405
0.094790
0.051365
-0.094654
-0.296167
0.430735
0.147173
-0.092596
0.321874
-0.150243
-0.184706
-0.645284
-0.249200
-0.097254
0.006252
-0.493019
-0.372823
-0.027036
0.147275
-0.078048
0.008551
0.298884
0.183369
-0.427299
0.110777
-0.260420
-0.094957
-0.322704
0.251284
0.187168
-0.063756
-0.030940
0.220263
0.116170
0.159402
-0.331770
0.070084
0.403881
0.236133
0.112861
0.132604
-0.248996
0.174391
-0.183008
-0.053318
0.315302
-0.068243
0.007304
0.107468
0.323561
0.363389
-0.127504
-0.056956
0.171490
-0.573381
0.578879
-0.145548
-0.219415
-0.350298
0.032914
0.183916
-0.388083
0.057749
0.149481
-0.000149
0.249862
-0.037404
-0.247923
0.308032
-0.295274
-0.158708
0.034554
-0.091837
-0.224310
0.094236
0.193593
0.079964
-0.094510
0.100369
-0.318026
-0.197066
0.111494
0.259009
0.103912
-0.207115
0.017233
-0.020869
0.263268
0.483529
0.253570
-0.022469
0.264310
-0.384502
-0.146853
0.413675
-0.351727
0.001320
0.180935
-0.061828
-0.258586
0.018566
-0.108228
0.187205
0.074708
-0.234811
-0.227574
-0.348066
0.436675
-0.064546
0.446429
-0.050631
0.105638
-0.166988
0.225916
0.179731
-0.058113
-0.082261
-0.024314
-0.355087
-0.027670
-0.558828
0.098332
-0.071064
0.209018
-0.135949
0.157152
0.089838
0.370659
0.139478
-0.052574
0.067990
-0.063856
-0.193863
-0.099666
0.356932
-0.129451
0.170505
0.129549
0.329369
-0.509907
-0.307413
0.080657
0.267504
0.351383
0.404476
-0.110436
-0.013534
0.362931
0.216859
0.135390
0.219489
0.462517
-0.336061
0.083580
-0.085612
-0.133232
-0.015590
-0.243854
0.117050
-0.245216
0.298938
-0.313949
0.150973
-0.295319
-0.208508
-0.312272
-0.108180
-0.082046
-0.221604
-0.128220
0.096620
-0.090323
-0.502166
0.135357
0.364544
0.080804
0.123425
-0.586434
-0.212749
0.061857
0.193301
-0.140582
-0.191723
-0.044862
-0.091061
0.343388
-0.048053
0.036812
-0.099422
0.247834
0.027210
0.050427
-0.010683
-0.360934
-0.131988
-0.209508
0.079019
0.047288
-0.015424
0.165677
0.096885
-0.151058
0.139959
0.213035
-0.084993
-0.099912
0.127976
0.002795
-0.095201
0.415697
-0.145336
-0.297949
0.077594
-0.022977
-0.448183
-0.190885
-0.289263
0.221084
-0.144794
-0.270750
-0.120759
-0.076130
0.092623
0.014653
0.168097
0.143044
0.256177
-0.046697
-0.233940
0.127132
-0.312572
-0.076892
-0.531803
-0.216872
0.349328
-0.433972
-0.032876
0.581211
-0.005972
0.128424
-0.171359
0.189535
0.202238
-0.232009
0.635119
-0.187677
0.021512
-0.338325
-0.128269
-0.109755
0.466358
0.134002
0.090954
0.264614
0.103700
-0.087285
-0.319781
0.015264
-0.349927
-0.026068
0.147018
0.031009
0.162699
0.249868
0.193351
0.263413
-0.257455
-0.297289
-0.054986
-0.193609
-0.211163
0.204553
0.056859
-0.064532
-0.070510
-0.089855
0.279299
0.062458
0.280543
0.134717
0.066774
-0.211388
-0.031688
-0.060686
0.212557
-0.129357
0.087121
0.442943
0.387643
0.124524
-0.477545
-0.444070
-0.071773
-0.238887
0.061594
0.028045
0.139886
-0.100188
-0.271424
0.124303
0.117504
0.115079
-0.077065
0.282275
-0.111391
0.026816
-0.273268
0.047882
0.174277
0.029918
-0.162536
0.081871
0.169605
0.400384
-0.109703
-0.438464
0.043250
0.322792
0.171703
-0.083945
-0.120857
-0.227571
-0.267917
0.094343
0.027505
0.111656
0.068898
0.158972
-0.304343
-0.157849
0.171802
-0.254475
-0.370097
0.042037
0.096838
-0.085693
-0.214059
-0.219428
0.161737
0.078928
-0.702443
0.439340
0.137443
-0.218485
0.051373
0.101726
0.349576
-0.209902
0.335537
-0.213965
-0.165660
-0.001241
0.409367
-0.241616
0.416855
0.191418
-0.033862
0.427657
0.096934
-0.379000
-0.191855
-0.615927
-0.089666
-0.003330
-0.104553
0.118218
0.104786
0.099150
-0.073821
-0.288938
-0.126825
0.024416
0.109838
0.205489
0.030902
0.299463
-0.018761
0.159976
-0.240705
-0.144854
0.222852
-0.071710
0.284137
-0.258999
-0.125261
-0.085941
-0.331320
-0.296235
0.175737
-0.070715
-0.542402
-0.174919
-0.157309
-0.253364
-0.314282
-0.320021
-0.203346
0.129326
-0.371057
-0.265849
-0.312082
-0.155005
-0.418276
0.044110
0.296783
-0.277906
0.142079
0.295995
0.286207
-0.009789
0.187578
0.053058
-0.500712
0.052844
0.643970
-0.117164
0.065072
0.249250
-0.110588
0.357035
-0.157293
0.337991
0.284305
0.072980
-0.602752
0.134585
-0.175721
0.060752
0.020207
-0.060819
-0.190296
-0.218627
0.018768
-0.355568
-0.041737
0.205213
-0.185785
-0.275886
-0.123699
-0.434830
-0.080153
-0.044692
-0.115172
-0.118647
-0.111677
0.203893
0.124088
0.092160
-0.023475
-0.133892
0.314152
0.096680
-0.434954
0.027417
-0.066821
-0.230687
-0.343710
0.080507
0.037934
-0.178061
-0.298843
0.352601
-0.217678
-0.064101
-0.023181
-0.147585
-0.074305
0.015784
0.261950
-0.209587
-0.085102
-0.111133
-0.179147
0.232666
-0.623460
0.055398
0.061182
0.089400
-0.059572
0.014045
0.079305
-0.139646
0.290889
0.018414
0.158780
-0.212674
0.039163
0.173020
0.243343
-0.191078
0.155913
-0.038253
-0.219170
-0.198817
-0.187545
-0.311993
0.107975
-0.164916
-0.289758
0.003671
0.127265
0.439924
-0.053850
-0.010464
0.082140
-0.134398
-0.006570
-0.179748
0.068708
-0.368449
0.580829
0.155969
0.504250
-0.294168
-0.117255
-0.322143
0.079237
-0.134021
-0.469373
-0.354127
-0.254379
-0.097838
-0.243392
-0.156165
0.461235
0.280663
0.167986
0.088428
-0.609414
0.111670
-0.147482
0.099828
0.129791
-0.168165
-0.043183
-0.076903
0.170972
-0.054526
-0.294469
-0.356344
-0.286761
0.278404
-0.083717
-0.193440
0.065427
-0.130524
-0.148918
-0.355565
0.144294
-0.265504
0.054947
-0.401350
-0.241255
-0.057617
-0.122816
0.651988
0.263960
0.111150
0.139691
-0.327963
0.134994
0.208815
0.371286
0.072240
0.100660
-0.005112
0.020200
0.159738
-0.043361
-0.297020
-0.039584
0.159583
0.241319
0.037377
0.263910
-0.085522
0.311327
0.091509
-0.325743
0.302227
-0.091653
0.052466
0.033012
-0.046201
0.023380
-0.425246
0.101692
0.180564
0.463561
-0.098239
0.026799
0.032087
-0.411682
0.168860
-0.158494
0.328332
-0.059148
-0.615404
0.399799
-0.407607
-0.134014
0.268981
0.174879
-0.236552
0.263110
0.115363
0.052503
-0.127095
-0.280198
0.054627
-0.047961
0.068243
0.177392
0.285562
-0.370858
-0.029884
-0.306199
-0.220082
-0.140421
-0.492257
0.223721
-0.316012
0.042616
0.616435
-0.110846
-0.094434
0.228455
-0.122630
0.112298
-0.105112
0.468506
0.237348
-0.320877
0.511823
-0.458562
-0.343827
-0.190522
0.124267
0.068650
-0.176922
-0.028696
0.358701
-0.012107
-0.499061
-0.177892
0.035281
0.197573
-0.218809
-0.126245
-0.074740
0.321248
0.333257
-0.058787
-0.022842
-0.008812
-0.188094
-0.085465
0.009597
0.054781
-0.211063
0.125727
0.090853
0.502233
-0.131291
0.169895
0.315016
0.024518
0.174422
0.240708
-0.117583
0.298074
0.024183
-0.165636
0.040497
0.225516
-0.248551
0.126822
0.463070
-0.586217
0.264458
-0.419104
0.083936
0.299258
0.259852
-0.038527
-0.194841
-0.412129
0.198512
-0.176327
0.065511
-0.272750
-0.021674
0.370782
0.019203
-0.372926
-0.025127
-0.053715
-0.658007
0.195669
0.359928
-0.015060
-0.030506
-0.035417
-0.231391
-0.058606
0.134868
0.158081
0.334402
0.468671
0.319225
0.136705
0.399706
-0.020297
-0.599610
-0.045710
0.208325
-0.229358
0.382655
-0.040199
-0.272369
-0.161987
0.499649
-0.477476
-0.111514
0.076409
-0.248733
-0.494224
-0.151586
0.033418
0.100785
0.004499
0.163726
-0.191297
-0.616859
-0.207741
-0.163840
0.384712
0.459929
-0.040718
0.060127
0.193251
0.120225
0.279567
0.065997
0.351010
-0.093424
0.056821
0.024420
0.087803
-0.181376
0.278474
-0.055273
0.326729
0.325044
-0.125609
0.202299
0.063165
0.167580
-0.451900
-0.380837
0.320017
-0.183204
-0.326015
-0.286179
-0.149605
-0.002994
0.042916
0.116433
-0.177284
-0.231389
-0.251476
-0.324295
-0.026715
0.293184
0.157076
0.130761
-0.039308
0.179794
0.548540
0.079904
-0.402087
0.301386
0.147093
0.014366
-0.211178
-0.115985
-0.147066
-0.160555
0.107859
-0.104369
0.524176
-0.118259
0.181423
0.135613
0.053746
-0.146002
-0.258581
-0.351734
-0.221056
-0.116710
-0.117376
-0.121344
-0.006894
-0.044114
-0.144911
-0.159685
-0.161586
0.093648
0.079475
-0.117445
-0.077198
-0.373026
-0.265952
0.419165
0.135808
0.338757
-0.117732
0.213730
-0.289394
-0.303197
-0.059344
-0.199088
-0.253928
0.040357
-0.088483
-0.158281
-0.197278
-0.300170
0.232771
0.082858
-0.078281
0.309202
-0.128387
0.423364
0.263256
0.087034
0.095550
0.045487
0.054279
-0.094167
0.161037
0.068497
0.181471
-0.082358
-0.110685
0.378762
0.110490
0.133297
-0.232989
-0.308979
-0.097188
0.074510
-0.157931
0.206610
0.251091
0.028774
0.498545
-0.232714
0.288103
0.200922
-0.027400
0.222200
-0.029464
0.260412
0.390595
-0.292515
-0.166341
0.090221
0.012400
-0.095441
0.261927
-0.045251
0.123353
0.106437
0.076761
0.221043
0.088555
-0.091929
0.022436
0.509566
0.243422
0.229909
-0.258267
-0.458125
0.110129
-0.099736
0.217715
0.109226
-0.214986
-0.365635
0.336542
-0.105074
0.151231
-0.313528
0.156048
-0.327177
0.499490
-0.339894
-0.089063
-0.312652
-0.048131
0.309280
-0.088532
-0.110372
0.236941
0.109163
0.083127
0.053809
-0.435902
-0.081165
-0.107532
-0.160160
0.036440
-0.326130
0.111038
0.444588
-0.147592
-0.177120
-0.263749
-0.055405
-0.033272
0.263641
0.233253
-0.149731
0.332066
-0.250577
0.230062
-0.017166
0.262451
-0.177592
0.209259
-0.198192
-0.053561
-0.354049
-0.249603
0.146009
-0.071204
-0.425082
-0.007192
-0.268659
0.042653
-0.210781
0.068784
0.198404
-0.117435
-0.055316
0.362012
0.158485
0.244769
-0.389717
0.173854
-0.030972
0.158823
0.093240
-0.163159
0.409982
-0.196863
-0.128980
0.149903
-0.424682
-0.267441
-0.130704
0.009317
0.294153
-0.297859
-0.267956
-0.018788
-0.004417
0.360218
-0.292377
0.177183
-0.257301
0.149240
-0.099029
0.072081
0.426910
0.625230
-0.310823
0.253448
-0.107217
0.130540
-0.292167
0.071227
0.192956
0.168430
0.003748
0.023348
-0.324669
-0.529499
0.152112
0.397263
-0.363434
0.157442
0.089682
-0.243585
0.258807
0.289795
0.756860
0.326704
0.070399
0.255985
0.228470
0.453058
0.105794
-0.017133
0.231688
-0.122349
0.284468
0.089487
-0.060106
0.142034
0.251933
0.082616
-0.153895
0.294318
-0.237307
-0.192225
0.056323
0.284024
0.179103
0.389897
0.066502
-0.256154
0.033893
-0.352489
-0.143657
-0.045140
0.352545
0.014856
0.041536
-0.332458
-0.179861
0.171159
-0.529924
-0.088128
0.060400
-0.196856
-0.291811
-0.057043
0.898873
0.317635
-0.255960
0.248635
-0.298157
-0.074928
-0.152291
0.018670
0.031620
-0.007505
0.121309
-0.140823
0.406734
0.437094
-0.299113
-0.135577
-0.271937
-0.271824
-0.262390
0.249180
-0.095447
0.163434
-0.038235
0.367230
0.080678
-0.429101
-0.284805
-0.294914
-0.093760
-0.107500
0.230164
-0.015763
-0.004399
0.727956
-0.094392
0.150504
-0.347908
-0.348008
0.128037
-0.009806
0.066411
-0.129089
0.199276
0.172204
-0.198090
0.105538
0.113790
0.296683
0.164729
-0.030362
-0.373289
-0.522278
-0.042763
-0.142286
0.499619
0.031814
-0.035218
0.234892
-0.236871
0.369388
-0.370029
-0.106697
0.130931
0.047689
0.322182
0.214363
0.542900
0.168736
-0.118334
0.123323
-0.311075
-0.099779
0.035756
-0.061844
0.084887
0.047568
-0.417434
0.298055
-0.019250
0.139745
-0.321017
-0.238885
-0.076865
-0.168688
-0.132543
-0.012399
0.118127
-0.371641
-0.167143
0.137662
0.629934
-0.086676
0.354070
-0.409766
-0.173773
-0.031727
-0.069585
-0.261630
-0.276105
0.304462
-0.039478
0.100009
0.241320
0.090188
-0.039166
0.017764
-0.275202
-0.096725
-0.602240
0.044549
0.140875
-0.064577
0.114002
-0.091884
0.229239
-0.310278
-0.340258
0.131590
0.227652
0.089638
-0.252760
0.272008
0.121311
-0.562425
0.488294
-0.051357
0.230510
0.141192
0.110861
-0.486878
-0.091404
0.133548
0.154343
-0.332159
0.022243
-0.379069
-0.136511
0.195512
0.146750
-0.122381
0.012248
0.027995
-0.232166
-0.151173
-0.115419
0.305418
0.118723
0.119592
0.028944
-0.030382
0.273528
0.240769
-0.675707
-0.271592
0.103620
-0.185677
-0.200401
0.029245
0.553766
-0.751007
0.264464
0.236184
0.007964
-0.094168
-0.278441
-0.064817
0.412965
0.179233
-0.006807
0.244427
0.401917
-0.140091
0.140227
0.114839
0.048310
-0.163124
-0.177152
-0.049118
0.412842
0.193373
-0.354874
-0.068265
0.257829
0.204003
0.255354
0.218892
-0.261840
-0.256875
-0.176997
0.103644
0.006960
-0.137453
0.085975
0.184085
0.091120
0.233942
0.006641
0.160997
-0.146495
0.510956
-0.043123
-0.228198
-0.051181
0.177517
-0.097837
0.026598
0.000762
-0.025373
-0.087578
-0.255462
0.115441
-0.513810
0.228578
-0.212845
0.107421
-0.327022
-0.041226
0.054974
-0.409862
-0.486079
0.118647
0.061731
0.156712
-0.108302
0.095853
0.315327
-0.040244
-0.041841
-0.022313
0.175494
-0.121242
0.196526
0.319834
-0.629063
-0.326782
-0.187405
-0.096837
0.763256
0.273328
0.342260
-0.451116
0.319304
-0.148228
0.842536
-0.039811
-0.214456
0.032768
0.067725
-0.152192
-0.015315
0.024548
-0.120979
0.114871
0.366929
0.028978
0.169619
0.435688
-0.066288
-0.045017
-0.260534
0.189145
0.125192
-0.121114
-0.045413
0.268429
0.436491
-0.326113
0.402768
-0.272207
-0.354635
0.436643
-0.061046
-0.057573
0.083714
-0.218029
-0.081895
0.319080
-0.056802
0.157014
0.161990
0.023494
0.150515
-0.132484
0.092932
-0.252330
0.199367
-0.239844
0.261209
0.078323
-0.398171
-0.402602
-0.026452
-0.013723
-0.028344
-0.290232
0.316424
-0.178498
-0.247039
-0.021295
-0.061044
0.099417
0.326396
-0.462333
0.212912
0.083214
-0.170982
0.272197
0.001164
-0.181775
0.035726
0.053901
-0.248600
0.031026
-0.123102
-0.085200
-0.053402
-0.174832
0.054695
-0.066507
-0.072565
-0.161443
0.036536
-0.261290
0.297514
-0.396448
-0.346978
-0.070004
0.044838
0.299107
-0.095787
0.419916
0.286669
-0.291396
-0.809610
0.078579
0.118896
0.231659
-0.008220
-0.199744
-0.117453
-0.293390
0.229050
0.270375
0.224003
-0.086311
-0.240521
0.745091
0.015333
0.257231
0.574157
-0.005173
-0.235479
0.205646
-0.248496
-0.405962
0.084378
-0.469234
-0.054922
0.054239
-0.025446
0.018180
-0.078356
0.298890
-0.058841
-0.080223
-0.278692
0.065281
0.262593
0.001254
-0.305083
0.363965
0.008035
-0.217040
-0.146577
0.022113
0.005631
0.128136
-0.534709
0.140296
0.162815
0.067729
-0.081453
-0.057556
0.206946
-0.393694
-0.581741
-0.423352
-0.126525
0.026607
0.323928
-0.102614
-0.035130
-0.045294
-0.123676
-0.208369
-0.173362
0.045740
-0.038650
0.494400
-0.312146
0.141655
-0.136181
-0.324129
0.487177
-0.075718
0.406088
-0.038444
-0.326688
0.147845
-0.113906
-0.075159
-0.792468
-0.165678
-0.197566
0.240983
0.246110
-0.032541
0.441948
-0.093331
0.190570
-0.105137
0.155982
-0.252763
0.034433
0.197930
0.317805
-0.224394
-0.036575
0.001847
-0.107948
-0.430531
-0.240903
-0.104309
0.592643
-0.059668
-0.447948
-0.380803
-0.368752
0.341876
-0.240476
-0.041866
-0.261061
0.119885
-0.125534
-0.209141
-0.422230
0.133365
0.071320
0.073677
-0.006933
0.107739
0.395072
0.174212
-0.056252
-0.194647
0.083724
0.041444
0.108788
-0.215684
0.092905
-0.046193
-0.169156
-0.051861
-0.054365
0.080395
-0.106172
0.306018
-0.499581
-0.112162
-0.574117
-0.277548
0.004876
-0.323618
0.318316
-0.171531
0.289288
-0.421931
0.196224
-0.097275
-0.471215
0.036071
-0.138357
0.032705
-0.058045
-0.088048
0.079944
-0.210803
0.158224
-0.047202
0.244867
0.082432
-0.127784
0.154892
0.007752
-0.018980
-0.281974
-0.089616
-0.417363
0.006150
-0.230766
-0.335229
-0.196741
0.220840
0.018664
-0.302125
0.009565
-0.298808
-0.027498
0.234019
0.224200
-0.138033
0.198296
0.045588
0.005936
0.483850
-0.036392
-0.395413
-0.150992
0.310583
0.374404
-0.057047
0.112393
-0.032871
-0.102062
-0.189970
-0.085502
-0.188098
-0.069430
0.090058
0.159251
0.177728
-0.103219
0.164577
0.288082
-0.504385
-0.015736
0.236359
-0.262223
-0.139972
-0.249647
0.166556
-0.044669
0.202823
0.016614
0.242251
0.256573
-0.526668
0.029791
-0.444615
0.113049
0.002429
0.052952
0.505191
-0.072845
-0.215320
-0.425058
-0.254735
-0.141064
0.081294
-0.244224
-0.081785
0.235381
0.114155
0.355470
0.005156
-0.293102
-0.032267
0.431158
-0.022270
0.308961
-0.307066
-0.181801
0.259241
0.385456
-0.111349
0.019888
0.043386
0.266444
0.121829
-0.140297
-0.252647
0.041313
-0.370796
0.192124
0.133542
0.266743
-0.083030
0.009156
0.338788
0.052790
-0.206528
0.241093
0.520412
-0.478353
-0.288520
-0.101207
0.320968
-0.248930
0.230778
-0.594663
-0.223812
0.418160
-0.133551
-0.270546
0.110583
-0.411124
-0.131999
-0.020276
0.031776
0.178394
-0.486118
-0.444298
-0.038575
-0.055400
-0.098681
-0.037207
-0.379685
0.182672
0.059397
-0.095089
0.063188
0.536076
-0.114965
0.056280
-0.180787
-0.063706
0.196231
0.415253
0.489539
-0.173370
0.260782
0.013590
-0.236613
-0.294343
0.249802
0.058542
-0.071311
-0.259304
0.150306
0.073493
0.186643
0.395855
-0.350934
0.148525
0.133057
-0.144515
-0.572589
-0.001499
-0.102772
0.175338
-0.335989
-0.014605
0.361458
-0.011744
-0.167381
-0.032302
-0.322234
0.230031
0.093555
-0.170513
-0.095039
-0.258587
0.102542
0.327346
-0.390128
-0.078418
0.193810
0.448956
0.250205
-0.173764
0.396288
0.140239
-0.145043
0.137577
-0.519641
-0.181506
-0.063449
0.259221
0.294530
-0.132398
0.473232
0.214444
-0.008822
0.385241
0.193452
0.404092
0.062463
0.391677
-0.096836
0.282159
0.181927
-0.052620
0.525745
0.095274
-0.187171
-0.287671
0.233429
-0.186446
0.172828
-0.268588
-0.172819
0.555557
-0.401490
-0.138174
0.085683
0.184094
-0.050268
0.273737
-0.172594
-0.010440
-0.479529
-0.459710
-0.002348
-0.388321
0.135444
-0.116283
-0.233231
0.259823
0.164059
0.317838
-0.208241
0.097602
0.316799
-0.274178
-0.124147
0.200343
0.021773
-0.133920
-0.369810
0.010264
0.119136
0.208265
0.165457
0.215824
-0.276686
0.146874
0.171034
-0.726180
-0.034753
0.117175
0.156187
-0.231223
-0.443326
0.031251
-0.069905
0.180501
-0.468553
-0.467918
-0.122181
-0.368625
0.300440
0.019104
-0.306717
-0.029732
0.086093
-0.404903
0.039221
0.154407
0.032201
0.155004
-0.210835
-0.150104
-0.071268
-0.185701
-0.073830
-0.118681
-0.038276
0.042238
0.296946
-0.443032
-0.193592
-0.073998
-0.350316
-0.135701
-0.209110
0.393097
0.149798
0.077304
-0.233481
-0.004671
0.135506
0.281079
-0.137570
-0.206870
0.218444
0.031179
0.036271
0.301109
-0.116744
-0.045244
0.155887
-0.430628
0.158831
0.004980
0.039503
-0.303685
0.168637
0.127028
0.147038
-0.202893
-0.006188
-0.191501
-0.301006
0.156227
0.233830
0.126664
0.124524
-0.397360
-0.611934
-0.109918
-0.034832
0.397097
0.037277
0.205916
0.094366
0.044884
-0.091670
0.169641
0.458621
0.156906
-0.052385
-0.287003
-0.177625
0.242158
-0.063476
0.078445
0.132632
-0.251302
0.156280
-0.052842
-0.432778
-0.100938
-0.269729
-0.158811
-0.046123
-0.159787
-0.362487
