# 参数名称：backbone.features.7.conv.4.running_var
# 参数形状：(192,)
# 参数数据类型：float32
# 参数值（保留6位小数）：
0.007096
0.004452
0.003882
0.003493
0.011738
0.007079
0.004853
0.009878
0.000908
0.004989
0.012375
0.007407
0.007797
0.002834
0.001030
0.001235
0.002729
0.002147
0.004963
0.006236
0.006227
0.003051
0.003753
0.003118
0.007892
0.000457
0.003309
0.000825
0.002108
0.000892
0.000567
0.001298
0.004668
0.000654
0.003792
0.001807
0.000563
0.002133
0.001534
0.004376
0.002553
0.002172
0.004054
0.000862
0.003293
0.000947
0.004647
0.002670
0.003262
0.008012
0.001696
0.002869
0.001086
0.006069
0.003720
0.001683
0.003307
0.002863
0.001521
0.006413
0.008255
0.002374
0.003620
0.004422
0.002110
0.001711
0.003997
0.004757
0.000801
0.020579
0.001232
0.004743
0.002227
0.006290
0.003173
0.001373
0.018853
0.003834
0.002438
0.013795
0.004698
0.002194
0.012968
0.004400
0.000689
0.001954
0.002405
0.002493
0.002616
0.001747
0.004098
0.007495
0.004272
0.001772
0.005231
0.003131
0.000950
0.006519
0.004246
0.002133
0.000787
0.002153
0.003537
0.003203
0.005069
0.006670
0.001172
0.003015
0.003166
0.000815
0.005661
0.001122
0.001924
0.002238
0.004529
0.002189
0.001882
0.004764
0.003251
0.009605
0.009475
0.001099
0.001194
0.001576
0.001498
0.003194
0.000672
0.001771
0.011948
0.002069
0.001363
0.001177
0.005004
0.009370
0.000615
0.003089
0.002296
0.003387
0.004277
0.005935
0.002713
0.000444
0.003841
0.006215
0.000657
0.002131
0.010298
0.004687
0.006005
0.004656
0.002041
0.005162
0.001847
0.000888
0.002156
0.003676
0.003533
0.005656
0.009496
0.004065
0.000783
0.006598
0.002688
0.001815
0.010271
0.004643
0.002106
0.002658
0.003769
0.002952
0.002438
0.003351
0.002641
0.001088
0.002669
0.003258
0.008707
0.005229
0.007500
0.001181
0.005024
0.008141
0.004435
0.002069
0.002644
0.003727
0.002650
0.001819
0.000737
0.003240
0.004669
0.004506
