# 参数名称：backbone.features.4.conv.1.running_mean
# 参数形状：(144,)
# 参数数据类型：float32
# 参数值（保留6位小数）：
0.000118
-0.000546
0.000291
0.000574
-0.000144
0.000938
0.000091
-0.000569
0.000020
-0.000358
-0.000643
-0.000490
0.000376
-0.000152
-0.000384
-0.000162
0.000470
-0.000255
-0.000373
0.000098
0.000524
0.000059
-0.000435
-0.000079
-0.000568
0.000491
0.000185
-0.000004
0.000504
-0.000066
0.000544
0.000479
0.000008
0.000043
0.000099
-0.000703
0.000498
0.000591
-0.000540
-0.000998
-0.000131
-0.000267
0.000010
0.000341
-0.000044
-0.000350
-0.000217
-0.000533
-0.000987
0.000155
0.000780
0.000326
0.000197
-0.000165
-0.000089
-0.000005
-0.000208
0.000447
0.000448
0.000421
-0.000675
0.000087
-0.000241
-0.000511
0.000757
-0.000874
0.000046
-0.000229
-0.000518
0.000735
0.000461
-0.000505
-0.000771
0.000090
0.000163
-0.000421
-0.000627
0.000594
-0.000063
0.000093
0.000720
0.000123
-0.000195
0.000145
0.000157
-0.000299
-0.000337
0.000127
0.000402
0.001039
-0.000087
-0.000712
-0.000288
0.000031
-0.000058
0.000300
-0.000295
-0.000823
0.000233
0.000012
0.001256
0.000015
0.000420
-0.000665
-0.000457
-0.000113
-0.000678
-0.000137
0.000155
0.000299
0.000841
-0.000328
-0.000192
-0.000340
-0.000635
-0.000638
0.000096
-0.000881
0.000343
0.000771
0.000520
0.000138
-0.000663
-0.000223
-0.000056
0.000772
0.000715
0.000573
0.000376
0.001213
-0.000062
-0.000442
-0.000322
-0.000676
0.000022
0.000497
0.000567
-0.000024
-0.000025
-0.000508
-0.000267
-0.000184
-0.000069
0.000308
