# 参数名称：backbone.features.15.conv.7.weight
# 参数形状：(160,)
# 参数数据类型：float32
# 参数值（保留6位小数）：
0.967984
0.950759
0.958855
0.958441
0.962191
0.961482
0.961242
0.970395
0.966771
0.960006
0.975771
0.965848
0.967920
0.969439
0.956570
0.966994
0.964436
0.955124
0.953613
0.971335
0.950891
0.968357
0.963500
0.957460
0.959600
0.955485
0.955993
0.955214
0.964952
0.949132
0.960572
0.959664
0.954462
0.966459
0.968652
0.967672
0.967211
0.949570
0.956131
0.963820
0.962605
0.956300
0.960950
0.962145
0.961902
0.963974
0.966648
0.969150
0.961219
0.962234
0.956507
0.961169
0.966235
0.969511
0.956228
0.963804
0.959381
0.968998
0.976958
0.968332
0.954919
0.951682
0.961505
0.972510
0.958824
0.972357
0.964249
0.954515
0.961000
0.965409
0.960795
0.961192
0.970987
0.962854
0.961743
0.960448
0.956753
0.969934
0.965530
0.957756
0.957480
0.965686
0.958267
0.958924
0.961116
0.962909
0.957086
0.958080
0.962241
0.964686
0.959464
0.961736
0.962778
0.949089
0.966287
0.962382
0.958211
0.968035
0.965529
0.957796
0.956723
0.970001
0.965026
0.961463
0.957656
0.975474
0.969552
0.961391
0.963698
0.973952
0.972912
0.953765
0.954417
0.970189
0.954281
0.957627
0.959454
0.963999
0.971318
0.968852
0.966118
0.969951
0.965900
0.956627
0.954805
0.957834
0.960055
0.965951
0.962152
0.965535
0.971668
0.950271
0.954515
0.961570
0.968948
0.968404
0.960261
0.964355
0.964378
0.952663
0.964536
0.969414
0.965999
0.971785
0.965264
0.963373
0.966261
0.956904
0.962513
0.966880
0.973419
0.971071
0.959745
0.961652
0.959611
0.964995
0.956830
0.976135
0.963284
0.967426
