# 参数名称：backbone.features.9.conv.1.bias
# 参数形状：(384,)
# 参数数据类型：float32
# 参数值（保留6位小数）：
0.004240
0.008020
0.003563
0.002682
0.000048
-0.001917
0.000179
-0.008412
-0.003403
-0.006638
0.002853
-0.000253
-0.000053
-0.002963
0.003401
-0.001535
0.002039
-0.001055
0.003181
-0.001631
0.002750
-0.001720
-0.001092
-0.001532
0.002083
0.003281
-0.004901
0.002987
0.000813
-0.002345
0.000782
-0.001144
0.002676
0.005852
0.004369
0.005422
0.001058
0.003981
0.002330
0.000568
0.000945
0.000367
-0.000738
-0.000554
-0.001007
0.003425
-0.002762
-0.000902
-0.002230
-0.000598
-0.002539
0.003101
0.001991
0.000039
0.002930
-0.000080
-0.001308
0.005677
0.003636
0.002761
0.001488
0.000349
-0.001764
-0.006431
0.004766
0.000286
0.008212
0.002226
0.001125
0.004540
0.001301
-0.001449
0.002691
0.003692
-0.002590
0.003187
0.006737
-0.004592
-0.001092
0.003444
0.001681
0.005754
0.004551
-0.003600
0.005514
0.004591
0.002920
0.002660
0.000631
0.001127
-0.006349
0.005036
0.003401
-0.001424
0.004176
-0.001877
0.006940
0.001071
0.001200
0.011172
-0.000827
-0.003635
-0.001402
0.002462
0.001487
-0.001841
-0.005623
-0.001493
0.003323
-0.006036
0.000357
0.000674
-0.001605
-0.002594
-0.001166
0.009761
-0.000248
-0.002284
-0.001812
-0.001031
0.000113
-0.000263
-0.004977
0.004672
0.004586
-0.000395
0.002449
-0.002621
0.005019
-0.001751
0.001009
0.007689
-0.001473
0.002610
-0.011523
0.006411
0.008245
0.006027
0.001476
-0.002852
0.000913
0.005960
0.002796
-0.006516
0.002238
-0.004356
0.002949
-0.000408
-0.003591
0.001588
-0.001444
0.000549
0.007712
0.001236
0.005039
-0.002783
-0.000975
-0.001353
-0.001883
-0.000408
0.002345
0.006167
0.002470
-0.000694
0.002017
0.002201
0.000222
-0.004332
0.001416
-0.005552
0.000937
0.002006
-0.001043
-0.001986
-0.000309
0.008809
0.002681
0.008061
0.005022
-0.001948
0.000477
0.005113
0.001770
0.005031
0.003319
-0.006834
0.005719
-0.000454
0.000714
0.005632
0.006608
0.003966
-0.000628
0.001065
0.000237
0.005695
0.009188
0.001719
-0.003505
0.004987
0.001002
0.002873
-0.002759
0.005039
-0.004780
-0.000362
-0.000175
-0.001621
0.002599
0.000315
0.003433
-0.005898
-0.002145
0.005026
0.002759
0.002092
-0.000911
0.000155
0.003828
-0.004095
0.003167
0.001036
-0.001813
0.002135
0.007715
0.002947
0.003793
-0.002276
0.000337
-0.003524
0.002802
0.006057
0.004780
-0.001362
-0.006501
-0.004301
-0.007039
0.001614
0.001116
0.003290
0.003602
0.001665
0.002630
-0.004428
0.008569
-0.002575
0.008033
0.002559
-0.000917
0.001662
-0.001395
-0.001445
0.004371
0.002707
-0.003668
0.005617
0.006285
0.001267
0.001241
-0.000611
-0.000283
-0.002171
-0.004330
-0.000674
0.003386
0.002777
0.005289
-0.005434
-0.001284
-0.002249
-0.001443
0.003077
0.001980
0.001217
0.003885
0.002276
0.003247
0.002762
-0.001036
0.005850
-0.002820
0.003875
-0.000383
0.003005
0.000401
0.000822
0.001781
0.003457
0.000385
0.009677
0.002294
0.000944
-0.000097
-0.000783
0.003118
0.002964
0.005591
-0.001897
0.001799
0.000374
-0.001758
0.010685
0.000792
-0.001913
0.001110
-0.002243
-0.005353
0.003796
0.000475
0.001769
0.000312
0.008625
0.004784
0.007546
-0.001031
0.001881
-0.005385
0.001073
0.005515
-0.004217
0.001881
-0.000140
0.004455
0.006879
0.006992
0.003423
0.000942
-0.004417
0.003561
0.004047
0.002658
-0.001697
-0.005621
0.001151
-0.000104
0.004696
-0.001089
-0.000340
0.002313
0.001914
-0.000797
0.000229
0.004763
0.009814
-0.001502
0.001259
-0.002810
0.001366
-0.002250
0.002533
-0.000024
0.002380
-0.004449
-0.007616
-0.002208
0.002686
-0.000978
-0.004850
0.000307
0.002448
-0.000111
-0.001353
0.005290
0.008642
0.002167
-0.000442
-0.003055
0.007197
-0.000430
0.007374
0.004223
-0.001101
-0.001523
0.001367
-0.000067
0.004993
0.005130
-0.002314
-0.003057
0.005653
0.002808
-0.000575
-0.003794
0.009344
