# 参数名称：backbone.features.10.conv.4.weight
# 参数形状：(384,)
# 参数数据类型：float32
# 参数值（保留6位小数）：
0.961006
0.954152
0.974082
0.972375
0.956933
0.954030
0.982013
0.956259
0.969848
0.981862
0.963167
0.974593
0.950195
0.956689
0.985078
0.967150
0.962888
0.978970
0.977885
0.965460
0.972376
0.973270
0.978706
0.965604
0.978784
0.987582
0.973086
0.947476
0.966955
0.977233
0.975547
0.977614
0.968541
0.971757
0.964547
0.959863
0.958036
0.948741
0.963685
0.963531
0.967423
0.980289
0.964073
0.962509
0.962546
0.975749
0.971936
0.958598
0.982035
0.972426
0.965468
0.972549
0.961658
0.960705
0.974773
0.976378
0.983694
0.974092
0.946852
0.962259
0.957471
0.967297
0.985089
0.975044
0.965280
0.964351
0.950595
0.980243
0.932852
0.966398
0.964832
0.959700
0.971380
0.958149
0.967836
0.968545
0.970117
0.973596
0.966983
0.981318
0.970646
0.988223
0.963298
0.964598
0.973624
0.958622
0.976151
0.970098
0.955889
0.975269
0.967917
0.971694
0.942705
0.955095
0.972770
0.977456
0.975025
0.970817
0.976666
0.970181
0.974898
0.969551
0.968044
0.962155
0.966361
0.981043
0.979662
0.980754
0.977333
0.970443
0.970532
0.960218
0.973962
0.967763
0.986362
0.976393
0.961955
0.970032
0.958444
0.969298
0.964688
0.976138
0.958451
0.962637
0.978874
0.966581
0.974147
0.956994
0.975915
0.950426
0.983108
0.947920
0.980486
0.970040
0.971403
0.974991
0.975537
0.978805
0.968736
0.967714
0.970615
0.966001
0.968165
0.979491
0.976335
0.972398
0.965146
0.971741
0.967393
0.965469
0.973698
0.967598
0.976908
0.969025
0.965826
0.970941
0.950670
0.958210
0.971474
0.966865
0.974896
0.947371
0.953451
0.967042
0.969001
0.982716
0.979504
0.988524
0.957766
0.975932
0.977683
0.970526
0.955425
0.975093
0.961695
0.963986
0.972106
0.962048
0.950846
0.960951
0.976821
0.957593
0.951441
0.974828
0.954403
0.959179
0.964484
0.967382
0.982834
0.966311
0.952286
0.944512
0.972170
0.977959
0.964212
0.973797
0.960372
0.936321
0.950161
0.973986
0.969572
0.949503
0.965921
0.969081
0.965249
0.959449
0.951064
0.963567
0.962436
0.985126
0.952355
0.974338
0.963599
0.977943
0.966426
0.975415
0.974249
0.947356
0.979724
0.960818
0.963971
0.971574
0.960503
0.962178
0.964539
0.970921
0.965870
0.958064
0.964512
0.970112
0.952605
0.953011
0.976082
0.964829
0.983190
0.977481
0.969359
0.973782
0.968531
0.966678
0.979605
0.962346
0.976215
0.976384
0.973145
0.964213
0.956126
0.970564
0.961704
0.970415
0.973278
0.972544
0.977127
0.976295
0.969172
0.972489
0.955878
0.978212
0.971687
0.979505
0.952252
0.974443
0.953030
0.979872
0.983370
0.962466
0.962161
0.975751
0.960023
0.937711
0.965914
0.952743
0.957986
0.968782
0.958235
0.983951
0.973438
0.967756
0.977299
0.940177
0.951152
0.978400
0.980959
0.968080
0.964400
0.966365
0.969512
0.971023
0.958819
0.977092
0.957916
0.962913
0.955754
0.962407
0.965090
0.966179
0.982322
0.968303
0.975180
0.976393
0.959240
0.967524
0.971122
0.966780
0.965746
0.967930
0.965908
0.961945
0.961905
0.975963
0.967743
0.977039
0.960584
0.963763
0.958989
0.968428
0.970968
0.976500
0.966173
0.969511
0.973731
0.959760
0.960576
0.964738
0.968339
0.969376
0.953773
0.960026
0.969069
0.956955
0.950665
0.965640
0.970436
0.941694
0.971306
0.961592
0.968007
0.971151
0.968098
0.968693
0.973961
0.969259
0.969891
0.966706
0.954510
0.968493
0.950526
0.955915
0.954886
0.968975
0.976879
0.965797
0.976522
0.958678
0.962831
0.978181
0.969401
0.983705
0.985146
0.973750
0.975133
0.967385
0.985415
0.950357
0.956186
0.981187
0.982303
0.968898
0.970956
0.963673
0.977994
0.976305
0.976851
0.967275
0.957321
0.969626
0.968534
0.974932
0.959915
0.978601
0.975285
0.972171
0.952784
0.984030
