# 参数名称：backbone.features.2.conv.1.bias
# 参数形状：(96,)
# 参数数据类型：float32
# 参数值（保留6位小数）：
-0.001383
0.011814
-0.007613
-0.005365
0.010480
0.013857
-0.006413
0.000316
-0.001361
0.008609
0.011142
-0.001340
-0.001004
-0.005520
0.008883
0.018316
-0.003133
0.000218
0.011641
-0.000333
0.001262
-0.011274
-0.001746
0.001832
0.002293
0.013319
-0.006518
-0.003228
0.001329
-0.005817
0.005112
-0.002587
-0.007454
0.002327
0.001303
-0.008044
0.000154
-0.006450
0.010950
0.004202
-0.007972
-0.005370
0.003309
-0.004519
-0.002724
-0.003199
-0.007075
-0.000260
0.000999
-0.001540
0.006882
0.008779
-0.009618
0.005140
-0.001551
0.012009
-0.002240
-0.000705
0.006144
0.008922
-0.000851
-0.004937
0.003677
-0.000908
0.005796
0.010489
-0.010673
0.005212
0.005076
0.014548
-0.006165
-0.005767
-0.010428
-0.000008
0.015119
0.004390
0.001800
-0.006981
-0.008888
-0.003638
0.008816
-0.004278
0.007288
0.005215
-0.012240
-0.000259
0.008673
-0.006834
0.016768
0.004236
0.008147
0.006278
0.004012
0.010042
0.009427
0.009153
