# 参数名称：backbone.features.4.conv.1.weight
# 参数形状：(144,)
# 参数数据类型：float32
# 参数值（保留6位小数）：
0.972978
0.863350
0.988240
0.987583
0.890535
0.903971
0.874676
0.995056
0.896864
0.876737
0.922217
0.907947
0.987823
0.950745
0.979823
0.964719
0.869467
0.872155
0.881187
0.959700
0.978152
0.861843
0.990113
0.989502
0.976824
0.916482
0.865272
0.966740
0.963274
0.975448
0.874417
0.883717
0.879054
0.999613
0.983435
0.886354
0.976090
0.989338
0.971913
0.884948
0.987581
0.969628
0.980336
0.983813
0.975248
0.952332
0.972465
0.975970
0.880918
0.962000
0.969282
0.987457
0.897216
0.884376
0.974007
0.991893
0.986756
0.944596
0.973479
0.937261
0.942012
0.905310
0.982700
0.882083
0.871709
0.963481
0.981864
0.887201
0.961299
0.934842
0.966400
0.983373
0.974153
0.948439
0.943433
0.994707
0.905626
0.963734
0.960028
0.956730
0.911826
0.950805
0.964946
0.920265
0.868555
0.954981
0.974607
0.865938
0.966348
0.863712
0.973177
0.988433
0.991191
0.914343
0.965465
0.870517
0.991438
0.885801
0.857287
0.871006
0.986457
0.881193
0.869296
0.979451
0.988265
0.904220
0.964908
0.989331
0.924530
0.979176
0.907863
0.880207
0.953916
0.983650
0.924285
0.958924
0.886315
0.859189
0.969272
0.985807
0.981664
0.978606
0.928947
0.982673
0.994813
0.957238
0.965456
0.913256
0.985741
0.987729
0.980578
0.980721
0.980774
0.966802
0.976853
0.987208
0.867477
0.961223
0.968988
0.958284
0.988322
0.984162
0.948978
0.924084
