# 参数名称：backbone.features.16.conv.1.weight
# 参数形状：(960,)
# 参数数据类型：float32
# 参数值（保留6位小数）：
0.857232
0.857260
0.864523
0.858904
0.893885
0.857441
0.857545
0.857390
0.916378
0.888433
0.858959
0.857502
0.857308
0.857210
0.870544
0.857529
0.863045
0.857245
0.857659
0.857275
0.857228
0.858918
0.861321
0.857381
0.920764
0.896104
0.857029
0.869751
0.857129
0.860831
0.857192
0.857381
0.857233
0.858883
0.860135
0.858709
0.857119
0.857315
0.857310
0.858915
0.857206
0.858330
0.857228
0.857332
0.857112
0.857247
0.857265
0.867025
0.857448
0.857285
0.857242
0.858782
0.857493
0.857251
0.859474
0.873221
0.857250
0.859187
0.858379
0.861710
0.865088
0.857788
0.870342
0.857187
0.862103
0.857192
0.857320
0.869769
0.857151
0.857122
0.857389
0.857303
0.891349
0.857455
0.857783
0.868559
0.857309
0.857250
0.857302
0.858769
0.858407
0.857162
0.858288
0.857612
0.857109
0.857164
0.859176
0.857804
0.866948
0.864851
0.857619
0.868151
0.857557
0.879431
0.857406
0.858493
0.864799
0.857235
0.857219
0.859515
0.865583
0.857285
0.858551
0.857185
0.857109
0.857834
0.857135
0.857943
0.857206
0.857186
0.860062
0.857301
0.857174
0.857469
0.860373
0.857603
0.857204
0.890777
0.877251
0.857167
0.860481
0.857787
0.857309
0.873909
0.873213
0.857148
0.857259
0.857344
0.893021
0.879842
0.857271
0.857235
0.857311
0.857804
0.935902
0.857298
0.858445
0.892759
0.857171
0.858065
0.859083
0.857187
0.857414
0.857211
0.857408
0.857204
0.857562
0.865259
0.857228
0.857700
0.857308
0.860951
0.857219
0.864788
0.857265
0.857157
0.863173
0.857383
0.860953
0.857203
0.857741
0.857138
0.857404
0.857185
0.865156
0.857592
0.857385
0.883393
0.857525
0.859000
0.858848
0.861080
0.858257
0.883042
0.857176
0.860367
0.857368
0.857229
0.858617
0.876056
0.857154
0.879062
0.857234
0.857175
0.857161
0.857406
0.912054
0.880231
0.857655
0.857187
0.897166
0.858169
0.858325
0.857188
0.857689
0.857449
0.915271
0.863814
0.857170
0.857538
0.865932
0.857320
0.868677
0.857313
0.857398
0.864309
0.857547
0.857458
0.889939
0.894011
0.900988
0.857267
0.857159
0.859717
0.862674
0.857158
0.857341
0.858879
0.858353
0.857246
0.857289
0.857221
0.858495
0.860812
0.857499
0.862192
0.857351
0.857243
0.857194
0.878257
0.857356
0.892673
0.916475
0.857150
0.857461
0.857139
0.857774
0.857305
0.896750
0.857202
0.863322
0.862914
0.881768
0.902780
0.857737
0.857217
0.857291
0.877293
0.879639
0.857295
0.857116
0.857626
0.857438
0.857239
0.860677
0.857147
0.859226
0.876894
0.867925
0.863776
0.860778
0.857610
0.867508
0.876124
0.875517
0.858320
0.857185
0.857277
0.859099
0.862884
0.857528
0.857135
0.858355
0.881475
0.910599
0.857768
0.859817
0.857219
0.857456
0.870734
0.914451
0.861233
0.923514
0.858905
0.857171
0.860024
0.857271
0.859390
0.857462
0.857396
0.857246
0.857387
0.870763
0.859278
0.858891
0.867617
0.857174
0.858254
0.857296
0.857342
0.857173
0.858387
0.857468
0.858038
0.859643
0.858144
0.857332
0.891328
0.857196
0.857480
0.857487
0.857274
0.877372
0.857549
0.857160
0.857260
0.857690
0.857377
0.909233
0.875355
0.880084
0.858366
0.857675
0.857314
0.892580
0.878499
0.912392
0.858557
0.857251
0.857251
0.913159
0.871791
0.857392
0.857280
0.861208
0.914190
0.886566
0.857217
0.858642
0.857438
0.859986
0.891122
0.918312
0.907943
0.860726
0.910786
0.857126
0.864049
0.857168
0.857435
0.885341
0.857382
0.857916
0.857188
0.857695
0.858081
0.872672
0.860413
0.868674
0.868283
0.857428
0.858720
0.858482
0.879605
0.861343
0.906839
0.878315
0.857662
0.863262
0.859245
0.857253
0.857437
0.858802
0.857401
0.901153
0.857116
0.857259
0.863781
0.909770
0.857772
0.880420
0.857435
0.857170
0.857137
0.857139
0.858092
0.857349
0.874309
0.857149
0.857347
0.858505
0.875288
0.857367
0.859773
0.865408
0.857103
0.857719
0.858511
0.857129
0.857144
0.859144
0.857157
0.867502
0.869234
0.857142
0.859854
0.857269
0.858032
0.859380
0.858171
0.863852
0.857938
0.865497
0.857866
0.857357
0.864175
0.896897
0.876351
0.857579
0.859847
0.857319
0.906705
0.872538
0.860343
0.857165
0.857498
0.884062
0.857292
0.903980
0.857203
0.857402
0.857173
0.857704
0.857347
0.857288
0.895637
0.857365
0.876698
0.902451
0.870472
0.867217
0.860838
0.859531
0.874214
0.857208
0.866009
0.860097
0.875253
0.857629
0.863346
0.868231
0.858443
0.910623
0.857536
0.857248
0.857183
0.857412
0.885821
0.857162
0.857177
0.857517
0.884586
0.857203
0.857186
0.857324
0.857415
0.857671
0.878708
0.860285
0.857336
0.895287
0.858193
0.857321
0.859243
0.881411
0.862514
0.858887
0.857651
0.858200
0.857293
0.859329
0.857548
0.857909
0.863504
0.865308
0.859113
0.919428
0.857189
0.857196
0.866086
0.906998
0.857153
0.857161
0.857126
0.857235
0.861116
0.857241
0.857149
0.857298
0.857428
0.857169
0.871888
0.880738
0.863631
0.857158
0.868936
0.857271
0.858670
0.857201
0.857145
0.902210
0.865253
0.857217
0.857409
0.859085
0.865144
0.857143
0.884178
0.857705
0.857282
0.876059
0.857159
0.857266
0.857261
0.858006
0.927576
0.857130
0.880258
0.857336
0.858692
0.934009
0.861436
0.910660
0.871846
0.857382
0.857216
0.857492
0.857152
0.857193
0.860494
0.863297
0.867042
0.902023
0.869785
0.857238
0.860452
0.857359
0.857605
0.859899
0.860130
0.857543
0.859082
0.857332
0.869645
0.857215
0.860507
0.906960
0.857381
0.858285
0.857577
0.857270
0.857230
0.857265
0.877528
0.857945
0.857171
0.857131
0.857636
0.859113
0.857186
0.857508
0.871258
0.857174
0.857121
0.857538
0.857121
0.857117
0.857155
0.862643
0.857196
0.857460
0.903731
0.860698
0.857326
0.859975
0.862707
0.868329
0.859413
0.857129
0.867027
0.858036
0.857326
0.857666
0.857371
0.857179
0.858804
0.857280
0.857457
0.857776
0.858131
0.857544
0.857187
0.902079
0.857100
0.857684
0.858988
0.857112
0.860830
0.857154
0.859071
0.861961
0.857628
0.922580
0.873958
0.857268
0.857221
0.857342
0.877188
0.869388
0.857721
0.864378
0.857268
0.864990
0.858715
0.900688
0.857389
0.861849
0.859940
0.858091
0.857160
0.857120
0.857269
0.858362
0.919094
0.857757
0.880131
0.858292
0.859667
0.857617
0.897030
0.891721
0.857922
0.857297
0.893764
0.862378
0.857429
0.893194
0.865343
0.858230
0.857508
0.857162
0.857217
0.857948
0.863013
0.857427
0.857881
0.857441
0.871451
0.857652
0.859235
0.857238
0.885113
0.857177
0.857178
0.857196
0.858010
0.872394
0.857557
0.860008
0.857279
0.891509
0.859275
0.857753
0.863584
0.887439
0.858665
0.861623
0.857139
0.857181
0.857240
0.864193
0.857492
0.857154
0.857131
0.857195
0.899465
0.857225
0.857209
0.857136
0.859829
0.858329
0.857410
0.878200
0.861299
0.857192
0.857189
0.857236
0.860568
0.861516
0.894805
0.857765
0.857411
0.880660
0.857863
0.903737
0.857217
0.865355
0.859323
0.857609
0.857329
0.866263
0.877832
0.857794
0.857314
0.857391
0.857964
0.857725
0.867714
0.890385
0.914830
0.857361
0.874249
0.927230
0.865326
0.857352
0.907719
0.857269
0.857969
0.857402
0.857188
0.857345
0.886737
0.857274
0.858160
0.857147
0.858725
0.869927
0.857744
0.858411
0.862965
0.858594
0.863218
0.867379
0.858092
0.858010
0.857208
0.859432
0.857308
0.857493
0.857571
0.857183
0.857152
0.897505
0.892185
0.857275
0.857447
0.857275
0.869326
0.857880
0.857379
0.858336
0.863228
0.858769
0.860769
0.859855
0.857801
0.857477
0.857708
0.919253
0.862553
0.857355
0.857158
0.869308
0.861434
0.863414
0.857209
0.859908
0.857907
0.857771
0.857151
0.857165
0.895962
0.857235
0.857189
0.857195
0.877634
0.905024
0.860066
0.864860
0.857316
0.857724
0.857191
0.858550
0.857259
0.923196
0.857204
0.857867
0.858064
0.857398
0.857141
0.857330
0.860474
0.858502
0.911762
0.857202
0.857280
0.858736
0.858309
0.857169
0.857405
0.857469
0.857318
0.857157
0.857233
0.888728
0.857193
0.857892
0.857801
0.866263
0.857349
0.881929
0.869980
0.857126
0.870424
0.858654
0.860293
0.857130
0.857149
0.857522
0.857585
0.857128
0.858605
0.857372
0.858424
0.860786
0.859125
0.872699
0.857250
0.857588
0.875005
0.870517
0.868400
0.857602
0.862479
0.887763
0.862718
0.857177
0.857270
0.857509
0.857157
0.857147
0.859589
0.858092
0.857970
0.857169
0.857450
0.857239
0.874291
0.857718
0.857569
0.857128
0.877385
0.857810
0.872462
0.857279
0.857129
0.859010
0.858049
0.860922
0.857675
0.871064
0.857223
0.857341
0.862910
0.882054
0.858039
0.911542
0.857330
0.862751
0.857216
0.859004
0.857852
0.857789
0.859047
0.890153
0.858398
0.857873
0.857571
0.870187
0.857525
0.857211
0.857520
0.868314
0.857238
0.859120
0.857324
0.857120
0.857293
0.857275
0.857601
0.857163
0.938094
0.880590
0.857158
0.857344
0.859167
0.857384
0.857405
0.857435
0.857124
0.857274
0.902723
0.857261
0.858417
0.860441
0.860599
0.857439
0.857684
0.857262
0.857219
0.857154
0.857169
0.858517
0.862405
0.862638
0.857184
0.857394
0.857145
0.898501
0.862334
0.857241
0.871376
0.857797
0.857424
0.857223
0.863441
0.863554
0.857632
0.857945
0.878511
0.858602
0.858195
0.857149
0.864577
0.858539
0.857506
0.857273
0.862846
0.857343
0.857344
0.878156
0.879412
0.857266
0.863844
0.861318
0.857238
0.879531
0.857936
0.858059
0.857136
