# 参数名称：backbone.features.5.conv.1.running_var
# 参数形状：(192,)
# 参数数据类型：float32
# 参数值（保留6位小数）：
0.436751
0.248141
0.543279
0.381972
0.143784
0.481857
0.391407
0.171904
0.563812
0.288171
0.264542
0.316393
0.376489
0.193938
0.125756
0.212775
0.190176
0.136753
0.228425
0.308765
0.460637
0.549960
0.470695
0.628096
0.185715
0.630447
0.378253
0.336010
0.720200
0.327765
0.150453
0.233581
0.420720
0.149949
0.333237
0.530036
0.457787
0.329482
0.311149
0.186046
0.319945
0.199870
0.462711
0.386634
0.214744
0.393037
0.323176
0.360088
0.111009
0.455388
0.435167
0.370220
0.376990
0.270661
0.230133
0.214143
0.150926
0.464441
0.216632
0.213907
0.208844
0.477761
0.255303
0.362373
0.217087
0.276688
0.193019
0.295289
0.330700
0.133270
0.280706
0.367881
0.377094
0.384777
0.643271
0.599834
0.182403
0.453231
0.315690
0.265832
0.538347
0.206546
0.384585
0.301028
0.567085
0.338708
0.391766
0.546637
0.257569
0.279744
0.303376
0.277884
0.543856
0.297597
0.222354
0.350051
0.388619
0.272384
0.420409
0.403332
0.329550
0.348088
0.250748
0.332759
0.608708
0.482187
0.320462
0.431341
0.561314
0.395065
0.148704
0.222215
0.524936
0.223289
0.304080
0.175504
0.206827
0.444493
0.168429
0.260584
0.236196
0.305521
0.362391
0.390761
0.340511
0.547257
0.198737
0.254850
0.453807
0.633432
0.156690
0.343559
0.459705
0.170313
0.474729
0.383367
0.500534
0.672821
0.469307
0.160212
0.353566
0.456350
0.166178
0.404592
0.139709
0.321792
0.210547
0.428733
0.147135
0.490272
0.549235
0.247597
0.469894
0.341815
0.167991
0.281425
0.300801
0.311084
0.367555
0.161601
0.445155
0.293981
0.762589
0.440423
0.281359
0.354780
0.342573
0.210078
0.132709
0.230771
0.267605
0.434791
0.709111
0.355260
0.159799
0.655039
0.221619
0.344742
0.503971
0.375965
0.093477
0.438135
0.526383
0.405529
0.601789
0.357275
0.425010
0.545947
0.414631
0.400385
0.338527
0.197059
