# 参数名称：backbone.features.7.conv.1.weight
# 参数形状：(192,)
# 参数数据类型：float32
# 参数值（保留6位小数）：
0.880991
0.930292
0.894425
0.893095
0.959314
0.884391
0.863215
0.956348
0.866739
0.955900
0.915902
0.937087
0.911589
0.867207
0.873764
0.872559
0.859233
0.961126
0.947434
0.949751
0.950277
0.857865
0.956817
0.921673
0.871451
0.866152
0.915452
0.862951
0.859367
0.916303
0.917073
0.932635
0.964591
0.867910
0.945715
0.863858
0.920741
0.900003
0.915782
0.951715
0.966881
0.898529
0.938953
0.953624
0.971220
0.862612
0.938315
0.874054
0.913296
0.889802
0.861459
0.886473
0.897534
0.939059
0.956176
0.957802
0.965779
0.913827
0.861006
0.970939
0.950728
0.909837
0.910432
0.948018
0.891133
0.861554
0.970499
0.878306
0.867180
0.946938
0.945507
0.962925
0.941202
0.926022
0.936489
0.868679
0.931980
0.944316
0.935327
0.932050
0.960817
0.919451
0.977194
0.953881
0.911915
0.899807
0.954397
0.892554
0.932258
0.931773
0.960595
0.933629
0.965164
0.963352
0.947683
0.902461
0.934034
0.944678
0.877776
0.952643
0.861118
0.885381
0.934001
0.872683
0.959861
0.898003
0.859486
0.906832
0.957706
0.863180
0.896616
0.909789
0.872224
0.862952
0.940669
0.862526
0.961043
0.859403
0.926722
0.966634
0.965586
0.906286
0.879265
0.863488
0.879196
0.862012
0.867172
0.925469
0.963252
0.868990
0.938302
0.895022
0.921195
0.958738
0.869285
0.890434
0.909767
0.966949
0.913568
0.939749
0.946226
0.866174
0.955698
0.869546
0.865937
0.884574
0.946692
0.947698
0.958704
0.942364
0.934719
0.966324
0.883281
0.879836
0.859061
0.968610
0.930471
0.907034
0.940066
0.961405
0.859814
0.920710
0.939816
0.945045
0.955532
0.933399
0.860620
0.965685
0.886350
0.951781
0.899958
0.928813
0.880768
0.886882
0.946794
0.926119
0.935390
0.940293
0.857731
0.862450
0.932505
0.953735
0.941486
0.870193
0.951773
0.925600
0.914425
0.859734
0.952023
0.962223
0.955525
0.901282
