# 参数名称：backbone.features.2.conv.6.weight
# 参数形状：(24, 96, 1, 1)
# 参数数据类型：float32
# 参数值（保留6位小数）：
0.486985
-0.221422
-0.410456
0.155665
-0.272003
-0.373684
-0.279020
-0.135828
0.383014
0.204351
-0.457369
-0.388970
0.352261
-0.083490
0.339807
0.323746
-0.262644
0.140494
0.810829
-0.038500
-0.291968
0.127058
0.060453
-0.197148
-0.036795
-0.181199
-0.184745
0.174365
-0.385335
0.025061
0.465842
-0.038426
-0.223890
0.465674
0.169576
0.478611
-0.542201
-0.375659
-0.114668
0.062533
0.236052
-0.140179
0.160917
0.212646
0.334503
-0.339529
0.551396
0.159697
-0.017181
0.500992
0.200519
0.322419
-0.178962
0.276518
-0.133200
-0.252884
-0.115428
-0.302905
-0.128647
0.077393
0.207915
0.366099
-0.031787
0.114637
0.938813
-0.258472
0.676267
-0.301555
-0.145073
-0.202972
0.271243
0.141486
0.306409
0.039727
0.035500
-0.103928
0.089078
0.090167
0.484299
0.211113
0.196744
-0.215127
0.630352
0.284899
0.268538
-0.332768
-0.265101
-0.558349
0.274810
-0.065237
-0.047908
-0.067679
-0.363740
-0.257243
-0.060996
0.339892
0.124033
-0.255956
0.295565
-0.811506
-0.507338
-0.262145
-0.347883
0.384976
-0.092099
-0.620678
0.017259
0.162351
-0.305350
0.101060
0.292611
-0.152374
-0.013504
-0.104342
0.136128
0.754341
-0.202383
0.307871
-0.140244
0.439622
-0.573492
-0.715200
0.830035
0.005709
-0.248771
0.179121
0.110824
-0.074649
-0.370159
0.083892
0.043512
-0.146444
-0.219455
0.179978
-0.452796
0.397798
0.448384
0.436432
-0.356854
0.411557
-0.313633
-0.185690
0.018568
-0.521060
-0.234654
-0.347561
-0.110674
0.282382
-0.224160
0.632910
-0.136562
0.591029
-0.336186
0.411840
0.055033
0.041811
0.197708
-0.037592
-0.106628
0.198482
-0.531923
-0.225829
-0.065175
0.470607
0.005022
-0.029401
-0.224599
-0.119155
-0.106319
0.086160
0.549566
0.057529
0.282170
-0.414389
0.068695
-0.389923
-0.320402
-0.217326
0.846391
0.299420
-0.098171
0.069988
0.190724
-0.054550
0.283012
-0.261110
0.386124
-0.614898
0.014732
0.528463
0.135492
-0.253779
-0.344809
0.424910
0.107456
0.445444
-0.114818
-0.107570
-0.366615
-0.168138
-0.346244
0.479674
0.227548
0.414759
0.175733
0.078779
-0.001922
0.334752
-0.350332
-0.224565
-0.032205
0.298446
-0.137858
0.367149
-0.419475
-0.511922
-0.398549
0.044944
0.146437
-0.032215
0.498203
-0.028587
0.622425
-0.016599
0.000335
0.064054
-0.030116
0.393581
-0.191769
0.226004
0.147476
0.062419
0.232881
0.361797
-0.216890
0.430299
0.308923
0.498296
-0.274657
-0.171110
0.101226
-0.363733
0.059285
0.329604
-0.676284
-0.630189
0.634680
0.475609
0.226080
0.357997
-0.084517
-0.157341
0.118767
-0.030175
0.104491
0.164906
-0.121633
0.133161
0.101613
-0.301859
-0.171246
-0.122810
-0.116273
-0.264889
-0.032348
-0.018604
0.184000
-0.226073
-0.096601
-0.100036
-0.166395
-0.152806
0.040082
-0.309878
-0.173770
0.348246
-0.043284
-0.135367
-0.443635
0.206408
0.013155
0.333937
0.329348
-0.558866
0.029438
0.114171
-0.221277
-0.635556
-0.411177
-0.199535
0.107516
-0.213811
-0.267680
-0.289326
-0.178935
0.344103
-0.219289
-0.089505
0.175086
-0.377096
0.241110
0.202732
-0.126140
-0.102624
-0.030103
0.092581
-0.196045
-0.017810
-0.473244
0.120590
0.122050
0.116140
0.462097
-0.262661
-0.594973
0.376020
-0.058321
-0.135543
-0.133918
0.228322
0.088998
0.007578
0.419715
0.046282
0.953225
0.258283
0.278180
-0.032989
-0.038658
-0.334318
0.037693
-0.174446
-0.009393
-0.381003
-0.202326
0.170848
0.116623
0.307285
-0.283970
-0.268418
0.415608
0.686404
0.230097
-0.122031
0.130650
0.332138
-0.470721
0.138723
0.546721
-0.237324
-0.228356
-0.080034
-0.073004
0.157462
-0.044243
-0.175943
-0.127110
-0.059354
-0.125539
0.073345
-0.310461
-0.203151
0.596143
-0.683071
-0.561233
-0.210404
0.148982
-0.495588
0.192696
0.195377
0.323584
-0.108478
-0.190734
-0.126321
-0.090297
0.286471
0.027198
-0.093464
0.470953
-0.021781
-0.122440
0.545118
-0.023550
0.150573
0.102184
0.262363
-0.291676
0.245015
-0.455494
0.070278
-0.355402
-0.597393
-0.363209
-0.023075
-0.218655
-0.115430
-0.032420
-0.355106
0.203045
-0.095395
-0.007507
-0.572941
-0.008949
0.503730
0.515495
0.238495
-0.475890
0.266698
-0.028024
0.074047
0.014512
0.139271
-0.228198
-0.021546
0.050290
-0.135943
0.286501
0.469247
-0.023755
0.314978
0.068064
0.200298
0.087865
-0.017288
0.056270
0.206298
-0.337410
0.234653
0.119571
-0.220561
0.272815
-0.115831
0.290793
-0.407594
0.345013
0.141793
0.083927
-0.188836
-0.295603
-0.532899
0.069101
-0.263483
0.142707
0.301784
0.456441
0.054086
0.377962
0.321572
-0.048152
0.319299
0.417438
-0.179909
0.150135
-0.312848
0.104599
-0.102859
0.056272
-0.288292
0.686849
0.079193
0.065559
0.099299
-0.475248
-0.013260
-0.392770
0.319872
0.146146
0.129924
-0.315448
0.120665
-0.161235
-0.131073
-0.087297
0.058998
-0.398455
0.043579
-0.067116
0.206927
0.279296
-0.466170
0.071594
-0.039833
0.103835
-0.163497
-0.104159
0.298033
-0.077451
0.217440
-0.075106
-0.191033
0.193921
-0.329724
-0.335540
-0.411836
0.203625
-0.185650
0.023908
-0.074125
-0.514080
0.069139
0.187270
0.069305
-0.018184
0.332736
-0.702940
-0.115059
-0.585582
-0.563195
0.243319
0.298177
-0.368860
0.143716
-0.185099
0.242748
0.271981
0.112933
-0.090634
-0.231289
-0.009520
0.272262
-0.268762
0.186218
-0.001496
-0.313111
0.199746
0.282674
0.033852
0.324385
-0.291213
0.074036
0.044106
0.219258
0.124786
0.221833
-0.400216
0.023673
0.214791
-0.589018
-0.157993
-0.265201
-0.037426
0.012107
0.146091
-0.326854
-0.464440
0.251797
0.358539
-0.147144
0.083773
0.077523
-0.363005
-0.400205
-0.203173
-0.071277
0.631533
-0.371953
-0.148166
0.353835
0.231077
-0.142244
-0.301117
0.021064
-0.203219
-0.372559
0.011939
-0.046466
-0.272051
-0.782310
-0.347331
0.459037
0.239967
-0.146466
0.092031
-0.283019
0.130187
-0.257488
-0.047250
0.553010
0.091368
-0.252163
-0.441572
-0.641453
-0.079543
-0.437693
-0.230410
-0.369207
0.062700
0.351164
-0.140623
0.167466
0.478170
-0.233163
-0.154111
-0.083900
0.041007
0.255061
0.183736
-0.224974
-0.050756
0.034675
0.058258
-0.595978
0.113246
-0.237334
-0.356052
-0.254840
0.038188
0.034672
0.371077
-0.297766
0.009077
-0.040132
-0.035023
-0.025598
0.096369
-0.124750
0.192071
-0.170857
0.059028
-0.394761
0.000219
0.310776
-0.160213
0.107338
0.088604
-0.352314
0.413184
0.214959
-0.779258
-0.058138
-0.342000
-0.155829
0.215913
0.287458
0.155718
0.233695
-0.527682
-0.126186
0.130749
0.344757
0.779755
0.034351
-0.244236
-0.112861
-0.181847
-0.199173
-0.109769
0.024442
0.287094
0.009312
0.254032
-0.390856
0.125228
0.318152
0.312328
-0.183397
-0.553558
-0.458679
0.298242
0.074339
0.113013
0.535627
0.158446
0.482621
0.308315
-0.356998
0.463427
-0.108102
0.044471
0.193632
-0.208730
-0.117106
-0.119396
0.023600
0.256953
0.643982
0.338949
0.418012
-0.304185
-0.008271
0.094562
-0.025701
0.081032
0.533227
0.294356
0.226946
0.111391
-0.068966
-0.124825
0.302812
-0.242446
-0.362546
-0.161912
0.073492
-0.403416
0.084526
-0.432399
-0.253079
0.247726
-0.059707
-0.067161
-0.171846
-0.418940
-0.102596
0.148030
-0.158728
-0.302734
0.338297
-0.286142
0.196097
0.310963
0.219951
-0.044724
0.347252
-0.123266
0.011244
0.287944
-0.388360
0.166901
0.562665
0.037721
-0.245043
-0.402534
-0.144676
0.362294
0.082420
-0.444622
0.152615
-0.125830
-0.593762
-0.173112
0.074863
0.210592
0.444752
-0.126395
0.301293
0.250747
-0.488331
-0.185974
-0.101693
-0.031606
0.214130
0.329663
-0.099776
-0.424734
0.030137
0.313488
0.347875
0.407279
0.393411
0.190897
0.268538
0.064055
-0.034450
-0.297282
-0.172161
0.631037
0.309747
-0.158799
0.111134
-0.047949
-0.650363
-0.244550
-0.032944
0.227348
-0.284165
0.254450
0.176139
-0.031922
-0.333234
-0.171255
0.441052
0.140387
0.116245
0.116821
0.042460
0.622008
-0.130268
-0.188315
0.171853
0.117862
-0.153703
-0.026720
-0.175609
0.351475
-0.261656
-0.339703
0.144284
-0.615836
0.084389
-0.045977
-0.210056
-0.053256
-0.323430
-0.019978
-0.024869
-0.103079
0.121979
0.072833
0.303556
-0.036251
0.151072
-0.629633
0.020550
-0.374367
0.076981
0.466973
-0.330015
-0.012576
0.161755
0.366221
-0.172598
0.304774
-0.545894
0.261700
0.136526
0.194025
-0.079854
0.220189
-0.196902
0.250276
-0.010686
0.171441
-0.455220
-0.001819
0.108495
0.220479
0.293564
0.355573
0.197145
0.616442
0.338486
-0.296482
0.025183
0.173127
-0.326767
-0.028032
-0.238766
-0.400917
-0.055956
-0.184623
-0.022006
-0.502834
-0.256334
-0.079211
-0.501972
-0.204903
0.278575
-0.279933
-0.426822
-0.193427
0.032545
0.220089
0.137942
0.164970
-0.038869
-0.562646
0.072078
-0.257303
-0.132218
0.152410
-0.294584
0.104774
-0.001332
-0.236520
0.257615
0.171986
0.151968
-0.379974
-0.049770
-0.381776
0.140295
0.037267
-0.436027
0.231048
0.180037
-0.424387
-0.276378
0.097018
-0.192462
-0.299751
0.207519
0.058131
0.406806
-0.211606
0.145216
-0.094965
0.007737
-0.363465
0.054051
0.059484
-0.183723
-0.096690
-0.588764
0.008319
-0.069703
0.680319
0.243582
0.043292
0.489405
-0.008536
0.201853
0.455308
-0.064378
0.220720
0.142331
-0.320617
-0.314400
-0.114815
0.210533
-0.035094
0.040582
-0.013752
0.130975
-0.268288
-0.150354
-0.287786
0.342055
-0.215638
-0.231756
-0.427141
0.118540
-0.302145
0.130437
0.290314
0.355153
-0.085847
0.001707
0.618457
-0.134896
-0.198275
-0.421803
-0.181534
0.054208
0.728597
-0.138828
0.546809
-0.776572
0.243465
0.206488
0.193087
0.085490
-0.296761
-0.103007
-0.095870
-0.275238
-0.264834
0.201281
0.136709
0.181398
-0.438575
0.213082
-0.263288
0.138670
0.049633
-0.311181
-0.351308
-0.162446
-0.036347
-0.079737
-0.162150
-0.237656
0.029333
-0.095698
0.193960
-0.179491
0.539830
-0.136197
0.279316
-0.011051
-0.012528
0.116324
0.065201
0.146408
-0.271349
0.224981
-0.025662
-0.078954
-0.158143
0.334371
-0.148414
0.168512
-0.030363
-0.140225
0.071354
0.016304
0.125392
-0.121949
0.088105
-0.186956
-0.128285
0.005789
-0.045551
-0.126427
-0.074332
-0.593505
-0.099002
-0.029251
0.227100
-0.092513
0.607215
0.028605
-0.071324
0.310373
-0.031569
-0.038909
0.561256
-0.252896
-0.881982
0.125209
-0.069600
-0.387181
-0.008410
0.323964
-0.274407
-0.231280
0.022643
0.010681
-0.015806
-0.107078
0.254333
0.658342
0.446950
0.157793
-0.164692
-0.077562
-0.146248
0.050950
0.405993
0.100959
-0.601551
-0.474091
0.278195
0.673110
-0.235468
0.210933
0.412226
0.519992
0.183671
-0.061543
-0.189875
0.394117
-0.007436
-0.368393
0.211131
0.373118
0.077082
-0.194308
0.261350
-0.060276
0.171905
-0.407396
-0.274179
0.043421
0.003102
0.152213
-0.376529
0.181010
0.045026
-0.105857
-0.270806
-0.167578
0.043919
-0.168918
0.769693
-0.133450
-0.140168
-0.142231
0.062959
-0.268669
-0.145970
-0.137344
-0.086194
-0.090828
-0.415112
0.037017
0.617348
0.235464
-0.008104
-0.090287
-0.124715
0.072882
-0.159439
-0.108386
0.053024
-0.076710
0.232708
0.086058
0.334499
0.104528
-0.111964
-0.662209
-0.138394
0.084971
0.003366
0.383511
0.016415
0.513126
-0.068073
0.094421
0.136315
0.326379
-0.148208
0.219316
-0.042041
0.634613
-0.110497
0.019680
-0.015403
0.686412
0.245357
-0.083813
0.077251
-0.127451
0.013177
-0.297963
-0.112320
-0.434091
0.354978
-0.020213
-0.167234
0.110638
0.046966
-0.157149
0.148896
0.091213
0.239840
-0.081670
-0.276513
0.001505
0.254828
-0.257129
-0.082885
-0.144957
0.027843
-0.193781
0.040463
0.228954
0.105079
-0.104614
-0.304136
-0.392526
0.051898
0.467735
-0.355249
0.180884
0.551295
0.125267
-0.531527
-0.501917
0.263120
0.282497
-0.104203
0.031270
0.193690
-0.076998
-0.401407
0.166181
0.093690
0.078291
0.050823
-0.522878
0.252562
-0.145820
0.045656
-0.264370
-0.080332
0.630390
0.148850
0.228065
-0.163233
-0.052820
-0.235545
0.227139
0.016025
0.087951
0.012349
0.361863
-0.397310
0.434402
0.156469
0.004157
-0.095419
-0.155246
0.290451
0.155348
-0.132170
-0.117024
0.091183
0.339211
-0.367321
0.204949
-0.878426
0.101861
0.175944
-0.168374
-0.287191
-0.022539
-0.080676
0.494391
-0.108216
0.323427
-0.187583
-0.141304
0.035427
0.902592
0.207064
-0.235308
-0.445694
0.285314
-0.338181
0.147940
0.365031
0.155537
0.223702
0.589734
0.217122
0.387981
0.423592
0.110120
0.237608
0.238197
-0.228500
-0.087786
0.312683
-0.335852
0.146113
0.162800
-0.383546
-0.309271
-0.327342
-0.090628
-0.057725
0.012962
-0.285863
-0.118860
-0.417599
-0.250085
-0.345378
-0.374329
0.099842
0.047432
0.243387
-0.026469
-0.020911
0.398386
0.011593
-0.026897
-0.285436
0.176814
0.354856
-0.145638
0.018835
-0.358218
-0.439689
0.218663
-0.055735
-0.005805
0.399460
-0.095340
0.123508
-0.028116
0.316945
0.017662
0.375835
0.043675
0.212372
-0.221233
-0.028443
0.097457
0.144836
0.060750
0.108067
-0.376589
-0.250746
-0.295034
0.042305
-0.532583
0.328180
-0.146147
0.135371
-0.148335
0.200200
0.703255
0.166789
0.309348
-0.971560
0.023238
-0.754145
0.111668
-0.153966
-0.174098
-0.763276
0.600608
-0.121981
0.057000
-0.369485
-0.343278
0.415271
0.432389
0.190260
-0.025971
0.606509
-0.350617
0.256446
0.182281
-0.319912
0.040396
-0.278511
0.165702
0.104113
0.122624
-0.424079
-0.180392
-0.500990
-0.381145
0.200564
0.343872
0.161877
-0.543221
0.148598
0.167003
0.232669
0.001573
-0.286907
-0.122877
0.270031
-0.279060
-0.082931
-0.065264
0.055606
0.344790
0.186775
-0.282178
-0.527660
0.117715
0.338143
0.078586
-0.360658
0.427731
0.692768
-0.418948
0.000834
-0.310221
-0.552237
0.863732
-0.030073
0.260677
0.070949
0.136492
-0.037027
-0.084602
-0.120654
0.209475
0.211771
-0.615378
0.155528
0.140572
-0.043076
0.084503
-0.046506
-0.097816
0.105028
-0.116436
-0.001444
0.303117
0.040135
-0.234776
-0.204868
0.620450
0.475302
0.384762
0.378636
-0.093179
0.352115
-0.287011
0.313166
-0.135038
-0.342897
-0.226417
0.006636
0.089509
0.441492
-0.392115
0.232703
0.273790
-0.091442
-0.042307
-0.012374
0.027523
-0.507019
-0.605181
-0.250084
0.390036
0.184360
0.042391
-0.156244
-0.715841
-0.075209
-0.266879
-0.261358
0.244068
-0.092751
0.018324
-0.092574
-0.166174
-0.409646
0.468862
-0.397226
-0.007970
0.326803
-0.094248
0.197046
0.257960
-0.596549
-0.079999
0.130428
0.113275
0.285501
-0.159501
0.303112
-0.339769
-0.124998
0.031154
0.079034
-0.062661
-0.584834
-0.089970
0.359704
0.156058
-0.680314
0.228095
-0.357002
0.252902
-0.380744
-0.440771
-0.017631
-0.179725
-0.352334
-0.220008
0.252445
0.065970
-0.098249
-0.394454
-0.209312
-0.205652
-0.094722
0.245555
0.145630
0.461010
-0.373035
0.718954
-0.253321
0.215089
-0.206627
-0.008092
-0.089497
0.285799
-0.581369
-0.373976
0.044617
0.333049
-0.556925
-0.287978
0.020504
0.364422
0.433539
0.431893
0.240496
0.131752
0.101046
-0.121405
-0.349080
0.341567
0.335194
-0.564297
-0.270481
-0.320819
-0.115293
-0.167901
0.090038
0.201032
-0.176645
0.432069
0.200636
0.371737
0.382278
-0.265680
-0.120564
-0.395426
-0.004548
-0.477962
-0.005521
0.037817
-0.167604
0.138620
-0.258512
0.198228
0.138379
-0.419252
-0.129403
0.082652
-0.005592
0.025221
0.104739
0.590909
-0.227718
-0.463266
0.100877
-0.002925
-0.700546
0.362035
-0.250197
-0.381471
-0.246195
0.341253
-0.137708
0.167486
0.069087
0.086007
0.127075
-0.255733
0.624591
0.478559
0.264191
-0.015634
-0.769457
-0.058207
0.540911
0.003666
0.042575
0.477334
0.142858
-0.005312
0.078673
0.206011
0.183294
0.062557
0.020576
0.321036
-0.135010
0.432535
-0.238574
-0.255684
0.000950
-0.250742
-0.157386
0.039692
-0.026855
-0.191614
-0.136526
0.052621
-0.034286
0.152089
-0.159788
-0.320078
0.269131
0.180417
-0.082633
-0.437009
0.225980
-0.413112
0.157487
0.132058
0.154784
-0.337558
-0.081414
-0.141555
-0.207937
0.249465
-0.258757
0.190521
0.221064
0.489291
0.068938
-0.146257
-0.287904
-0.104591
-0.085083
-0.036188
-0.003798
-0.335933
0.022325
-0.202374
-0.045635
0.218064
-0.326867
0.110639
-0.037816
-0.635087
-0.078433
-0.140921
0.118309
0.143887
-0.308574
0.015792
0.295349
-0.260205
0.147656
0.023779
0.010392
-0.290840
-0.053666
-0.039837
0.041728
0.588868
-0.029751
-0.153611
0.047576
0.191932
0.258851
-0.213686
-0.230813
-0.656487
0.249248
0.382150
-0.138723
0.365950
0.366579
0.195664
0.285939
0.040513
0.091412
0.265752
0.124642
0.733393
-0.315596
-0.251197
0.089635
0.025023
0.368536
0.203934
-0.359545
0.251096
-0.154970
-0.229178
0.021713
-0.420369
0.151159
0.088536
-0.018609
0.385243
0.157649
0.075106
-0.086160
-0.169897
-0.413121
-0.267131
-0.392731
0.002722
-0.134193
0.122985
0.003416
0.314250
-0.139677
-0.226934
-0.048573
0.366252
-0.190153
0.329034
0.035601
-0.236235
-0.212209
-0.124212
-0.150484
0.202122
0.281834
-0.466404
-0.132024
-0.424003
-0.574882
-0.213542
0.461167
-0.230903
-0.047870
0.447707
0.141147
0.853250
0.085228
-0.105454
-0.156475
0.104295
0.043877
0.029160
-0.110185
0.189426
0.067125
-0.252093
0.157844
-0.143862
-0.143014
-0.249365
-0.094579
0.391178
0.280488
-0.145210
-0.016150
-0.427088
-0.143310
-0.237558
-0.137262
0.029681
-0.240260
-0.209499
-0.615536
0.049016
-0.119546
-0.245469
-0.148934
-0.024150
-0.160621
0.195963
0.461960
-0.317831
-0.247457
0.661327
0.109720
0.098358
0.071060
-0.240245
-0.511365
-0.093853
0.008308
0.080214
-0.005106
-0.171309
0.221729
-0.227470
0.358376
0.101649
-0.392890
0.337508
0.097734
-0.417237
-0.060214
-0.112938
-0.301493
-0.004281
-0.268296
-0.026786
-0.215286
-0.154200
0.461104
0.422090
0.190959
0.415431
0.090769
-0.043812
-0.336475
-0.368124
-0.437312
-0.446775
-0.258777
-0.191656
-0.024899
0.539960
-0.149631
0.187457
-0.086298
-0.234663
0.234242
0.358386
-0.169780
-0.351581
0.153063
-0.445633
0.401542
-0.238365
0.275463
-0.001444
0.438358
-0.375560
0.206457
0.249639
0.142422
0.041965
-0.453220
0.051616
0.103284
0.139237
0.076083
-0.057449
-0.120820
-0.143637
-0.083481
0.156285
0.428304
0.207210
0.587189
0.004520
-0.538889
0.177924
-0.608328
0.500303
0.434494
0.042612
0.260643
0.583629
0.056195
0.285534
-0.413119
0.162947
-0.046245
-0.118742
-0.269275
-0.378067
-0.520725
-0.098771
0.041068
-0.124445
0.463588
0.010450
0.240783
0.777141
-0.513289
0.289649
0.356648
0.116566
-0.472115
-0.093568
0.710472
0.334487
-0.143487
-0.305633
0.629722
0.401931
0.201770
0.011993
0.369072
0.050112
0.093843
0.077759
0.202563
-0.072745
0.448242
-0.193738
-0.073749
-0.191271
-0.335610
-0.662733
-0.999039
0.058970
0.243988
0.008533
-0.233357
0.304492
0.218658
-0.361048
0.010126
0.019307
-0.096029
0.550992
0.003862
0.272799
0.309860
-0.764404
-0.173123
0.408402
-0.263194
-0.428595
0.210722
-0.174201
0.216244
-0.048520
-0.447593
0.442079
0.102484
0.205855
-0.203732
0.256515
-0.017991
-0.372829
-0.066756
-0.114924
-0.094471
0.148097
0.010955
-0.252439
-0.146454
0.210525
-0.250637
-0.250773
0.093262
-0.546636
-0.269430
-0.136125
-0.441694
-0.166573
-0.162126
0.377584
-0.137490
0.193375
0.679233
0.326749
0.280606
0.094450
0.274235
0.167255
0.530759
0.169859
0.040811
0.080806
0.047062
-0.128990
-0.787488
0.218097
-0.160578
0.118289
0.050264
-0.636640
0.018437
-0.339423
0.235234
-0.355523
0.405578
-0.134727
0.256102
-0.070706
0.338479
-0.369719
-0.144638
0.141675
-0.143519
-0.286193
0.092105
0.674370
0.088157
0.135648
-0.147644
-0.162469
0.226236
-0.168106
0.335706
0.627560
-0.230449
0.055355
0.321564
-0.073436
0.064377
0.137234
-0.018719
-0.476878
-0.007849
0.088262
0.153836
-0.599607
-0.568781
-0.931858
0.784400
0.091428
0.173939
0.007717
0.055043
-0.416616
0.238177
0.017703
-0.174552
0.029782
-0.240741
0.437965
0.003955
-0.336554
0.082769
0.119976
0.249454
-0.430143
-0.493785
-0.187913
0.364239
0.289386
-0.315949
0.034109
-0.007496
-0.456030
-0.118693
-0.488276
0.046278
0.252478
0.118204
0.081450
0.273588
0.138118
0.295682
0.098349
0.393541
-0.308120
0.137086
-0.029674
-0.289973
0.186288
-0.197947
0.030438
-0.119031
-0.011069
-0.209249
-0.019427
-0.262995
-0.192046
-0.251489
0.294971
-0.171541
-0.026570
0.113162
-0.056475
0.025441
0.035500
-0.145270
-0.390918
-0.113295
-0.094567
-0.382140
-0.083958
-0.239960
-0.108530
-0.389881
-0.177637
-0.055152
0.035117
-0.254664
0.056028
0.057292
0.082446
-0.115683
0.603741
0.065423
0.442841
0.558952
0.607377
-0.159445
0.186202
0.223292
0.418580
-0.454278
0.239748
-0.114616
-0.553707
-0.404160
0.409442
-0.295815
-0.057290
-0.245093
-0.022233
0.067307
0.055289
0.328622
-0.145490
0.054316
0.057206
-0.346903
-0.015032
0.031920
0.117690
-0.128319
0.401944
-0.664428
0.222022
-0.067739
-0.073972
-0.060568
-0.092593
0.434964
-0.117910
0.338735
-0.186328
0.044955
-0.155007
-0.094967
-0.345560
0.455291
0.010376
0.196440
0.642419
-0.230489
-0.119802
-0.090631
-0.224542
-0.040566
0.523312
0.038652
0.124520
-0.248575
-0.300894
-0.193135
0.082481
0.341143
0.044375
-0.065399
0.471883
-0.257495
-0.082754
-0.105387
0.135825
0.031031
0.022092
-0.157123
0.016617
0.061107
0.328122
-0.044028
0.113603
-0.011815
0.114790
0.476801
-0.043056
-0.321259
0.074330
-0.055719
0.114075
0.051840
-0.192604
-0.445097
0.293119
0.181949
0.274649
0.116420
0.218332
-0.043059
-0.164073
-0.360757
-0.146032
-0.244355
-0.312709
0.050412
0.517773
-0.458554
-0.253614
-0.434902
0.151477
-0.595135
0.455937
-0.462493
0.140272
-0.139039
-0.268322
-0.172163
-0.144180
-0.118938
0.615387
0.400383
0.113259
0.057146
0.138790
-0.087733
-0.179317
-0.202846
-0.060749
-0.207730
-0.054688
0.221536
0.374917
0.040112
-0.238733
-0.202780
0.027626
0.060249
-0.153057
0.010644
0.325838
-0.064075
-0.129354
-0.164084
0.190667
0.429046
-0.106502
-0.008472
-0.140981
0.012983
0.182014
-0.112084
0.289841
0.417289
0.105977
-0.095189
0.298516
0.219232
0.228928
-0.115522
-0.386529
0.257772
0.380323
0.261594
0.482542
-0.171848
-0.340431
-0.313897
0.050923
-0.032148
0.161219
-0.015154
-0.078453
0.434873
-0.177515
0.215187
-0.505828
0.219718
-0.511311
0.134673
-0.060976
-0.301024
0.551599
-0.265672
-0.214443
0.141353
0.341225
-0.115173
-0.000368
0.600727
0.326567
-0.133534
-0.003711
-0.534969
-0.265437
-0.005235
0.226621
0.098585
0.115240
-0.073546
0.130517
-0.094469
-0.410847
-0.027204
0.021709
-0.229792
0.066670
0.272502
-0.276390
0.050303
0.023027
-0.139853
0.790553
-0.355836
-0.226774
-0.322818
-0.402459
-0.494050
0.314231
-0.195273
-0.260249
-0.338308
-0.053132
0.564339
-0.226086
-0.223986
-0.074012
-0.134080
0.347376
-0.645944
-0.141251
-0.028758
0.512409
-0.032971
0.110598
0.172448
-0.281910
-0.102292
0.042086
-0.318304
-0.138826
0.089133
0.159102
0.436770
-0.233419
-0.198780
0.118516
0.041883
-0.061124
0.173499
0.051694
0.164236
0.246216
-0.123716
0.089504
0.184580
0.064947
0.404351
0.254099
0.168934
0.024051
0.236057
0.081539
-0.252079
-0.280888
0.239302
-0.049759
-0.037445
0.159704
0.072804
0.043542
-0.206834
0.134053
0.002157
0.061398
-0.151257
-0.084926
0.346990
-0.088650
-0.336279
-0.118592
0.254331
-0.069149
0.212507
-0.025695
0.500253
0.485642
