# 参数名称：backbone.features.7.conv.0.weight
# 参数形状：(192, 32, 1, 1)
# 参数数据类型：float32
# 参数值（保留6位小数）：
-0.044461
0.029786
0.016428
-0.011046
0.110568
-0.052983
-0.028711
-0.081534
-0.042774
0.117811
-0.044768
0.109200
0.023494
-0.020697
0.192746
0.026230
-0.000457
0.020368
-0.055073
-0.090841
0.101611
0.029810
0.025107
-0.160995
0.135358
-0.138084
0.011609
0.091205
0.029779
-0.024859
-0.019488
-0.248746
-0.043888
-0.055644
0.069034
-0.026378
0.053558
-0.006459
0.019665
0.038270
-0.054293
-0.070752
-0.079316
0.146915
0.033759
0.118127
-0.076158
-0.035463
0.205724
0.024904
0.051747
0.061398
-0.044015
-0.021016
-0.016508
-0.110747
0.116351
-0.101942
-0.029699
0.016375
0.063054
0.008507
0.002406
0.072748
-0.079514
-0.111011
0.126629
0.004300
0.058322
-0.220985
-0.141145
-0.053127
0.014539
-0.072518
-0.133999
0.179895
0.024803
-0.104424
-0.082033
0.139216
-0.037513
0.094657
-0.087691
-0.131831
0.163060
0.002639
0.151792
0.017107
0.123694
-0.088577
-0.095155
-0.162098
0.025530
0.031670
-0.070476
0.025225
0.108995
0.035815
0.034771
0.079928
-0.056194
0.012313
0.188648
0.098544
0.016095
-0.058991
0.129531
0.011300
-0.192824
-0.044851
0.001034
-0.054319
-0.250962
0.104935
-0.024751
-0.032210
0.008507
-0.026868
-0.069914
-0.106223
-0.042776
0.118571
-0.078229
0.149803
0.077628
-0.030654
-0.042647
-0.126510
0.044488
0.154112
0.055896
0.045784
0.095844
-0.080797
0.063467
-0.050195
0.102013
-0.007288
-0.074957
-0.076377
0.161071
-0.017198
-0.104602
0.129931
0.192459
0.096847
-0.091161
-0.019007
0.237134
-0.098145
0.093517
-0.012527
0.143245
-0.003138
-0.025201
0.053316
-0.057877
-0.053552
0.007970
-0.049393
-0.011468
0.008285
-0.004864
0.211575
0.131440
0.003520
-0.048401
0.005086
-0.081920
-0.001377
0.116284
-0.004990
0.083180
-0.078807
-0.047321
-0.039043
0.115865
0.074882
0.049109
0.038804
0.093172
-0.024222
0.149814
0.095281
-0.126128
0.155534
-0.104877
-0.023172
-0.021298
0.029604
0.068940
-0.068982
-0.042875
0.071453
-0.053051
0.168777
-0.090280
0.033510
-0.026878
-0.094257
-0.192445
0.030948
-0.057905
0.206578
0.065667
-0.153894
0.049826
0.102881
-0.100239
0.034724
0.006126
0.133725
0.127619
-0.113397
0.082656
-0.112404
-0.022727
-0.076079
-0.044898
-0.109873
0.036057
0.013790
0.225250
-0.066439
0.068391
-0.063886
-0.052320
-0.126880
0.061431
0.097718
0.045027
0.161950
0.042946
0.030863
-0.020296
0.166167
0.078063
-0.202980
-0.060200
-0.007153
0.028736
0.004620
-0.070253
0.146606
0.074025
-0.109622
0.014073
-0.105790
-0.056595
0.196917
0.052385
0.027995
0.038435
0.110161
-0.110185
0.009272
-0.049928
0.052907
-0.064178
0.121670
-0.116767
0.132788
0.118494
0.094471
0.083357
0.086552
0.117707
-0.104373
0.093833
0.142506
0.051806
-0.121828
-0.105678
-0.110809
-0.089688
-0.016143
-0.029320
0.166178
0.027441
-0.081603
0.063783
-0.110165
-0.005826
0.042073
0.098040
0.159952
0.173519
0.132312
0.183136
0.004125
-0.057966
-0.153149
0.116919
-0.098351
0.007620
0.048107
-0.004901
-0.004344
-0.278911
-0.042002
-0.031279
-0.148181
0.017872
-0.065910
0.017060
-0.039713
-0.047417
0.030234
-0.270166
-0.126315
0.125506
-0.124023
0.108337
0.024666
0.016152
-0.203144
-0.105516
0.128681
0.142003
-0.019147
-0.066401
0.000994
0.000187
0.001407
0.034850
-0.014049
-0.106044
0.123766
-0.175198
0.076743
-0.107828
-0.131193
0.230409
0.141092
-0.033426
0.045848
-0.258247
0.011336
-0.061145
-0.122156
-0.097559
-0.267643
0.083525
0.120134
-0.044513
-0.080560
0.125794
-0.180900
-0.132137
-0.062074
0.074691
-0.041442
0.120556
-0.140846
-0.069434
-0.025702
-0.081140
0.025558
0.109738
-0.167968
-0.076454
-0.013578
0.222346
0.101748
0.000677
0.073784
-0.071965
0.116216
0.094324
-0.175517
-0.080870
-0.014570
0.096090
-0.108942
0.047749
0.081209
-0.162795
0.076858
0.008276
-0.075441
0.033632
-0.053457
-0.079272
-0.067554
0.034485
0.103927
0.005649
0.081571
-0.022291
0.206450
0.008704
0.009475
-0.177657
0.129545
0.021144
0.110156
0.119128
-0.148334
-0.023361
-0.058135
0.064864
0.059617
-0.020747
0.066774
0.143165
0.062655
0.008881
-0.006796
-0.059072
0.077736
-0.048410
0.036914
0.005893
0.120576
-0.008061
0.003201
0.029239
-0.070111
-0.030185
-0.074892
-0.040681
0.052917
-0.054802
0.149062
0.023740
0.104512
0.079751
-0.022558
0.123704
0.014525
-0.065578
-0.111881
-0.087976
-0.125333
-0.000238
-0.187296
-0.024158
0.230926
0.076429
-0.275259
-0.150027
-0.150450
0.072770
0.085119
-0.045706
0.044219
-0.090276
0.045481
0.079251
0.014948
-0.040466
0.124234
0.170912
-0.117462
-0.206191
-0.109450
0.110735
-0.094738
0.092566
0.172875
0.077710
0.126381
0.113503
-0.073739
0.049024
-0.180191
0.112761
0.000916
0.038898
-0.017163
-0.072310
0.009589
-0.097290
0.033131
-0.062050
0.076330
-0.030321
0.166769
-0.014904
0.196545
-0.152497
-0.088550
0.066414
0.044013
-0.036633
-0.080296
0.021143
0.028740
0.065797
-0.148297
0.087221
0.079256
0.018904
0.045430
0.138830
-0.013616
-0.048387
-0.104441
-0.132192
0.081126
0.040568
-0.195985
-0.174673
0.195936
-0.020944
-0.083387
-0.010950
0.175475
-0.184036
0.221383
-0.050735
-0.064111
0.201326
-0.060254
-0.074253
0.050092
-0.207293
-0.077689
0.001613
-0.046344
-0.017432
-0.121918
0.099714
-0.033467
-0.034394
-0.077698
0.000896
0.125652
-0.014841
-0.083515
0.067032
-0.013374
0.004836
-0.034368
0.047292
-0.090786
-0.031966
0.040781
0.057668
-0.059923
0.105483
0.067453
-0.164591
0.210677
0.146498
-0.064263
-0.060618
-0.118799
0.176549
-0.198919
0.162368
-0.065243
0.061793
0.073727
0.112411
-0.156354
0.172752
0.178307
-0.128180
0.013220
-0.014705
-0.021752
-0.104844
0.128938
-0.050770
-0.177446
-0.090626
-0.071996
-0.077412
0.029608
-0.179057
-0.128298
-0.016955
0.148825
0.012578
0.133762
0.029793
0.002696
-0.140267
0.012882
0.120367
-0.019727
-0.184395
-0.125817
0.049505
0.004810
-0.033000
-0.053362
-0.021434
0.008492
-0.153976
0.032177
0.063006
0.091341
-0.205330
0.075645
0.149390
0.050309
0.040426
0.058545
-0.124812
-0.218055
-0.016408
-0.157473
0.015445
0.178457
-0.174161
0.018120
0.063432
0.016465
0.078022
-0.038867
0.004883
0.052712
0.149627
-0.107946
-0.067350
-0.100077
0.118619
0.020569
0.072262
0.122928
-0.062361
0.029579
-0.194442
-0.095208
-0.016724
-0.062857
0.003546
-0.048493
-0.059303
-0.012925
0.021996
0.138156
0.104033
0.133112
-0.009165
-0.125621
-0.055786
-0.014625
0.021162
-0.098479
-0.144694
-0.078610
0.076160
-0.060382
0.008621
0.007869
-0.012805
0.020192
0.014210
-0.020909
-0.012491
0.178662
0.009308
-0.032853
-0.093897
-0.067224
-0.059946
-0.109391
0.091569
-0.049434
0.024385
-0.010571
0.036428
0.068307
0.087405
-0.146221
-0.048909
0.043409
0.079985
-0.147970
-0.027124
0.200657
-0.134662
0.010369
-0.061386
-0.116358
0.065068
0.224683
-0.023120
-0.167518
0.127626
0.016019
0.058035
0.014319
-0.072574
-0.067011
0.071957
-0.102186
0.023246
-0.275346
0.044065
0.206416
0.096896
-0.096911
-0.011893
0.101825
-0.070634
-0.357077
-0.078641
-0.080384
0.015207
0.156518
-0.018742
-0.185453
-0.045249
-0.156564
-0.052721
-0.024988
-0.135501
0.007155
0.050612
0.052826
-0.059330
-0.041404
-0.031223
0.004903
-0.072868
-0.184273
-0.012817
-0.014244
-0.117563
0.079681
0.154187
0.034632
0.001210
0.084620
0.043619
-0.055300
-0.239659
0.003615
0.048801
0.008989
0.233040
-0.014501
0.219481
0.130125
0.074723
-0.108799
0.096324
-0.036376
0.044444
-0.152743
-0.036547
0.070646
-0.040800
0.008719
0.139432
0.016635
0.103691
0.055551
-0.027624
0.105466
-0.081208
0.052624
0.097588
-0.006451
0.100034
-0.076897
0.035308
-0.051788
-0.018961
0.081366
0.051582
-0.082921
-0.185021
-0.037066
0.050764
-0.192906
-0.063771
-0.092156
-0.010933
-0.037721
-0.074211
0.101577
-0.011006
0.038327
0.041030
-0.072149
0.036639
-0.249940
-0.117435
0.158778
0.044651
0.086016
-0.034778
-0.021659
0.004831
0.010204
0.053717
0.041802
-0.033633
0.021735
-0.022788
-0.117145
-0.121718
0.058554
-0.052730
-0.009645
-0.031707
-0.000816
0.106317
-0.012409
-0.083419
0.049419
-0.043927
-0.117269
0.152293
-0.053315
-0.004605
-0.084454
-0.004538
-0.116678
-0.047656
0.019339
-0.047957
-0.007378
-0.067064
0.024260
-0.038337
0.197803
0.029748
-0.021522
0.005572
0.082685
-0.073909
0.028645
0.085369
-0.100594
0.129406
0.058790
-0.009315
0.021103
0.157112
-0.174684
0.032235
0.017248
-0.002948
0.094155
0.025733
0.091184
-0.035076
0.011027
0.016337
-0.043107
0.073058
-0.134809
0.049702
-0.145556
0.031356
0.160168
-0.161897
-0.071663
-0.029078
0.026417
-0.066504
-0.031028
0.051224
-0.077405
-0.095641
-0.019455
0.152099
0.038041
-0.142248
0.013229
0.169303
-0.098613
0.167936
-0.007693
0.005077
0.100834
-0.171485
-0.055493
-0.058271
-0.031273
-0.103900
-0.113453
0.070427
0.096600
0.126807
-0.014802
0.051757
-0.008156
-0.141761
0.050902
-0.002897
-0.117555
-0.174600
0.089293
0.145960
-0.007073
0.033797
-0.008421
-0.106216
0.204466
-0.083298
-0.087336
0.026807
0.021364
-0.051213
0.033772
-0.077435
0.141055
0.088574
0.004085
-0.084230
-0.087542
0.179894
0.216117
0.034943
0.064140
0.036182
0.012632
-0.069565
-0.022709
0.041554
0.108217
-0.013263
0.085722
0.079673
0.056373
-0.113961
0.008078
-0.125834
0.004677
0.011187
0.164614
-0.136957
-0.026721
0.060190
-0.055547
0.010225
-0.128926
0.179720
-0.052753
-0.015975
0.023825
-0.131546
0.156816
-0.075063
-0.090781
-0.030949
0.126595
-0.099290
0.050552
0.165443
-0.069416
0.044732
0.045670
0.125466
0.233486
0.104351
0.026369
-0.002625
-0.090098
0.028398
-0.222764
0.036322
-0.053553
-0.281853
-0.287855
0.130041
-0.125065
-0.005521
-0.016896
-0.027171
0.119830
-0.163383
-0.126735
0.042139
-0.017017
0.069179
-0.015598
-0.013009
-0.013487
0.102868
-0.021351
-0.085995
-0.134067
-0.079798
-0.090447
0.094355
0.045788
0.048838
-0.006472
-0.060382
-0.113039
-0.133757
0.076513
-0.115485
0.093655
0.206443
-0.006304
0.128867
0.277708
-0.079130
0.104680
0.134332
-0.094140
-0.018707
-0.104788
0.215835
0.062711
-0.158998
0.011978
0.141511
-0.017270
0.060002
-0.080026
-0.057766
0.064531
-0.130358
0.101477
0.055086
0.028021
-0.123151
-0.093052
-0.191532
-0.178713
-0.018715
0.233523
0.120353
0.100520
0.067793
-0.065118
0.008909
-0.152645
0.000331
0.080123
0.065262
-0.045801
-0.100532
-0.093665
0.224935
-0.066390
0.117761
0.088183
0.078766
-0.084641
0.005756
-0.066673
-0.076266
-0.051735
-0.070208
-0.059674
-0.052422
-0.054747
-0.190563
-0.021309
-0.019834
-0.053996
0.031463
0.111016
0.077006
0.026133
0.154114
0.094750
-0.157804
0.099202
0.016539
0.081841
-0.055447
0.087111
0.021213
0.002824
0.073161
-0.342972
-0.038813
0.002895
0.035753
0.043934
-0.031528
0.166755
0.029316
-0.089442
0.090904
-0.066538
0.112792
-0.021741
0.064295
-0.081917
-0.064678
-0.000664
-0.069098
-0.187484
0.217981
0.185440
-0.034023
0.131251
-0.122855
0.148402
0.202032
0.042573
0.018288
-0.005455
0.119778
0.082907
-0.026486
0.114101
0.121570
0.062940
0.033557
0.141824
0.007450
-0.046511
-0.090759
0.085220
0.124946
-0.199125
0.218411
0.085525
-0.116684
0.026030
-0.056257
-0.135007
-0.190269
-0.019832
0.168480
0.096104
-0.131041
0.047114
0.035449
-0.015995
0.190411
0.021628
0.012363
0.192051
-0.006418
-0.051134
-0.066483
0.106534
0.145157
-0.060644
0.065290
0.081293
-0.112482
-0.157836
0.176465
-0.031911
-0.088859
-0.037605
-0.027331
0.003777
0.033183
-0.070556
-0.094558
0.011986
-0.166437
0.011146
0.027878
-0.049062
-0.113533
0.074788
0.119293
-0.059122
-0.118903
-0.082354
-0.014129
-0.090590
0.207029
0.146250
0.076072
-0.000191
-0.030210
-0.171926
0.084735
0.004033
0.171825
0.013011
0.128178
0.008602
-0.055571
-0.168259
0.023950
0.022451
-0.003516
0.104309
-0.075246
-0.052714
0.025469
0.110448
0.049912
0.060681
0.139378
0.006472
-0.012487
0.033106
-0.034317
0.059152
-0.030293
-0.115798
0.045519
-0.075312
0.032984
-0.086897
-0.055894
-0.009621
0.007570
-0.045261
-0.082785
0.108724
0.071114
0.314070
-0.064079
-0.058806
-0.066493
-0.110643
-0.167181
-0.069285
0.109452
-0.092792
0.174119
0.051770
0.112153
0.137001
-0.092535
0.007221
0.123070
-0.109108
0.009683
0.007508
-0.010601
0.035066
-0.003126
-0.056876
0.164479
-0.033583
-0.005913
-0.135545
-0.077960
-0.093319
0.000385
-0.068501
-0.033937
-0.134432
-0.199764
0.089635
0.181630
0.147910
0.160199
0.131399
-0.072097
-0.099825
-0.053371
-0.189794
-0.011513
-0.063146
-0.026116
-0.019621
0.034857
0.075467
0.233916
-0.104650
0.076565
-0.057213
0.117327
-0.121969
-0.066278
0.090559
0.100320
-0.038443
0.111657
0.002992
-0.144840
0.120754
-0.017041
-0.042472
0.000747
-0.046369
-0.053633
0.024292
-0.066517
0.190989
0.032313
0.078324
-0.073028
-0.002782
0.067326
-0.138531
0.027585
0.014309
0.023124
-0.108703
-0.179125
0.020334
-0.016265
-0.047870
0.102456
0.013020
-0.084805
-0.219654
0.054188
-0.059094
-0.084663
0.039305
-0.010986
0.160236
0.040869
0.117996
0.227451
-0.039194
-0.148006
0.209696
0.042178
-0.178035
-0.155532
-0.200480
-0.023366
-0.058663
0.040368
0.002752
-0.093201
-0.052225
-0.135040
0.022459
-0.042452
-0.081507
-0.071075
0.059379
0.049240
-0.046313
0.005582
0.180425
0.033425
-0.011366
0.020784
-0.006024
-0.136553
0.018803
-0.090404
0.004687
0.247029
0.014296
0.040248
0.160159
0.009327
0.054629
-0.130575
0.018346
0.038851
0.138946
-0.041666
0.007585
-0.027720
-0.018696
0.179143
-0.141673
0.003647
-0.135373
0.049950
-0.111309
0.067073
-0.001924
0.028809
0.067813
-0.029854
0.031985
0.026708
-0.057001
0.220574
0.027140
0.087121
0.030995
0.189845
0.116662
-0.129079
0.011266
0.176994
-0.057503
-0.231736
-0.003057
0.180259
-0.047734
0.209874
-0.112411
0.050803
0.052679
-0.209462
0.106351
0.209964
0.095533
0.158089
0.081007
-0.037342
-0.018873
0.112326
-0.036345
0.063384
0.166467
0.191930
0.025939
-0.021652
-0.039056
0.136849
0.039924
-0.128927
-0.125579
-0.086181
0.056927
-0.020428
-0.091664
-0.098271
-0.109820
0.009104
-0.096012
-0.021535
-0.032212
-0.011960
-0.079012
0.077336
-0.044216
-0.019877
-0.056346
-0.064137
0.093198
0.052678
-0.018261
0.134755
0.021927
0.003164
0.127120
-0.124431
-0.056314
0.141059
-0.185181
0.099430
0.017957
0.023975
-0.063092
-0.106566
0.052342
0.005733
0.242909
0.096210
0.154349
0.047772
-0.052733
-0.093351
-0.052822
0.059867
-0.068477
-0.090933
0.111230
0.120798
0.158491
-0.018152
-0.097194
0.062184
0.032597
0.062660
0.223504
0.047094
0.043982
0.057771
0.080718
-0.126347
0.128605
0.116591
-0.295345
-0.007616
0.003533
0.091128
0.122560
0.126358
0.103826
-0.020564
0.090171
-0.004513
0.050248
0.093978
0.078797
0.095130
-0.009912
0.128716
-0.066191
0.051039
0.228639
0.118670
-0.022187
-0.047732
0.145875
0.089498
-0.128479
0.011834
-0.080483
0.015096
0.060674
-0.030404
-0.202862
-0.023138
0.085751
-0.109391
0.134490
-0.071002
0.126775
-0.061806
0.162717
0.100028
0.061531
0.134445
-0.127805
0.038243
-0.004511
-0.004807
-0.130165
0.158958
0.240315
-0.009755
0.029460
0.199916
0.103716
-0.041734
0.058314
-0.035935
-0.210575
0.009005
0.167687
-0.020068
0.026697
0.131228
0.050992
0.110692
-0.084257
0.138777
0.082243
0.078326
0.065180
0.004650
-0.106462
0.092596
0.150909
-0.147252
0.090559
0.326125
-0.036568
0.033344
0.003000
0.186331
-0.085944
0.036446
-0.014146
0.098173
-0.149928
-0.059033
-0.198308
0.035949
0.101307
-0.076724
0.027420
0.026991
-0.128447
-0.064384
0.099664
0.100007
-0.012704
0.038395
-0.153506
-0.131448
0.113825
0.101222
0.092535
0.231073
-0.105656
-0.017572
0.010670
0.155197
0.134294
0.043383
0.077511
0.058450
-0.036407
-0.000738
-0.067839
-0.089222
0.136916
-0.064624
-0.060823
0.257354
0.181764
-0.048292
0.036113
0.014952
0.034783
0.145294
0.040765
-0.030822
-0.042946
0.074664
0.066407
0.145392
-0.437529
0.071134
-0.090967
0.176657
0.021048
-0.023646
-0.219525
0.112936
-0.149253
0.106620
-0.079803
-0.096918
0.179859
-0.203330
0.106150
-0.000099
0.074721
-0.102648
0.034774
-0.078645
0.128960
0.125293
-0.023315
0.083488
-0.135999
-0.153683
0.153346
0.302072
0.070823
0.069695
0.245703
-0.078454
-0.029968
0.102897
-0.111279
0.194357
-0.048361
0.268872
0.094061
0.017514
-0.038168
-0.070700
-0.163432
0.011010
-0.159586
-0.013279
-0.069344
-0.044784
-0.138844
-0.190266
0.022596
-0.106552
0.035327
-0.017436
-0.003583
-0.238386
-0.073019
-0.035525
-0.039129
0.008401
0.054666
0.020944
0.048842
0.139028
0.027797
0.083636
0.038912
-0.073256
0.072807
0.077719
-0.026754
-0.082838
0.012443
-0.038092
-0.005319
0.052281
0.094872
-0.065035
0.059416
-0.058088
0.033933
0.076706
0.091957
0.096886
0.030367
0.050583
0.088430
-0.138346
0.050637
-0.118417
0.210351
0.117825
-0.165603
-0.066903
0.003824
-0.062232
-0.013240
0.002071
0.244039
-0.008114
0.175592
0.182712
-0.123095
-0.063897
0.021458
0.060575
-0.153014
-0.019325
-0.122177
0.002129
0.145368
0.063874
0.000947
-0.028616
0.005876
-0.146387
0.055136
-0.076188
0.060271
-0.063198
-0.105048
0.095309
0.031310
0.095917
-0.085601
0.166391
-0.137347
-0.085873
0.144086
0.001465
-0.112686
-0.081356
-0.090646
0.012444
0.053128
0.128777
-0.017203
-0.154172
0.027568
-0.039043
-0.128860
-0.110263
-0.181002
-0.172032
-0.018794
-0.174321
0.211173
-0.094025
0.034593
0.045031
-0.053636
-0.081053
0.129009
-0.115542
0.016183
0.034932
0.056444
0.027517
0.005034
0.103406
-0.055847
0.090946
0.066406
0.229941
-0.069782
-0.032599
-0.013791
-0.026707
0.170532
0.153304
-0.073474
-0.196836
0.070044
-0.101204
0.012652
0.003603
0.000470
-0.084158
0.121922
0.038771
0.059274
-0.057111
0.078309
0.046162
0.066919
-0.156066
-0.060970
-0.055951
-0.060209
0.095728
-0.004815
-0.064539
-0.125083
-0.185871
0.086807
0.005838
0.169704
0.259761
-0.097753
0.050628
-0.089500
-0.028600
0.103195
-0.055837
-0.090762
0.096232
0.005333
-0.060922
-0.126376
-0.072334
0.031442
-0.060450
-0.039820
-0.129288
0.053062
-0.196841
-0.177522
0.013091
0.100443
0.117548
0.076653
-0.095529
0.045496
-0.038946
-0.139743
-0.027744
-0.066608
0.309703
-0.230911
0.125984
-0.019129
0.148646
0.104443
-0.109095
-0.118109
0.225771
0.114126
-0.050919
0.093652
0.034799
-0.048745
-0.009243
0.074381
0.244251
0.162839
0.189430
-0.018315
0.157283
0.083842
0.047065
-0.053895
0.042091
0.037483
0.222980
0.057930
-0.011049
-0.010420
0.111295
-0.000791
0.040037
0.099254
-0.077371
0.050454
0.029645
-0.048718
0.019511
0.108351
-0.019598
-0.166576
-0.068486
0.089344
-0.018907
0.064542
-0.067707
0.139963
0.182009
-0.045367
0.034460
-0.238328
-0.046445
-0.055389
-0.010440
0.085022
0.054341
-0.020034
-0.069033
0.236073
0.035931
-0.040818
0.079425
-0.048644
-0.042326
0.259097
0.075800
-0.015568
-0.231052
0.143416
0.078412
-0.046831
-0.096541
-0.044720
-0.084727
0.145553
0.054961
-0.036375
-0.133090
0.058733
-0.161351
-0.121818
-0.025574
0.049877
-0.037420
0.177295
0.032177
0.064358
0.066006
-0.066761
-0.106439
0.017582
-0.161074
-0.003067
-0.124539
0.053277
-0.001839
0.060345
0.058325
-0.090237
-0.080969
-0.137700
-0.217293
-0.050073
0.010462
0.073962
-0.132993
0.082120
0.073738
0.069279
0.064019
-0.210243
0.063302
0.204705
0.100698
-0.007142
0.029892
0.193320
-0.125184
0.050438
-0.213634
0.104377
0.030514
-0.041401
0.033327
0.020564
0.006928
-0.038751
-0.045834
-0.160514
0.038365
-0.054859
0.005639
-0.162331
0.107122
-0.074507
-0.049845
0.187211
0.070707
-0.034880
0.082163
-0.176074
0.117200
-0.083817
-0.155733
0.029459
-0.124332
-0.151929
0.137978
0.050668
-0.205806
-0.090144
0.132240
0.134037
0.045573
-0.041009
0.086359
0.086484
0.005253
-0.014754
0.058223
0.156697
0.021162
-0.067560
-0.052608
0.101942
0.030842
-0.041463
0.029370
0.036500
0.002563
0.099583
0.179408
0.050373
0.057796
-0.041164
0.133622
-0.233418
0.137995
-0.149634
-0.077901
0.069923
-0.140402
0.219559
-0.207661
0.074095
-0.005676
-0.018048
0.153667
0.146298
-0.036131
-0.065962
-0.247289
-0.059918
-0.137760
0.148536
0.112383
-0.032057
0.168425
-0.090660
0.166345
0.121212
0.090211
0.163054
-0.008740
-0.118572
0.012162
-0.070197
-0.117786
-0.043575
-0.032069
0.174326
-0.188229
0.140450
0.141969
0.055312
-0.010065
0.001563
-0.049122
-0.017683
0.001414
-0.231364
0.016931
0.004194
-0.167187
-0.111668
-0.004450
0.117887
0.183332
0.044175
0.016604
0.063211
0.043403
-0.035981
0.168099
-0.142761
-0.113605
-0.022989
-0.070320
-0.074046
0.020754
0.085766
-0.002539
0.055300
0.068900
0.023078
0.070871
-0.088581
0.022366
-0.146586
-0.054687
0.103322
0.069362
-0.080359
-0.038043
0.262313
0.018286
0.070336
-0.040204
-0.087589
0.027377
-0.014327
-0.143095
0.034933
-0.002577
0.038061
-0.087570
-0.124273
0.141167
-0.069312
-0.008356
-0.201116
-0.012475
-0.153989
0.009184
-0.055299
0.032049
-0.077236
-0.023225
0.051491
0.006124
0.067356
-0.026287
0.153292
0.050838
-0.233502
0.039503
-0.064089
-0.083834
0.058762
-0.051632
0.028602
0.044674
0.205446
-0.018993
0.010935
0.080378
0.185081
0.166670
0.012415
-0.009819
-0.104295
-0.004237
-0.029964
0.038190
-0.026583
0.047730
0.183968
0.049252
0.069125
0.065635
0.068653
-0.053291
0.033458
0.002541
-0.014264
-0.002503
-0.096338
0.067411
0.088261
0.181274
0.015305
0.139072
-0.135106
-0.072183
-0.076572
0.011270
0.145967
-0.068834
0.174522
-0.080655
-0.096786
-0.036840
-0.035425
0.093702
0.033093
-0.094951
0.103876
0.142997
0.141375
0.116158
-0.181937
0.130091
0.104384
-0.020793
0.046240
0.067115
-0.174594
-0.055807
0.072847
0.075550
0.022407
0.011078
-0.062924
0.101018
-0.159364
-0.041392
-0.127960
-0.001532
0.029716
-0.061623
0.033308
-0.100441
-0.000208
0.109967
-0.032783
0.019862
-0.192001
0.031289
0.098641
-0.160144
0.108091
-0.067107
0.016863
-0.015835
-0.158204
-0.059913
-0.055562
0.057694
0.092695
0.081544
-0.120330
0.058108
-0.077178
-0.136511
0.016633
-0.055776
0.014694
-0.132934
0.143649
0.099415
-0.059880
0.076195
0.036517
0.046964
-0.126520
0.108237
-0.039107
0.128453
0.009560
-0.015059
0.014723
0.120837
0.010673
-0.039930
0.063770
-0.037065
-0.070603
-0.194536
0.020096
0.039095
0.012289
-0.162186
0.032195
0.042609
0.035151
-0.140961
-0.047853
-0.026520
-0.089720
-0.019127
-0.055375
-0.091173
-0.119188
-0.185136
-0.030390
-0.135292
0.007860
0.089697
0.099773
-0.100311
0.031805
-0.050573
-0.022815
0.098753
-0.132750
0.024991
0.000159
-0.005197
-0.133697
0.080863
0.191623
-0.076158
-0.116566
0.161907
0.048972
-0.213911
-0.162570
-0.038923
0.026998
-0.075980
-0.116519
0.008395
0.011114
0.179110
-0.188083
0.278753
0.041855
-0.066345
-0.056064
-0.029670
0.051190
-0.000146
-0.161334
-0.182354
-0.030921
0.097375
0.037914
0.093441
0.083312
0.096067
0.024719
-0.030382
-0.022445
-0.046748
0.007898
-0.137606
-0.191745
0.045263
-0.027220
0.207181
0.025854
-0.040891
-0.064541
-0.073279
0.017012
-0.047045
0.163786
-0.067510
-0.079818
0.081783
0.113529
0.126660
-0.113100
0.044119
0.126913
-0.098095
-0.068524
-0.004632
-0.077981
-0.085848
-0.064652
-0.180813
-0.111158
0.116942
-0.114480
0.025163
-0.080768
0.019165
0.158598
0.050269
0.077164
0.131701
-0.050320
-0.232855
0.191540
-0.037529
0.057830
0.119722
0.056092
0.243201
0.021006
0.021368
0.234884
-0.027877
0.113711
0.005441
-0.081296
0.000553
-0.006010
0.081647
0.147153
-0.059254
0.108436
0.033896
-0.091181
0.029325
-0.002915
-0.009775
-0.047162
0.078877
0.020337
0.107726
-0.023858
-0.071910
-0.157804
0.167645
0.057202
-0.078227
0.001167
0.135996
0.016503
0.003193
-0.051582
-0.016173
-0.094031
-0.016091
0.051141
-0.023645
-0.065577
-0.103114
-0.109173
-0.094964
0.046546
-0.046157
-0.040414
-0.153938
0.015176
-0.021459
0.085736
-0.139129
-0.076086
0.006590
0.071549
-0.176395
-0.014547
-0.057169
-0.148353
-0.089025
-0.074582
-0.207893
-0.027446
-0.231985
-0.053802
0.226583
0.035874
0.048355
0.131563
0.105115
-0.103435
0.074110
0.000384
-0.146573
-0.179681
-0.151913
0.036928
0.008808
0.037599
-0.107662
0.028170
-0.060725
0.025518
-0.006005
0.142191
0.124511
-0.024531
-0.188388
-0.111973
0.025808
0.035797
-0.189779
0.200008
-0.161685
0.054370
0.041720
0.055079
-0.060985
0.088050
0.208176
0.016034
-0.040905
-0.078733
0.152209
-0.021786
-0.052451
-0.058448
-0.185913
0.205583
-0.145907
0.020422
-0.115606
-0.202335
-0.035530
0.058900
0.004986
0.124497
0.024404
0.010499
-0.023343
0.006965
0.036016
0.138937
-0.083636
-0.034042
-0.085440
-0.158024
-0.039533
0.030829
0.066820
-0.102330
0.187516
0.083468
-0.145586
-0.071732
0.110293
0.029542
0.120478
-0.038393
0.005947
0.013054
-0.048448
-0.077737
-0.194070
0.096750
0.089814
0.141807
-0.179627
0.016505
0.110701
-0.017060
0.151374
0.167724
-0.043072
0.219303
-0.028036
0.033863
0.106748
-0.030144
-0.008008
-0.162148
-0.049982
-0.015519
0.192425
0.065905
-0.046527
-0.054636
-0.050540
0.055717
0.099530
0.007732
-0.043983
0.170164
0.055594
0.032478
0.077866
-0.044195
0.165534
-0.123797
0.181834
-0.159810
-0.150354
-0.140165
0.042033
-0.008065
-0.151551
0.031367
-0.190072
-0.142084
0.074044
0.008207
-0.004084
0.083231
0.125725
0.066597
0.133489
0.041021
-0.073865
0.094862
-0.139589
0.001152
0.095600
0.059068
-0.130249
0.096193
0.098547
0.049409
-0.069044
-0.069949
0.146910
0.104080
0.099706
-0.013283
0.006200
-0.125875
-0.143841
-0.022015
-0.031002
0.024537
0.049663
-0.007565
0.007534
-0.123815
0.036753
-0.003004
0.011126
0.099174
-0.100459
-0.042205
0.074818
0.081366
0.032800
0.046157
-0.116353
-0.153575
-0.211770
0.150383
-0.003029
0.044141
-0.119166
0.056460
0.038114
0.070319
-0.081675
-0.022292
0.048905
-0.001073
0.004926
0.176490
0.111548
0.050349
-0.218311
0.039102
0.084357
-0.078197
0.056172
-0.100205
0.118498
0.170660
0.004224
0.165183
0.187134
-0.137215
0.129932
-0.129826
0.163825
-0.047896
0.031536
0.028260
-0.011122
-0.076669
0.229282
0.087293
-0.306963
-0.056601
-0.125077
0.010120
0.112981
0.030735
0.024175
0.184384
0.003345
-0.043753
0.090912
0.100519
-0.111285
0.038427
0.046570
-0.171680
0.128334
0.087368
-0.069384
0.064791
0.149639
-0.185276
-0.108609
0.136398
0.139450
-0.095871
0.213048
-0.057761
-0.129901
0.195851
0.021045
0.115181
0.181388
0.132504
-0.112080
-0.245039
-0.146035
-0.031999
-0.024738
0.033211
0.002714
-0.182928
0.020754
-0.090337
0.132688
-0.091504
0.038484
0.115549
0.128295
-0.070497
-0.131033
-0.089153
0.059238
-0.081129
0.112581
0.035875
0.026411
-0.182049
-0.170828
0.096364
-0.081980
0.046194
-0.101313
-0.029038
0.001990
0.011126
-0.144982
-0.080345
0.015762
0.013768
-0.012600
-0.015682
0.039385
-0.071751
-0.157747
0.069289
0.053700
-0.114560
0.161502
0.032500
0.065855
-0.129331
0.092736
0.056307
0.202405
-0.201831
-0.092868
0.121135
0.027260
0.108433
0.029861
0.007579
0.145829
-0.019186
0.041690
0.008745
0.042823
-0.068079
0.041127
0.000970
-0.203734
0.091339
0.164989
0.137818
-0.032423
0.152278
0.163942
-0.038280
-0.117819
0.177482
-0.141483
0.073122
-0.066322
0.038978
-0.120147
-0.045772
0.000574
0.077249
0.085187
-0.128899
-0.044084
-0.093360
0.093464
0.066224
0.021287
-0.241738
-0.052885
-0.105395
0.047400
-0.011495
0.019631
-0.087387
-0.125100
0.010000
-0.084621
0.029177
0.084304
-0.097252
0.008776
-0.009509
-0.240562
-0.009868
-0.084684
-0.198967
0.119647
0.041133
0.099148
-0.051968
-0.132489
-0.078037
-0.187226
0.157263
-0.099368
0.012976
-0.367074
0.109111
0.097716
0.137214
0.004803
0.016473
0.007963
-0.012196
-0.247513
-0.237923
-0.021109
-0.014404
0.177535
-0.068750
-0.075335
0.084789
-0.065978
-0.085545
0.024325
-0.033738
-0.008674
-0.087945
-0.153557
-0.043968
-0.004708
-0.069734
-0.049743
0.112885
0.028947
-0.011575
0.042665
0.199051
0.142254
0.011018
0.112109
0.115745
0.053279
0.022545
0.052418
-0.057221
0.164657
-0.152014
0.019505
-0.064895
-0.066852
-0.149570
-0.173995
0.321669
0.115668
-0.177150
-0.025153
0.131329
0.070333
-0.116269
0.069153
0.117967
-0.005870
0.121996
-0.009097
-0.227902
0.009257
0.119656
-0.098826
-0.166803
0.023743
0.008073
0.006143
-0.034435
0.050302
-0.033955
-0.062851
0.096968
0.266291
0.082187
0.086062
0.087548
0.174068
0.023222
-0.011781
-0.086459
-0.083673
0.092817
0.079976
0.032895
-0.122732
-0.055445
-0.138635
-0.086489
-0.101444
0.211329
0.001845
-0.043510
-0.202018
-0.015620
-0.126713
0.047793
-0.147461
0.019891
0.276376
0.099609
0.083801
0.131033
0.003395
0.144915
-0.116029
-0.090096
-0.031854
-0.019692
-0.116552
-0.036398
-0.137861
-0.182908
0.034791
-0.075812
-0.081381
0.312723
-0.031093
-0.125098
-0.055614
0.103845
-0.003352
0.091601
-0.020626
-0.149597
-0.142895
-0.020284
0.092719
0.056113
0.072353
0.010177
-0.101610
-0.029652
-0.090298
-0.068760
-0.014260
-0.130383
-0.104775
0.064675
-0.154631
0.200764
-0.158720
-0.054188
-0.020795
-0.098346
-0.080549
-0.087591
-0.070447
-0.131433
0.058839
0.042027
-0.041755
0.009088
0.061098
0.018498
-0.010576
0.112124
0.149179
0.000264
-0.013329
0.105113
0.058439
-0.012061
-0.074062
0.038771
0.153006
0.072488
-0.102830
0.066926
0.188151
0.029845
-0.033986
-0.143662
-0.008261
0.162682
0.062365
-0.168364
0.132337
0.018410
-0.147436
-0.160533
0.044452
-0.144733
-0.029730
-0.215232
-0.093510
-0.020451
0.185391
0.214732
0.070558
0.235204
0.079121
0.125194
0.138927
-0.090726
-0.098556
0.103054
-0.044030
0.110261
-0.066806
0.206590
0.097041
-0.035737
0.014261
-0.145871
-0.056160
-0.011257
0.138496
0.009701
-0.183650
0.108943
0.039073
-0.000614
0.337770
0.004278
0.091706
0.051942
-0.160200
0.106869
-0.225340
-0.109510
0.017018
0.092979
0.040069
-0.035563
-0.000414
0.076814
-0.121206
0.117852
-0.136915
0.116619
-0.041068
0.013385
0.051513
0.088177
0.035922
0.012855
-0.056384
-0.089761
0.141431
0.006133
-0.025656
0.096642
-0.022709
0.094420
-0.093469
-0.127025
-0.102620
0.062476
-0.126518
0.031564
0.043421
0.029473
-0.121893
-0.072448
-0.084469
0.013269
0.169270
-0.082897
-0.032824
-0.030407
0.097289
-0.081164
-0.178973
-0.136657
0.099937
-0.044256
-0.059254
0.050713
0.052327
-0.027703
0.096726
-0.088900
-0.087311
0.008257
0.043139
-0.151104
0.096684
-0.052751
-0.089485
-0.233762
0.102451
0.024915
-0.024180
-0.144227
-0.030782
0.041762
0.146127
-0.098092
0.193437
0.079552
0.048901
0.173325
-0.276627
0.027754
-0.138142
-0.252316
0.101201
0.098766
-0.187385
0.056620
-0.149428
0.035002
0.309938
0.121993
0.005296
-0.038065
-0.022419
0.118133
-0.047328
-0.021183
-0.209529
-0.060252
0.047678
0.166212
0.056199
-0.079413
-0.069679
0.055687
0.066013
-0.201619
0.059355
-0.112755
0.099784
-0.009302
0.030002
-0.060325
-0.078816
0.037540
0.135100
0.050322
0.092423
0.036720
-0.148273
-0.140290
0.061231
0.095665
-0.085556
0.230241
-0.040570
0.005161
-0.133344
-0.152764
0.133015
-0.182470
-0.099219
-0.021070
0.027711
0.066769
0.054402
-0.019855
0.144524
0.143655
0.154737
-0.048395
-0.012485
-0.061551
-0.163315
-0.170684
-0.048088
0.173557
-0.103973
0.098522
-0.115415
-0.042227
0.200049
-0.103297
-0.050276
0.097360
-0.004901
0.038491
-0.170567
-0.065798
0.120676
0.052917
-0.106348
-0.169812
0.081997
-0.050286
-0.061232
-0.043586
-0.158209
-0.079518
-0.017779
-0.029726
-0.032227
0.045279
0.156130
-0.130435
0.028476
-0.025481
0.016665
0.148652
-0.051161
0.045153
0.206321
-0.005935
0.083000
-0.080875
-0.182214
-0.052217
0.007581
-0.036613
0.159369
-0.131488
-0.035428
-0.071077
0.073469
-0.090085
-0.052017
-0.148668
-0.080891
-0.002150
0.103517
-0.293094
-0.123812
0.044175
-0.022707
0.063955
0.034662
-0.120961
-0.006016
-0.063656
0.117865
0.051055
-0.080340
-0.058983
-0.003840
-0.060537
-0.037161
-0.069897
0.020592
0.136843
-0.165175
0.098015
-0.091861
-0.022784
0.052606
-0.043964
-0.082878
0.090246
0.056838
0.001771
-0.152725
0.030778
-0.005764
-0.187749
0.110979
0.037890
0.016737
0.028819
0.068267
0.015804
0.180247
-0.050834
-0.025946
-0.144013
-0.006943
0.020700
0.013231
-0.009087
0.107626
-0.058911
-0.071436
0.127592
0.067154
-0.093103
0.041427
0.045825
0.159058
-0.023833
-0.009427
-0.041094
0.074119
0.129300
0.002957
0.019698
-0.010606
0.073422
0.016535
-0.019497
-0.181546
0.066657
0.023145
-0.039236
0.084914
0.057621
0.066568
0.087310
0.016714
-0.026177
0.109019
0.055601
0.176147
0.184787
-0.114038
-0.096116
0.079035
0.297285
-0.065224
-0.005406
0.178202
0.010104
-0.047995
0.041720
-0.043579
-0.037521
-0.002656
-0.015271
-0.141927
0.051960
0.039260
-0.015487
-0.151311
-0.115605
-0.037516
-0.137755
-0.179516
0.206593
0.069041
0.057460
0.303682
0.049801
0.089831
-0.020987
0.051235
0.056092
0.122432
-0.154950
0.019181
0.094360
0.026762
0.083031
0.009093
-0.281430
-0.019321
0.028710
0.090848
0.109548
0.204070
-0.038507
-0.095119
0.058113
0.045926
0.043084
-0.015427
-0.004727
0.035851
0.110905
0.056996
-0.246742
-0.026216
-0.086184
-0.138727
0.020228
0.007948
0.063756
-0.030770
-0.046866
-0.016839
-0.070784
0.027446
-0.036535
0.000851
-0.067738
-0.033585
0.040562
-0.099527
-0.051514
0.023416
-0.094574
-0.024175
0.010197
-0.030016
-0.098014
0.025431
0.102356
-0.146955
0.156897
0.038567
0.053840
0.031098
-0.007235
-0.026396
-0.018131
-0.006300
-0.159335
0.038715
-0.070879
0.001487
0.014053
-0.124510
0.044649
-0.050761
0.009307
0.158551
-0.118339
-0.171950
-0.038152
0.030523
-0.082273
0.051759
0.289470
0.078246
-0.209644
0.026052
-0.004276
-0.070335
0.055051
0.157331
-0.003315
-0.125126
0.160514
-0.273913
-0.030040
-0.105122
-0.147679
-0.010152
-0.003090
0.022508
0.093422
0.202605
-0.051874
0.140868
-0.008932
-0.190357
0.010231
-0.227045
0.053419
-0.079775
0.149478
0.048273
-0.113849
-0.045070
-0.077973
-0.239579
-0.057543
0.063912
0.077496
-0.073372
-0.051053
-0.016743
-0.013400
0.024263
0.173399
0.070674
-0.027492
-0.028890
-0.297575
0.050906
-0.017963
-0.026855
0.015210
0.050575
0.126838
0.165104
-0.033724
-0.076094
0.114097
0.004764
0.123435
-0.036671
0.054331
0.084786
-0.105378
0.054440
-0.278144
0.058853
-0.055686
-0.053298
-0.350565
0.195410
0.150891
0.089138
-0.047849
-0.044055
-0.060038
-0.116518
0.089637
-0.119712
0.061216
-0.059860
0.083052
0.135691
-0.058847
0.071507
0.282055
-0.090238
0.025582
-0.131180
0.082563
0.014471
0.150647
-0.113811
-0.014830
0.065529
0.208972
0.147113
0.083767
-0.013419
0.137472
-0.100521
0.082050
0.022243
0.040578
0.147441
0.031524
-0.047700
-0.146359
-0.017696
0.118454
0.127747
0.117665
0.078745
0.071001
0.026213
0.021600
0.023479
0.009508
-0.083416
0.115840
-0.279639
0.088357
0.075799
-0.032097
-0.139699
-0.079247
-0.136189
-0.038139
-0.143427
-0.032831
-0.243509
-0.036606
0.108125
-0.110378
-0.063769
0.072970
-0.090475
0.051057
0.074559
-0.038382
0.039252
0.008913
0.149845
0.091450
-0.046647
-0.018289
0.052589
0.063640
0.096881
0.098517
-0.113553
-0.045251
0.063399
0.152508
-0.044392
0.142879
-0.127277
-0.056011
-0.009921
0.011897
0.120948
0.084083
-0.025349
-0.102959
0.021179
0.063193
0.010543
-0.089257
-0.096335
0.104628
0.075099
0.008594
-0.212689
-0.070728
0.117524
0.065687
-0.242369
-0.091773
0.229462
0.063306
0.009672
-0.096211
-0.178773
-0.056212
0.079432
-0.005841
-0.047255
-0.140091
0.159569
0.094809
-0.046215
-0.084762
0.027215
0.046993
0.174204
0.054224
-0.000779
-0.011832
0.085428
-0.063021
0.038756
-0.067218
0.114193
0.135777
-0.240142
0.004138
-0.174996
-0.052877
-0.211750
0.129047
-0.078223
-0.100296
0.144059
-0.006560
0.021349
0.056990
0.158754
-0.106051
-0.038776
-0.113732
-0.096273
0.063963
-0.023127
-0.017409
-0.049818
-0.066024
-0.120859
-0.043931
-0.017693
0.052308
-0.052800
0.033518
-0.251183
-0.007301
0.023831
0.161076
-0.090140
-0.046498
0.050019
-0.221359
-0.007489
-0.139515
-0.026452
-0.024641
-0.044325
0.019889
-0.037662
-0.025524
-0.015140
0.007667
-0.072194
-0.046136
0.103117
0.015657
-0.244753
-0.196548
0.021664
0.168776
-0.135968
-0.047499
-0.091537
-0.095322
-0.060569
0.128923
0.176900
-0.077853
-0.110110
0.059554
0.043096
-0.065459
-0.034253
-0.108602
0.002712
0.111547
0.130727
-0.011360
0.215559
-0.113989
-0.102364
0.160044
0.127479
0.028936
0.057157
0.001482
-0.098840
-0.032165
0.080841
-0.012574
0.103681
0.049599
0.038745
-0.028539
0.009711
-0.077828
-0.099761
-0.114327
0.236882
0.029879
0.052131
0.283612
-0.004916
0.086605
-0.178531
0.013925
-0.057191
-0.015279
-0.139150
0.167987
-0.023955
-0.056550
0.052258
-0.066916
-0.216506
-0.039964
-0.075478
-0.004430
-0.156853
-0.026493
0.006097
-0.144200
-0.047722
0.088635
-0.058134
-0.008398
-0.004804
-0.150585
-0.056732
-0.100218
0.012078
0.017911
-0.133425
-0.167632
-0.042603
-0.024164
0.024299
-0.105415
0.029899
0.106392
-0.095144
0.049899
-0.026945
-0.135054
0.089448
-0.038816
0.030404
-0.002824
0.215195
0.215197
0.139728
-0.035043
-0.136602
-0.073976
-0.150516
0.014637
0.038711
-0.141819
0.082361
0.021860
-0.008923
0.017948
-0.007364
-0.017262
-0.104379
-0.120197
0.171112
0.041325
0.058926
0.002258
-0.018806
0.094499
0.006982
-0.004275
-0.184289
-0.123943
-0.143668
-0.042447
0.000783
-0.190821
-0.031723
-0.159493
-0.115786
0.133776
-0.141486
0.011335
0.056504
-0.082722
0.003882
0.015776
0.158714
0.019802
-0.007136
-0.019429
-0.102999
0.116596
0.142416
0.032640
-0.004816
0.102445
-0.094619
-0.033243
0.031837
0.050674
-0.059638
-0.025126
-0.063691
-0.034581
0.049801
-0.175624
-0.007517
-0.104456
-0.252829
0.116982
0.126227
0.078352
-0.076808
0.097519
-0.029979
0.168141
-0.095174
-0.039921
-0.103663
0.039228
-0.176855
-0.088039
-0.027128
0.076483
0.039351
0.049805
-0.157785
0.094297
0.083804
0.116606
0.075960
0.050814
0.185505
-0.062647
0.112359
-0.157148
-0.136984
-0.029304
-0.076705
0.120116
0.139826
-0.079044
0.189397
0.234889
0.096754
0.073316
-0.058297
-0.184092
-0.067079
-0.013752
0.103379
0.077571
-0.018744
0.037360
-0.021264
0.069766
-0.052074
0.020084
-0.050311
-0.028325
0.014764
0.139847
-0.061201
0.120723
-0.023851
-0.057987
-0.071078
0.002142
0.045115
-0.012323
-0.108750
-0.133351
-0.049994
0.203708
0.102582
-0.137956
-0.056627
-0.037825
0.116969
-0.001318
0.147917
-0.075090
-0.104231
0.112821
0.108065
0.146562
0.183715
0.069035
0.078566
-0.183883
-0.077170
-0.093702
-0.047737
-0.004633
-0.060607
-0.009275
0.023889
-0.045642
0.089033
0.015611
0.083059
-0.000428
-0.094383
-0.160711
-0.019908
0.061542
-0.061385
0.018870
0.075953
-0.233920
0.300042
-0.041775
0.071473
-0.032904
-0.003870
0.143053
0.181473
0.044881
0.000305
-0.111465
-0.075416
-0.009627
0.055534
-0.019630
0.049552
0.056625
-0.088973
-0.135194
-0.003746
0.079065
0.138397
0.043554
-0.004836
0.145414
0.054777
-0.040981
0.092655
-0.143450
-0.134490
0.036177
0.082944
-0.027511
-0.081302
-0.058612
0.110339
0.036835
0.002019
0.064420
-0.089504
0.061594
-0.028800
-0.174210
0.152656
0.017207
-0.167171
0.010268
-0.112066
0.012386
0.197230
-0.057146
-0.067776
-0.027497
0.041083
0.104266
-0.088005
0.249345
0.018421
0.122038
0.095976
0.121883
-0.110087
-0.053316
0.087884
-0.007869
0.054596
0.043617
0.047453
0.067598
-0.010253
0.032483
0.094005
-0.048111
0.003462
-0.120339
-0.091097
-0.092340
0.070110
0.072366
-0.049555
-0.056592
0.010615
-0.033825
-0.041858
-0.076870
0.017237
0.015355
-0.145565
-0.039772
0.010933
-0.014249
-0.058054
-0.022603
-0.045994
-0.007912
0.151554
-0.114569
-0.057113
0.072561
0.043065
-0.148499
0.005223
-0.044326
0.115495
0.146995
-0.105068
0.206478
-0.148484
-0.103361
-0.039664
0.002381
-0.157993
-0.121351
0.149006
0.180759
0.078094
-0.074948
0.117124
0.074890
0.075080
-0.060233
0.148118
0.141725
-0.053813
0.112953
-0.056676
-0.034605
-0.060804
-0.075609
0.148561
0.045811
0.076222
0.084856
-0.052045
0.026904
-0.039933
-0.109766
-0.073977
0.132639
0.081835
0.047164
-0.056815
0.008507
-0.086261
-0.195645
-0.177543
-0.198291
-0.037566
-0.085510
0.125191
0.016643
0.062931
-0.162999
0.000973
-0.136236
0.146403
-0.011203
-0.169776
0.109956
-0.003469
0.016046
-0.043571
-0.039967
0.019629
0.040574
0.121380
-0.172093
0.228840
-0.083801
-0.204203
0.108192
0.134477
0.101161
0.126894
-0.015357
-0.095871
-0.057853
-0.123521
-0.139530
0.033930
-0.019683
-0.010085
0.077668
0.035643
0.084135
-0.025539
-0.108846
-0.012390
-0.028304
-0.007367
0.080497
-0.073905
-0.046274
-0.029684
-0.084432
-0.052303
0.112932
0.185542
-0.075402
-0.016829
-0.061382
0.161287
-0.078007
-0.189297
-0.056040
0.209789
-0.032952
-0.045453
-0.100866
-0.141983
-0.041125
-0.136056
0.066030
-0.105909
-0.041771
0.064955
-0.083988
0.011005
-0.024250
-0.046812
-0.044246
0.118561
-0.028115
-0.120658
0.107183
-0.072049
0.065164
0.091677
-0.078397
0.202714
0.110364
0.052658
0.103034
-0.188519
0.062505
-0.007437
-0.170827
0.056430
0.190113
-0.046777
0.025896
-0.113443
-0.075043
-0.049921
-0.012756
-0.144027
-0.173600
-0.069839
0.074133
-0.041404
-0.196419
0.050243
0.084280
-0.005170
0.085728
-0.191538
-0.029884
-0.066499
-0.088334
-0.102733
0.084384
0.160308
-0.046511
-0.034320
-0.049375
-0.115274
-0.100676
0.154424
-0.087245
0.081713
0.038809
-0.069544
0.021037
0.025583
-0.042143
0.158440
-0.107987
0.095380
0.170666
-0.037615
-0.060291
-0.116891
0.066050
0.014871
-0.052620
0.083787
0.077198
0.223931
0.067069
0.110392
-0.010268
0.150375
-0.067208
-0.084670
-0.088304
-0.005297
-0.038959
0.113017
0.014358
-0.008185
-0.021197
-0.133295
-0.065932
-0.032358
0.140208
-0.079934
0.021095
0.117436
-0.021366
0.078604
0.001340
-0.017133
0.138347
-0.036221
-0.110734
-0.046099
0.081171
-0.058238
0.071812
-0.018099
-0.208075
0.017586
0.277708
0.091347
0.171270
-0.040826
-0.077878
-0.067338
-0.018706
-0.066090
0.012742
-0.002869
-0.134562
0.028626
-0.030049
0.041295
-0.131223
-0.058652
-0.085984
-0.026211
0.038156
-0.085844
-0.043955
0.093617
0.014298
-0.054638
0.033762
0.010544
0.029027
-0.084755
-0.121680
-0.121774
-0.063568
-0.031453
-0.010687
0.023813
-0.013730
-0.091833
0.052950
0.013284
-0.005489
0.077400
0.080448
0.108455
-0.066841
-0.039112
-0.025688
0.020509
-0.100286
0.172961
0.021661
-0.140016
0.121950
0.179830
-0.063782
0.051866
0.010496
-0.061602
0.150463
0.022998
-0.146317
-0.052909
-0.205434
-0.053621
0.014551
0.112883
-0.032772
0.031879
-0.280224
-0.036402
0.256908
0.148116
0.207858
-0.046810
0.045819
-0.085732
0.014072
-0.039710
0.036362
0.064127
0.004552
0.184111
-0.134360
-0.094776
0.024321
0.135439
-0.046149
0.097926
0.144449
-0.025975
-0.034460
-0.003914
-0.070263
0.144836
-0.013994
-0.071228
-0.091479
0.114603
0.197076
0.029507
-0.012395
0.104170
-0.051411
0.423933
-0.153471
0.162497
-0.078971
0.103317
-0.066146
-0.025509
-0.057899
-0.028944
0.059521
0.072719
0.134306
-0.020994
0.020765
-0.046529
0.015434
0.122969
0.103187
0.091130
0.051408
-0.036851
0.042079
-0.009126
0.001369
-0.042777
0.021985
-0.027728
-0.120155
-0.006465
-0.087691
0.053790
-0.020558
-0.064626
0.175998
-0.095568
-0.203172
-0.017260
-0.082803
-0.025382
0.069254
-0.096403
-0.077790
-0.097437
0.038084
-0.043603
-0.067031
-0.088001
0.025042
0.018449
-0.104850
-0.005335
-0.237518
0.042913
0.251208
-0.040624
0.142403
-0.085889
-0.095168
-0.143515
-0.062088
0.041123
-0.091302
0.326847
0.124055
0.036287
0.020142
-0.123782
0.032430
-0.309713
0.024803
0.053279
0.269415
0.004744
-0.113641
0.241085
-0.082713
-0.023026
-0.145979
-0.055753
0.126597
0.112219
-0.115835
0.094217
-0.063510
0.013683
0.071340
0.203109
-0.085502
-0.166571
-0.032185
-0.034403
0.003907
-0.064606
-0.069045
0.009534
0.036562
0.053100
-0.095651
0.053487
0.024190
-0.032659
-0.218877
0.120236
0.076087
0.076417
0.004914
0.005142
0.028123
-0.136614
-0.015122
0.080413
0.026811
-0.007637
0.093858
0.049800
0.006705
0.042603
-0.042589
-0.094835
-0.287619
-0.160140
-0.059213
-0.203138
-0.003673
0.166418
-0.194985
-0.204401
-0.130701
-0.083715
-0.004639
-0.060785
0.015411
-0.080073
-0.162944
-0.141624
0.060695
-0.138754
0.001290
-0.187774
-0.102405
-0.055499
0.167908
-0.007338
0.136618
-0.085752
-0.123707
-0.052591
-0.052398
-0.170497
0.000806
0.016145
0.026784
0.090612
-0.102506
-0.072284
0.085568
0.038013
0.020436
0.002769
-0.011208
0.017124
0.019231
-0.026881
0.073537
0.052593
0.052748
0.091998
-0.039789
-0.081721
0.062289
-0.009642
0.056371
-0.116815
0.005712
-0.069255
0.160029
-0.086892
0.026009
0.021553
-0.060593
-0.047846
0.030029
0.214398
-0.056940
-0.004920
-0.017942
0.063395
-0.043746
-0.052669
0.130703
-0.056325
0.119051
-0.023973
0.112398
-0.001506
-0.154098
0.020045
0.017326
0.021923
-0.049209
-0.148162
0.068268
0.107025
0.019932
-0.061474
0.021439
-0.138471
0.015506
-0.056054
-0.061384
0.010437
-0.087040
-0.012431
-0.018222
-0.014843
0.179273
-0.004298
0.101546
-0.101022
0.129982
0.060340
0.186760
-0.026751
0.178996
0.072934
0.077855
-0.096654
0.198682
0.072461
-0.063484
0.029397
0.085464
-0.104439
-0.005361
0.009743
0.202095
0.083690
0.143648
0.137728
0.076989
-0.194911
-0.077829
-0.023742
0.175052
0.104678
0.034046
0.060170
-0.163066
-0.077307
0.095019
0.133162
-0.015206
0.073758
-0.013161
-0.032347
-0.086691
0.086217
0.045272
0.247618
0.032053
-0.139136
0.181002
0.120364
-0.172329
-0.036970
0.121938
-0.014237
-0.136601
0.027863
0.026645
-0.054609
-0.005512
0.049701
-0.071183
-0.011157
0.161206
-0.003475
-0.120772
0.080287
-0.124933
0.036161
-0.011438
-0.055766
-0.002101
-0.003117
0.014796
-0.136717
-0.014542
0.092164
-0.168793
0.106002
0.053564
0.123805
0.014646
-0.053147
-0.026235
-0.073767
-0.018992
-0.093677
0.047048
0.153733
-0.113052
0.088790
0.155536
-0.066262
0.028728
-0.151596
0.146072
-0.046331
0.097205
-0.246079
-0.225998
0.159916
-0.189100
-0.009143
0.097826
-0.185773
-0.062580
0.037291
0.146295
0.037819
0.075256
0.059993
-0.204579
-0.148117
-0.015380
0.084378
-0.253626
0.075475
-0.136414
0.125680
0.186005
-0.022704
0.001319
-0.029439
0.177740
-0.074528
0.072449
-0.034277
0.038832
0.100103
0.034925
-0.011059
0.076738
-0.106875
-0.066688
0.109288
0.016392
0.122764
0.182659
0.022575
0.122425
0.156054
0.161338
0.239529
-0.079516
0.064391
0.084486
0.016744
-0.207280
-0.097548
-0.110537
-0.060066
0.112877
0.011477
-0.110604
0.089407
-0.005616
0.059901
0.009100
-0.039133
-0.035645
-0.023109
-0.018796
-0.104631
-0.049270
0.109096
0.145693
0.023469
0.068160
-0.049182
-0.022118
-0.032132
-0.134304
0.077219
-0.024008
0.129869
0.234903
0.027172
-0.037541
0.049190
-0.041748
0.033430
-0.152532
-0.038931
-0.151965
0.228318
0.080513
-0.051251
-0.281171
-0.110912
-0.092508
-0.187567
-0.046011
-0.115426
-0.073851
-0.144817
-0.030329
0.063878
-0.005285
-0.111438
0.040316
-0.148106
0.099321
-0.076013
-0.008968
-0.079930
-0.086554
-0.081525
-0.109892
0.136181
-0.247230
-0.061041
0.099224
-0.051909
-0.060300
0.097466
-0.010559
0.014033
0.035423
0.006068
-0.138293
0.071610
0.009633
-0.054030
0.060991
-0.159564
-0.040777
0.062112
-0.058152
0.012614
-0.086261
-0.063521
-0.040399
-0.007895
-0.030189
-0.019047
-0.008699
0.089537
-0.046766
-0.035976
-0.109028
0.065332
0.196429
0.162111
-0.103775
-0.033684
-0.038943
0.033660
-0.115339
0.012367
0.083734
0.181325
0.186346
0.292669
-0.171403
-0.055607
-0.044774
-0.006840
-0.183997
-0.061191
0.112595
0.088409
0.054187
0.060441
0.151643
0.008321
0.062479
-0.102006
-0.142453
0.002467
-0.075649
0.070391
0.146149
-0.106716
0.123256
-0.021579
0.041119
0.041953
0.015754
-0.054423
-0.010614
0.023171
-0.086935
0.049224
0.122813
0.068725
-0.080515
-0.127995
-0.065059
0.184179
0.042137
0.048226
0.015161
-0.108414
0.093417
-0.192603
-0.153026
0.068798
-0.004144
-0.150871
0.064794
-0.030226
-0.071232
-0.059618
-0.075421
-0.076674
-0.027992
0.059274
0.206928
0.016553
0.175431
-0.008882
-0.059279
0.063022
0.218593
-0.255186
-0.016266
-0.137293
-0.018777
-0.073004
0.026068
-0.213909
-0.037705
-0.122493
-0.104027
-0.108697
0.117991
-0.067951
-0.203801
-0.001694
0.010794
0.025027
0.037182
0.035580
-0.062949
-0.000959
0.115181
0.047763
-0.018495
0.072385
-0.013924
0.055063
0.015816
0.041351
-0.100934
0.087387
-0.072828
0.028757
0.035846
0.001699
-0.158053
0.015000
-0.023269
0.098335
-0.110666
-0.071302
-0.099563
0.153199
0.059614
0.007782
0.105178
-0.155594
-0.107531
-0.053400
0.007392
-0.162523
0.070430
0.114222
-0.011243
-0.012751
0.089072
-0.062207
-0.104583
0.042347
-0.052818
-0.012638
-0.005038
0.001804
-0.041210
0.041936
-0.000991
-0.083430
0.008678
-0.107695
-0.075929
0.146652
0.001018
-0.045572
0.073539
0.095250
0.008621
-0.058190
-0.182255
0.056693
-0.191998
-0.047766
-0.086936
-0.018013
0.156212
-0.050812
0.128821
-0.050574
0.054955
0.090640
-0.120260
-0.009872
-0.175026
-0.133286
0.077977
0.012422
-0.085437
0.028238
-0.157661
-0.030842
-0.070871
0.030453
0.191478
0.146291
0.013198
-0.081920
0.088622
0.057170
0.021063
-0.074589
0.062248
-0.024633
-0.005592
-0.041323
-0.005593
0.069377
0.030562
-0.002595
0.165717
0.120558
0.297998
-0.155189
-0.081557
0.143275
0.006164
0.013961
-0.032734
0.317994
0.078100
0.087881
0.026382
-0.213915
-0.063428
0.070555
0.037892
0.040423
0.017135
0.112391
-0.100866
-0.071801
0.200635
-0.036059
0.291026
0.050032
-0.102651
0.058082
0.060925
0.052267
-0.052310
0.091493
-0.003055
0.046313
0.121827
-0.021243
0.046603
0.032745
0.151411
0.069965
0.042958
0.038204
0.040924
0.066664
-0.031024
0.012502
-0.140000
-0.143027
-0.153643
-0.005723
-0.054061
-0.045615
0.032336
0.109003
-0.066069
0.044213
-0.019890
-0.126441
0.108178
-0.111407
-0.017282
0.022061
0.069315
0.136398
0.058251
0.054286
-0.136532
-0.023199
-0.188648
-0.139090
-0.016435
-0.068427
-0.017854
-0.092260
0.009402
0.000972
-0.203867
-0.115744
0.067548
0.000967
-0.071451
-0.043308
-0.065552
-0.009414
-0.011606
-0.001463
-0.161188
0.019025
-0.089950
-0.132772
0.009151
-0.020854
0.017527
-0.106459
0.009022
0.028184
0.000884
-0.016184
-0.017206
0.092144
-0.080334
-0.094998
0.134869
0.055421
-0.005158
0.026591
-0.082351
0.076270
0.075077
0.161376
0.023526
-0.118995
0.286387
-0.060293
0.095727
0.049660
0.034784
0.088769
0.119808
-0.147695
-0.150091
-0.138634
-0.058651
-0.136107
0.030769
-0.087408
-0.033985
0.162303
-0.026562
-0.067421
-0.062780
-0.060967
-0.205017
-0.148116
-0.080916
-0.020163
0.022589
0.141923
0.018227
0.003613
-0.192514
0.081152
0.067761
-0.019036
0.095478
-0.031270
0.233863
-0.029399
-0.127541
-0.113043
-0.063777
-0.099875
0.162447
-0.132552
-0.152211
0.048676
-0.000968
-0.001053
-0.108031
0.218783
0.030616
0.057643
-0.023395
0.131728
-0.002947
-0.065661
-0.061761
-0.074525
-0.215714
-0.055982
0.063915
-0.113525
0.008643
-0.189638
-0.076588
-0.026311
-0.019559
-0.003198
-0.027872
-0.156893
-0.084874
-0.101749
0.086033
-0.023007
-0.011942
0.052676
0.067089
0.094309
-0.021839
0.060471
-0.110181
-0.033174
-0.030244
0.024504
0.167064
0.026309
-0.014663
-0.102714
-0.000199
0.026689
0.026502
0.124222
-0.089243
-0.123980
0.077361
-0.035713
-0.045924
0.147954
0.000153
-0.012551
-0.247483
0.115273
-0.155918
-0.111746
-0.037180
0.096485
0.020955
-0.061563
0.064270
0.044611
0.074516
-0.136744
0.010996
0.060964
-0.013271
-0.099554
-0.015770
-0.193706
0.170984
0.080146
0.004365
0.029032
-0.000985
0.198249
0.063259
-0.032896
-0.048051
-0.155740
0.074436
0.002322
0.197504
-0.046807
0.062277
-0.077207
0.045828
0.141241
0.079115
0.041872
0.064159
-0.173167
0.099686
0.090583
-0.058532
0.051128
-0.006817
0.234285
-0.008493
-0.091788
0.004206
0.049465
0.188396
-0.003328
-0.233427
0.041360
0.020781
-0.066784
-0.015766
0.021797
0.030529
-0.077600
0.007694
-0.246040
0.025761
-0.012589
-0.191325
-0.045083
0.174868
0.141800
0.007917
-0.081054
0.010023
-0.077674
0.086613
-0.076255
0.130522
-0.009739
0.002767
-0.031823
-0.136040
-0.053705
-0.019474
-0.037099
0.038407
0.011565
-0.132765
-0.157323
0.012874
0.036419
-0.126885
-0.158551
0.011686
0.074814
0.141114
-0.232833
0.102728
0.074734
0.049061
-0.016201
-0.140951
0.003203
0.012004
0.006380
-0.002811
-0.066471
-0.048049
0.029835
-0.080586
-0.037684
0.016376
0.128599
0.069505
0.089361
-0.182319
0.126235
-0.228998
-0.077815
0.113591
-0.044894
0.036405
-0.067214
0.038843
-0.046918
0.105442
0.086648
0.053381
-0.139168
-0.068810
-0.019182
0.005692
0.014594
-0.094006
0.187913
-0.012371
0.088642
-0.078742
-0.007805
0.009941
0.167473
-0.016354
0.123595
-0.041966
0.146424
-0.094160
-0.082494
-0.051923
-0.008853
0.008311
-0.020597
0.071735
-0.027744
0.017660
0.049174
0.107518
0.039343
-0.130306
0.005061
-0.065236
0.007979
-0.110866
0.023836
-0.173736
-0.047854
0.041077
-0.012223
0.053823
0.011570
0.035449
-0.095642
-0.028658
0.076678
0.086245
-0.108088
-0.095362
-0.168714
0.123146
-0.016109
-0.111930
0.171649
0.071035
-0.014351
-0.074907
0.188620
0.096087
-0.114015
0.244310
0.061156
0.123698
-0.063252
-0.151447
-0.092796
-0.056367
-0.081811
0.102422
-0.008194
-0.045311
0.059385
0.004279
-0.132041
-0.127933
-0.088517
0.012269
0.123487
0.031604
-0.027176
0.177164
0.040879
0.103908
-0.045508
-0.173424
-0.046176
-0.041171
0.016442
0.028776
-0.069535
-0.040863
0.093731
-0.069958
0.229829
0.122346
-0.069501
0.200833
-0.059327
-0.041238
0.065922
-0.017533
-0.066238
-0.019811
0.012724
-0.017868
-0.081913
0.026038
-0.106240
-0.057561
0.014506
-0.033211
0.116728
0.105942
0.068498
-0.187804
-0.009535
-0.030393
0.031802
0.014654
0.133332
0.072880
0.078351
-0.002234
-0.167627
0.082676
0.067234
0.016056
-0.268196
-0.233856
0.138080
0.072663
0.075187
-0.011055
-0.026793
-0.114223
0.120956
-0.126316
0.002006
-0.212618
0.134909
-0.014464
-0.076991
0.042331
-0.064064
-0.130431
0.037732
-0.062794
0.074260
-0.095416
-0.056869
0.059307
-0.101453
0.089475
0.058940
0.011490
-0.027330
-0.040217
-0.100001
-0.084840
-0.035541
-0.073104
0.097023
-0.135769
-0.089900
0.149290
-0.001590
0.030770
0.043866
-0.031347
-0.003462
-0.215844
-0.037750
0.016219
-0.096459
-0.027322
0.053037
-0.003543
-0.153417
0.115828
-0.052851
0.373718
-0.014160
0.043538
0.210686
0.026371
0.150912
-0.066139
0.039844
0.128750
-0.092106
-0.161180
-0.043263
-0.118754
-0.020785
-0.005364
0.116203
-0.117512
0.044460
0.036346
-0.129828
0.059899
-0.209165
-0.013687
0.099588
-0.268289
-0.113271
-0.174486
0.146325
-0.149116
0.047840
0.033575
-0.124504
0.091686
0.051698
-0.152557
-0.062422
0.103639
-0.120504
-0.097963
-0.008817
-0.275591
0.076178
0.129939
-0.030374
-0.082454
0.101499
-0.145176
-0.161361
-0.039790
-0.135961
-0.093410
-0.048903
-0.036898
-0.137377
-0.014177
0.090630
0.033063
-0.046167
-0.056606
-0.038283
-0.037778
0.237844
-0.028487
0.027082
0.074260
-0.123835
-0.029360
0.056529
-0.116728
-0.125144
0.246229
-0.031049
0.038687
-0.042556
0.130038
-0.032750
0.009406
-0.008142
-0.033099
-0.155878
-0.183227
-0.018278
-0.056662
0.113893
-0.059917
-0.017363
0.040160
-0.025097
0.052233
0.137474
-0.171735
-0.023145
0.072950
0.005600
-0.030764
0.025603
-0.096266
0.240574
0.093209
0.176889
-0.048164
-0.106414
0.032369
0.085939
-0.003279
0.178020
0.189411
0.086082
-0.020633
-0.164766
0.111038
-0.138668
0.107301
-0.001267
0.156846
0.048990
-0.130860
-0.028158
0.027258
0.031793
-0.035437
0.030276
0.167658
-0.049986
0.038633
0.023607
0.133539
-0.160551
0.071106
0.058663
-0.075068
0.062357
0.020601
0.057306
0.045483
-0.009396
0.063068
-0.101643
0.140677
0.025445
0.166617
0.117563
0.023082
-0.063801
0.139660
0.027920
-0.047445
-0.086016
0.042179
-0.038206
0.086884
-0.049449
0.014160
0.147504
0.002309
-0.012560
-0.140379
0.022333
-0.068697
0.135932
-0.166228
0.022848
-0.033731
0.047727
0.157208
0.121989
0.124704
0.076458
0.217158
-0.124248
-0.114832
0.111514
0.006832
0.073665
0.046030
-0.115152
-0.159795
0.057682
0.097486
-0.098936
-0.015425
-0.020309
0.015632
-0.046608
-0.008294
-0.055424
-0.042605
-0.129852
0.063535
-0.036896
0.000743
-0.051103
0.031795
0.028405
-0.132518
0.084346
0.095538
-0.070858
-0.085377
0.039816
-0.015394
-0.074688
0.058794
-0.060947
-0.028463
0.045432
-0.031940
0.117719
0.019123
0.105311
-0.221060
0.162618
-0.031312
-0.041557
0.011133
-0.219401
-0.180392
0.010238
0.064846
-0.069453
0.051741
0.067297
-0.002398
-0.145259
-0.069136
-0.015335
-0.096347
0.155133
0.033740
-0.074275
-0.090626
0.005718
-0.039008
0.034036
0.270471
-0.019441
-0.054377
-0.066492
0.083503
0.003216
-0.054932
-0.047075
0.031386
0.270754
-0.025846
-0.012900
0.021594
-0.138678
0.022949
-0.069622
-0.038444
-0.097812
0.105900
0.147099
-0.017782
0.054184
-0.047037
-0.000691
-0.157797
-0.044727
0.057201
-0.003173
-0.097699
-0.027335
-0.035411
-0.159970
0.128965
-0.096727
-0.192046
0.125984
0.059931
-0.006998
0.145104
-0.021880
0.071585
-0.065735
-0.093935
-0.052194
0.014441
0.150732
-0.054657
0.027315
-0.070647
0.075217
0.107338
-0.114802
0.019204
0.004372
0.169775
-0.055555
-0.078681
-0.158235
-0.199221
0.020943
-0.003702
0.091998
-0.081908
-0.037779
0.061473
-0.011838
0.049307
-0.048911
-0.057293
-0.076366
0.091741
0.028522
-0.089903
0.061844
0.021326
0.013909
0.029815
-0.073276
0.038116
-0.084678
-0.082511
-0.114106
-0.042207
0.006409
-0.044231
0.070022
-0.129576
0.011535
0.174168
0.128231
0.133565
-0.063130
-0.040498
0.230328
-0.126686
0.024328
-0.019326
-0.067372
-0.002441
-0.076639
-0.066767
0.063922
-0.074986
0.007684
-0.053513
-0.083472
0.026418
0.002539
-0.034224
0.135845
0.041619
0.001801
0.158588
-0.034978
0.100131
0.075596
0.087644
0.000468
0.032129
-0.060881
0.102915
0.056129
-0.118832
0.016401
0.026041
0.342614
-0.109989
-0.067990
-0.019636
-0.056399
0.142655
-0.127973
-0.084468
-0.043454
-0.337503
-0.086427
0.087161
-0.027487
0.106494
0.015273
-0.084403
-0.020106
-0.056422
-0.135474
-0.007876
-0.046056
0.124663
-0.162362
0.062176
0.002213
0.003467
-0.064470
0.076508
0.042831
-0.114262
-0.054310
-0.026815
0.059303
-0.049978
0.140167
0.004497
-0.124921
-0.054230
-0.069132
-0.099494
0.068406
-0.137127
-0.138229
-0.116775
-0.039017
-0.031842
-0.027926
-0.028834
-0.125129
-0.114935
-0.040388
-0.046266
-0.006656
-0.007837
-0.025359
0.188258
-0.052481
0.232425
0.126162
-0.065794
0.120666
-0.162306
0.111473
-0.043515
-0.094079
0.052923
-0.162831
-0.029918
-0.009707
-0.044999
-0.086061
-0.057944
-0.051746
0.000713
0.021127
-0.128845
0.191265
-0.119136
-0.125025
-0.037028
-0.100953
0.002457
-0.198297
0.091626
-0.052362
-0.098280
0.024665
-0.047578
0.014392
-0.009193
0.148477
0.112920
-0.173963
-0.083905
-0.123106
0.080205
0.103360
-0.060826
0.076585
0.107668
0.198252
-0.173020
-0.096504
-0.011453
0.024404
-0.015161
0.092891
-0.009713
-0.033227
-0.140233
0.249653
-0.113400
0.026188
-0.136103
0.064564
0.052480
0.044521
0.125276
-0.142478
-0.054327
-0.198363
0.112818
-0.045704
-0.030149
-0.087221
-0.216463
0.081957
-0.094591
-0.072304
0.007692
0.092803
-0.036770
0.128719
-0.046033
-0.055566
-0.105415
0.103345
-0.019029
0.093050
0.113096
-0.041010
-0.127042
0.060044
0.090710
-0.024823
-0.046744
-0.071728
-0.119365
-0.103275
-0.005509
0.001926
-0.081629
-0.002672
-0.112164
0.123145
-0.198449
0.129176
-0.069443
-0.054252
0.110078
0.036808
-0.035961
0.033964
0.002560
0.057589
-0.108203
-0.118599
0.089783
0.027080
-0.220895
0.135595
-0.096802
0.004334
-0.046267
0.074684
0.056764
-0.085881
0.067346
0.027904
0.052593
0.079106
0.103150
0.047250
0.006127
-0.036281
0.142477
-0.055994
-0.009729
0.049384
0.049852
0.036606
0.197298
0.051567
-0.188440
0.064500
0.087481
0.171294
-0.050660
0.189038
0.121399
-0.127487
0.088881
-0.039164
0.218042
0.148089
-0.062131
-0.060346
-0.005755
0.053521
0.174492
0.016641
-0.022857
-0.222407
0.007951
-0.109835
0.050168
0.040643
0.028211
0.089403
-0.030764
-0.050051
-0.133578
0.007948
-0.226532
-0.147656
-0.073391
0.163379
-0.003791
-0.051298
-0.012329
0.099506
-0.048379
0.073872
0.120115
0.240485
0.093465
0.093973
0.108848
-0.051443
-0.006283
0.037467
0.064663
0.168707
0.259481
0.017578
-0.149144
0.000345
0.074773
0.001551
0.116489
-0.033213
0.247555
-0.033381
0.124019
0.059527
0.019363
-0.030842
0.007230
0.087130
-0.003283
-0.029726
0.031428
-0.057067
-0.034422
-0.174006
0.096367
0.031237
-0.075079
-0.181273
0.037272
-0.007586
-0.137769
0.054252
-0.246545
0.149287
0.006249
0.060321
0.205203
-0.070764
-0.082555
0.070213
0.088851
-0.043000
-0.002922
-0.129999
0.052277
0.119991
-0.020160
-0.018501
-0.000784
0.143729
0.036094
-0.054260
0.066867
-0.035906
0.008177
-0.106950
-0.133849
0.013180
-0.074985
0.016247
-0.046764
0.186188
-0.093786
-0.163761
0.031005
0.092878
0.183205
0.109973
0.021700
-0.214054
-0.032218
-0.062067
-0.050729
-0.148907
-0.157543
0.050334
-0.014459
-0.027157
0.007641
0.231223
0.024179
0.053433
0.005636
-0.100948
-0.007448
-0.115704
-0.028012
-0.123356
-0.088557
