# 参数名称：backbone.features.16.conv.4.bias
# 参数形状：(960,)
# 参数数据类型：float32
# 参数值（保留6位小数）：
-0.005273
0.002959
0.000132
-0.004230
0.002127
0.001896
-0.002294
-0.000223
-0.008589
-0.005879
0.003343
0.003861
0.005540
0.001237
-0.000278
-0.005230
-0.001311
0.002142
-0.000145
0.005399
0.002512
-0.009667
-0.006313
0.005297
-0.000398
-0.011567
0.003542
-0.007434
0.002072
0.007509
0.002644
-0.005072
0.005627
0.000163
0.007321
0.006013
0.004055
-0.000608
0.005397
0.014270
-0.005800
-0.000187
0.002199
0.002530
0.003389
0.003852
0.000243
0.001115
-0.003620
-0.000137
0.000143
0.000977
-0.003861
0.005397
-0.008408
0.003627
0.002888
-0.001080
0.001012
0.004605
-0.005477
0.002364
0.004339
0.005702
0.002878
0.003182
-0.006343
-0.005827
0.003621
0.007317
-0.003784
-0.004762
-0.004511
0.001441
0.000574
0.004537
0.001079
0.000618
-0.001549
-0.003201
-0.005118
-0.004053
-0.006636
0.010909
-0.002034
0.004254
-0.001605
0.000518
0.006371
-0.001043
-0.000372
-0.000041
0.003273
-0.005490
0.001432
0.000697
-0.005011
-0.004048
-0.001504
-0.004050
0.000439
0.008923
0.004159
-0.004009
-0.009930
0.002210
-0.007027
0.001378
0.005307
0.008694
-0.000291
-0.005218
0.006668
0.011236
0.003832
-0.000636
-0.006767
-0.004978
-0.005984
0.007336
-0.000174
-0.008659
-0.003112
-0.003192
-0.013957
0.000241
-0.001957
-0.003127
0.014378
-0.007387
-0.004267
-0.003199
-0.001734
-0.005765
-0.019855
0.005858
0.006294
-0.011644
-0.009043
-0.002167
-0.008675
-0.001023
0.001319
-0.004423
0.000798
0.000301
-0.001479
-0.009094
0.002365
0.001415
-0.005063
0.006566
0.002825
-0.004950
0.006342
-0.005726
-0.002935
0.002500
-0.002069
0.002350
-0.003868
-0.001793
0.008682
-0.006924
-0.002183
-0.006691
0.002538
-0.007262
0.002365
0.004280
-0.001008
0.002978
0.001458
-0.004832
-0.000473
-0.005618
0.005572
0.013166
0.002317
0.000232
-0.008127
-0.000065
0.000842
-0.001376
0.001185
0.001383
0.003454
0.001447
-0.002147
-0.004022
-0.016658
0.001654
0.005537
0.006333
-0.002847
0.011010
-0.010285
-0.009238
-0.001210
-0.001492
-0.008307
0.000791
-0.005065
-0.004984
-0.004493
0.002060
-0.002088
-0.004681
-0.004283
0.008923
-0.008452
0.002193
-0.001511
0.003476
-0.000153
0.004966
-0.008391
0.001531
-0.006108
0.000203
-0.001103
0.001997
0.005961
-0.000731
0.000712
0.003667
0.004869
-0.003689
0.005760
0.003424
-0.000235
-0.005888
-0.004448
-0.004627
0.003955
-0.004643
0.002525
-0.003571
-0.013413
0.003158
0.008829
-0.005276
-0.007524
0.009106
-0.002850
0.004698
0.001679
-0.007895
0.004258
-0.000254
0.008408
0.000394
-0.005579
-0.008415
-0.003861
0.009586
-0.001761
-0.001659
0.008109
-0.005023
-0.002106
0.006882
-0.002281
0.003463
-0.005617
-0.008371
0.001424
0.005272
-0.000632
-0.000369
0.000503
0.003372
-0.004190
0.000434
0.002514
0.009740
0.008683
0.010990
0.004758
-0.001470
-0.009472
-0.002750
0.001517
0.003023
-0.005503
0.005497
0.002060
0.001476
-0.000430
-0.005921
0.004936
-0.001092
-0.000475
0.004461
0.005983
0.000985
0.000141
-0.002057
-0.000464
-0.002093
0.003688
0.007072
0.000954
0.002136
0.002353
0.010892
-0.000400
-0.003757
0.009711
-0.010150
0.001166
0.002034
0.006805
0.001997
0.003300
0.001272
-0.001207
0.005370
-0.010404
0.001415
-0.000371
-0.004556
0.002971
0.001828
0.003405
-0.010095
-0.007528
0.007753
0.004171
-0.001136
-0.001602
-0.007792
0.000675
-0.001876
-0.011810
0.005678
-0.018047
0.004619
-0.001329
0.006465
-0.005814
-0.012746
0.000326
-0.000157
-0.007021
-0.011123
0.001150
0.001054
-0.003025
0.003648
0.008126
0.001389
0.002685
0.001409
-0.000549
-0.000528
-0.007749
-0.005889
0.005589
0.005530
0.009449
-0.000837
0.003772
-0.003491
0.004450
-0.000474
-0.003364
-0.000081
-0.004267
0.000024
0.000323
0.004675
0.007768
0.005113
-0.017228
-0.000964
-0.000306
0.004562
-0.012805
0.002324
-0.004663
0.008141
-0.000279
0.001919
0.003177
-0.010242
-0.002084
0.004552
-0.001495
0.003541
-0.002414
0.009357
0.004454
0.008266
0.001987
0.004633
0.004673
-0.003170
-0.000204
0.002615
0.003457
0.010342
-0.010421
-0.002276
0.004721
-0.001757
-0.006938
-0.006795
-0.001487
-0.003108
-0.000471
0.002259
-0.002395
-0.001043
0.005650
-0.001388
-0.006561
0.004966
-0.000313
-0.006186
-0.002519
-0.010017
0.002757
0.001812
0.008529
0.005097
0.004960
0.000288
-0.013212
-0.002506
-0.009134
0.009084
0.001401
0.002303
0.000522
-0.009850
-0.001553
-0.002350
0.006936
-0.013497
0.004478
0.002890
0.010247
-0.013858
0.005265
-0.008971
0.005864
-0.013068
0.000093
0.005243
-0.002115
-0.007882
-0.004068
-0.003986
0.004775
0.002887
0.002004
0.003848
-0.002580
0.001379
0.008158
0.002068
-0.004320
0.007922
0.001591
0.002525
0.004693
-0.008161
0.001213
-0.000461
-0.015076
0.002288
0.001731
-0.005732
-0.011622
0.002827
0.003147
-0.001874
0.008455
-0.000857
0.006854
0.000940
0.000555
0.007394
-0.008042
0.003372
-0.000811
0.002266
0.001329
0.004217
-0.012156
0.002413
-0.004902
0.007954
0.002299
-0.004026
-0.001075
0.001967
-0.003201
-0.003480
-0.004228
0.000762
0.003622
-0.005804
0.006560
0.002560
-0.004337
0.004063
-0.003247
-0.006124
0.000776
0.001791
0.006321
0.004690
-0.004129
-0.000640
0.006576
0.003419
0.002604
-0.002891
-0.001017
0.007275
0.003821
0.000341
-0.003466
-0.001777
-0.006242
-0.008630
0.008330
0.000138
-0.001681
0.003994
-0.003917
-0.002694
-0.003620
0.006273
0.007379
0.002199
-0.002104
-0.000921
0.004667
0.004841
-0.019794
-0.013353
-0.001058
0.005942
-0.000779
-0.001933
-0.010107
-0.005171
-0.001492
-0.010174
0.007696
-0.002366
0.002157
0.002462
-0.009533
-0.005807
0.003345
-0.000562
-0.001221
0.005321
0.003809
0.003658
0.001161
-0.004317
-0.001260
-0.002089
-0.008616
-0.005476
-0.000965
0.000317
0.001870
0.004708
-0.009741
-0.004410
-0.010634
-0.002213
-0.001917
-0.002084
-0.003032
0.000830
-0.005171
0.003545
0.003052
0.005473
-0.000966
-0.002374
0.007378
-0.001581
0.007113
0.003686
0.001172
-0.001591
0.006328
-0.000627
-0.001273
0.004231
0.001412
-0.008690
0.001885
0.004681
-0.017295
-0.000684
0.000788
0.007227
-0.005467
0.000639
-0.006069
-0.003233
0.000514
0.003100
-0.020264
-0.006607
0.006301
-0.002414
0.001887
-0.000293
-0.013996
0.003959
-0.001659
0.000721
-0.015543
0.002816
-0.005358
0.001974
0.006287
0.001522
0.002698
-0.001506
-0.002624
0.000165
-0.002283
-0.011007
-0.003254
-0.000058
0.002901
0.003278
-0.003137
-0.000052
-0.010237
-0.002884
-0.005052
-0.019650
0.012697
0.004338
-0.004514
0.009003
-0.003471
0.000380
0.001098
0.002981
0.004255
0.005666
-0.004359
-0.001094
0.007032
-0.008363
0.004377
0.005511
-0.001075
-0.006928
0.000809
0.002520
0.001574
0.002938
-0.001611
0.005674
0.005414
0.003346
-0.007432
-0.004280
0.001302
0.004385
-0.001328
0.003378
0.000657
0.001419
0.001520
0.006933
0.004386
-0.001120
-0.000443
-0.003977
0.003806
-0.011347
-0.001442
0.000830
-0.004152
-0.006736
-0.003772
0.007954
-0.012759
0.000933
0.001947
0.001275
0.000541
0.002963
0.001907
0.001106
0.001633
0.001876
0.004153
-0.006365
-0.007978
0.003744
0.006320
-0.003234
0.003947
0.002969
-0.000156
0.001670
-0.000521
-0.000156
0.004490
-0.011472
0.007161
0.001779
-0.017236
0.003328
0.001013
0.001961
0.006039
-0.003271
0.010273
-0.011649
0.005682
0.001076
0.003893
-0.011580
-0.002884
-0.000529
0.001671
0.003892
0.006324
-0.002669
0.001577
0.004760
0.002332
0.008697
-0.000403
-0.004517
0.005873
-0.002452
0.005188
0.002774
-0.006499
0.010021
-0.004264
0.000809
-0.000459
0.000467
-0.010912
0.002699
-0.002169
-0.001188
-0.002212
-0.008890
0.005879
0.001898
0.000141
-0.013268
0.005548
0.003778
-0.007897
-0.002545
0.005917
0.004476
0.000261
-0.002418
-0.006661
0.006999
0.001903
-0.002806
0.004712
0.002052
-0.003936
0.008201
-0.008524
0.002654
0.004559
-0.013889
0.000852
-0.003179
-0.000269
0.004221
-0.011258
0.004856
-0.011589
-0.000154
-0.000457
0.001683
0.000316
0.001456
-0.002581
0.002704
0.003014
-0.002438
0.003323
0.004118
0.002611
0.003362
-0.006088
-0.010240
-0.006180
0.002454
-0.003249
0.005155
0.007454
-0.003315
0.002914
0.000019
0.001046
-0.001069
-0.010297
0.003182
0.002953
-0.001606
-0.010030
0.009036
-0.012805
0.002954
0.003027
-0.010300
0.003785
0.006951
0.002664
-0.002044
0.002472
0.001116
0.001723
-0.003393
-0.006733
-0.006933
-0.005492
0.003906
-0.003082
-0.005811
-0.000266
-0.001923
-0.011301
-0.002737
-0.000144
0.001547
-0.000897
-0.006298
0.003663
-0.001392
-0.001191
0.004421
-0.009985
0.002579
-0.001139
-0.004498
0.001779
0.004843
0.005143
-0.004267
-0.001399
-0.003026
-0.002712
0.006456
0.000078
-0.003471
-0.001827
-0.005673
-0.005983
0.002450
-0.007767
-0.006519
-0.006564
0.005760
-0.004010
0.003006
-0.010282
-0.001077
0.001970
0.000253
0.004635
-0.003639
-0.004961
0.006657
0.000941
-0.003802
-0.011516
-0.002135
-0.000477
0.004575
-0.000376
0.001372
0.003040
-0.003789
0.007884
-0.000009
0.007104
-0.001138
0.002789
-0.002498
-0.001970
0.009805
0.003402
0.003070
-0.011744
0.004475
0.006914
0.002443
-0.004687
0.002778
-0.004315
0.001295
-0.005492
-0.015299
-0.001763
0.000623
-0.000649
-0.004444
0.001937
-0.003086
0.005816
0.005676
0.006779
0.000189
0.003296
0.001439
-0.000460
0.002267
0.002399
0.004350
-0.000180
0.000263
-0.002989
-0.000078
0.001091
0.007510
-0.000412
0.006945
-0.001051
0.003893
0.004477
-0.009445
-0.003172
0.003146
-0.002222
-0.003477
0.005611
-0.003738
-0.002283
0.003687
0.006288
-0.001981
-0.002450
-0.010413
-0.001978
-0.009514
-0.007168
0.003510
-0.003933
-0.002932
-0.000523
0.004544
