# 参数名称：backbone.features.11.conv.1.bias
# 参数形状：(384,)
# 参数数据类型：float32
# 参数值（保留6位小数）：
0.003035
-0.000737
0.001747
-0.001047
-0.002023
-0.004327
0.003614
0.000902
-0.000641
0.000298
0.006121
0.008595
0.004441
-0.000881
0.004203
0.007899
0.001943
0.000930
0.000961
0.004213
0.009549
0.002462
0.003319
-0.000800
0.001978
0.005214
0.008508
0.005513
-0.000203
0.010295
-0.001319
0.000757
0.002417
0.000401
0.005630
0.005912
0.001840
-0.003185
-0.005337
0.003531
0.005701
0.001893
0.007289
-0.004657
0.008974
0.002161
0.000201
-0.005894
0.005891
0.004133
-0.002371
-0.005507
-0.004420
0.000319
-0.000122
0.001242
0.004562
0.002237
-0.000971
-0.000309
0.003273
0.002319
0.002720
0.001840
0.009729
0.003885
0.001342
0.004943
-0.001960
0.000952
0.005034
0.005378
0.002780
0.011170
-0.001188
0.001403
0.005946
0.000328
0.005529
0.000794
-0.002155
-0.001996
0.002557
0.008254
0.008694
0.001057
0.003493
-0.000228
0.005871
-0.001634
-0.001968
-0.004279
0.010011
0.006260
-0.009316
0.005790
0.001050
-0.001780
-0.001914
0.009292
0.008078
0.002515
0.007433
0.005570
0.002174
0.003169
0.004046
-0.000730
-0.000678
-0.004280
0.004789
0.007575
0.004325
0.005813
0.001154
0.000536
0.000075
0.006933
0.001995
0.004411
0.005170
0.002141
0.004573
0.002046
0.009554
0.001019
0.002110
0.003802
0.004943
-0.004842
0.002962
0.002840
0.000214
0.004197
-0.004685
-0.003349
-0.002350
0.006809
-0.001323
0.005435
-0.006276
0.003200
0.002438
0.006188
0.006226
0.006649
-0.001672
0.004488
-0.001232
0.002725
0.014281
0.002128
0.003410
0.010003
0.005299
-0.001086
0.006753
-0.000156
0.000632
0.000943
-0.000403
0.001134
0.007666
-0.002629
0.003410
0.000907
0.004012
0.000725
-0.000848
0.006400
0.004312
0.000917
0.010061
0.007310
0.003379
0.005102
0.004691
0.003781
0.008277
0.005111
0.010097
-0.007812
-0.002513
-0.001556
-0.004816
0.002917
0.004378
-0.002741
-0.001311
0.004100
0.002592
0.003128
0.006788
0.007708
-0.004740
-0.002902
0.002707
-0.002911
0.009726
0.001101
0.001686
-0.001433
-0.002821
-0.002184
-0.001785
0.002259
0.001690
-0.000424
-0.002522
0.006105
0.000543
-0.002659
-0.001107
0.004182
0.002970
0.005050
0.007831
-0.005625
0.003765
0.006831
0.003758
-0.003478
0.010688
0.002021
0.001117
0.004185
0.005120
0.002650
0.009106
0.011090
0.008587
0.001999
0.003010
0.008558
0.009015
0.006047
-0.000573
0.000313
0.004649
0.006047
-0.003990
0.003951
-0.001801
0.004926
-0.002840
-0.001830
0.007610
-0.004085
0.006704
0.000367
-0.010028
0.003952
0.002508
-0.001138
0.006780
-0.002512
0.001876
-0.001735
0.002715
0.000452
-0.001228
0.004140
-0.002506
0.003124
0.002440
0.006459
-0.000952
0.003390
0.004203
0.002500
-0.003181
0.001509
-0.001172
-0.001883
-0.000553
0.007973
0.002346
0.004624
0.005907
0.001633
0.006420
0.002999
0.006303
0.000350
-0.004168
0.002385
-0.001176
0.006333
0.008839
0.001595
-0.000943
-0.000176
0.002771
0.007321
0.003739
0.002718
-0.000788
0.000789
0.004005
0.002738
0.001818
0.006327
0.004165
0.008030
0.000893
-0.007060
0.001600
0.004106
-0.002755
-0.002872
0.002869
0.001785
0.002591
0.001409
0.004423
0.005602
0.002866
-0.006440
0.007584
0.005963
0.003206
0.002071
0.004250
0.001307
0.003714
0.003464
0.011571
0.004335
-0.003856
0.008582
0.001662
0.002771
0.001095
-0.002495
0.003659
0.000524
0.004966
-0.000576
0.008225
-0.000460
0.001788
0.004356
-0.001740
0.005744
0.006468
0.000942
0.010169
0.006974
0.003625
-0.001739
0.005440
0.002618
0.003428
-0.002678
0.009509
0.001330
0.010132
0.008554
-0.004251
0.001118
0.002502
0.006522
-0.004492
0.000394
0.000035
0.008026
0.007470
0.001793
-0.000009
0.001337
0.005813
0.000360
0.005545
0.001328
0.005115
0.004293
0.002044
0.010638
0.006802
0.002055
0.008496
0.006423
0.005301
0.002777
