# 参数名称：backbone.features.3.conv.3.weight
# 参数形状：(144, 1, 3, 3)
# 参数数据类型：float32
# 参数值（保留6位小数）：
-0.006699 -0.003222 0.018257
0.051126 0.001509 0.045122
0.042216 0.061687 -0.035822
-0.020541 0.005586 -0.074701
-0.008054 -0.020518 0.068497
0.050322 0.005589 -0.047458
0.044099 0.028857 -0.013928
0.042627 0.028612 0.040060
0.043741 0.055300 -0.007203
-0.010981 -0.039642 -0.080239
0.011660 0.042631 -0.078429
0.011046 0.006019 0.016969
0.020886 0.001009 0.043178
0.051716 -0.045496 0.004478
-0.021807 0.034036 -0.018629
-0.010289 -0.038127 0.003311
-0.035212 0.021108 -0.002931
-0.011643 -0.017784 0.023587
0.045898 -0.072178 0.013979
-0.025488 -0.047564 -0.026217
-0.023581 0.049063 0.073866
0.029745 -0.074048 0.019836
0.037139 0.030647 -0.034977
0.057604 -0.010441 -0.039060
0.018839 0.064439 -0.009888
-0.023147 0.009128 0.072168
0.076285 0.000085 0.049879
0.004203 0.046847 0.025294
-0.011202 -0.036759 -0.013155
-0.010790 -0.013949 0.060277
0.033608 0.050506 0.096721
0.015653 0.003359 0.027356
0.015560 0.002778 -0.035962
-0.027599 0.028407 0.037613
-0.064094 0.002040 -0.035997
-0.037210 -0.009540 -0.008303
0.010968 -0.011524 0.070231
0.042816 -0.016317 0.089953
0.004607 -0.003610 -0.047208
0.079324 0.012902 -0.023551
-0.022215 -0.029190 0.017360
0.026811 -0.070065 -0.004661
0.046211 0.028019 0.007413
0.001045 0.064425 0.024973
-0.025320 -0.010721 0.042643
0.051182 0.080170 -0.060862
-0.013058 -0.002290 0.005470
-0.024117 -0.011608 0.004460
-0.018303 0.005810 0.002961
-0.067086 -0.014580 0.064046
-0.071678 -0.036546 0.044785
-0.041083 -0.016258 -0.011910
-0.028664 0.018332 -0.015790
0.007931 0.001852 0.019614
0.034821 -0.082235 0.005484
0.000712 0.003885 -0.003793
0.042994 0.014360 -0.034376
-0.018436 -0.052604 -0.005723
-0.065171 -0.015159 0.026564
0.022688 0.069290 0.001343
-0.032212 0.039676 -0.004575
0.060255 0.081611 -0.054078
0.007310 -0.037469 -0.053571
0.029821 -0.006009 -0.026840
0.001978 -0.060429 0.006349
0.032033 -0.006258 0.040559
-0.023066 0.027514 -0.011701
-0.011839 0.033510 0.031219
-0.005758 0.009612 0.043143
-0.051105 0.004780 0.047951
-0.016730 0.021644 0.039881
-0.014336 -0.006512 0.054445
0.019744 -0.020143 0.051693
-0.021284 0.021203 -0.011246
-0.038122 -0.038227 -0.018922
-0.002075 -0.036510 -0.071291
0.013050 0.026527 -0.008424
0.052291 0.040682 0.016638
-0.011754 0.005142 -0.025124
-0.006194 -0.027361 -0.004061
-0.044937 0.047020 0.027803
0.052325 0.037518 0.032412
0.026721 -0.000473 -0.057844
0.061698 0.025469 -0.044644
0.033366 -0.007150 -0.024117
-0.027933 -0.033987 0.023881
0.068701 -0.049388 -0.024442
0.005363 -0.067182 -0.054895
-0.013061 -0.051368 -0.026562
-0.066551 -0.005408 0.069439
-0.037067 -0.056648 0.069971
0.029760 0.076804 -0.004292
0.022729 0.036608 0.000826
-0.008428 0.058218 -0.020779
0.011293 -0.002082 0.102164
-0.044032 -0.029365 -0.075253
0.047326 -0.002559 0.012782
0.024676 0.004551 -0.031389
0.066400 0.086562 0.049080
-0.030065 0.005111 0.082055
0.018859 -0.038431 -0.057295
0.036540 0.026254 0.017088
0.037346 0.007309 0.017692
0.060364 -0.084859 0.025047
0.031926 -0.060077 -0.033943
0.018183 0.020167 -0.053108
0.043174 0.071295 -0.002191
-0.023062 0.034453 0.027256
-0.003802 -0.029400 -0.010461
-0.024384 -0.011052 0.015864
-0.034725 -0.051869 0.020286
-0.001984 0.049692 -0.006197
0.002545 0.070596 -0.024066
-0.048785 0.058949 -0.037363
-0.009155 -0.017277 0.078612
-0.028151 -0.037680 -0.054571
0.019936 -0.007429 0.046505
-0.012261 -0.044639 -0.023496
-0.026610 0.012929 0.006820
-0.007524 0.054683 0.055855
0.002783 -0.010731 0.021719
0.044782 -0.046863 -0.015971
0.005417 -0.029453 0.021595
-0.057202 0.034193 0.046815
0.002235 0.014920 -0.019136
-0.020758 -0.037444 0.044399
0.008002 0.020280 0.079224
-0.010389 0.053499 -0.034238
-0.038570 0.082230 0.013460
0.037019 0.051001 -0.007469
0.020176 0.051818 -0.020458
-0.007770 -0.072258 -0.002675
-0.001231 -0.002049 0.057808
-0.002872 -0.030839 -0.002285
0.019497 -0.008144 0.036213
0.009971 0.020303 0.013852
0.058967 -0.076385 0.041924
-0.059670 -0.022386 -0.099442
0.024818 0.045072 0.009323
-0.025935 -0.049521 -0.015489
-0.058138 -0.010886 -0.010263
0.044207 -0.002536 0.074858
0.038622 -0.014570 -0.031872
0.001887 -0.034523 -0.001148
-0.017747 0.000013 0.023362
0.030068 -0.012942 -0.023888
0.036106 -0.042235 0.040990
-0.019000 0.046131 0.057326
-0.003221 -0.096001 0.023095
0.055395 -0.041497 -0.062127
-0.005153 -0.005467 0.038445
0.035180 0.101850 -0.029611
0.058855 0.002752 0.005834
0.059729 -0.080018 0.017216
0.174804 0.058606 -0.076147
0.052048 -0.017609 -0.018833
-0.044616 0.053223 0.017711
-0.086442 -0.059330 0.034389
-0.057528 0.016517 0.018210
0.018203 0.102657 -0.010514
0.025469 0.016798 0.021396
-0.048143 0.022656 -0.045080
0.006780 0.045728 0.035398
-0.035943 -0.007004 0.008840
0.014835 -0.013121 -0.033565
-0.044047 0.017023 0.030074
-0.036834 0.011416 -0.015581
-0.002009 -0.074252 0.003460
-0.016564 0.016674 -0.039334
-0.015447 0.039810 0.006101
0.012879 0.055268 0.081752
0.004503 -0.086281 0.058707
-0.046762 0.031281 0.025317
0.019321 -0.040989 -0.007352
-0.029142 -0.014803 0.065027
0.042522 -0.001409 0.001481
-0.003471 -0.017806 0.064533
-0.029089 -0.003754 -0.037976
0.039400 0.001435 0.000877
0.000305 0.016589 0.042672
0.043855 -0.001104 0.019568
0.001463 -0.006440 -0.020619
-0.034101 -0.066181 -0.082309
0.019143 -0.023421 -0.003166
-0.032998 0.028388 -0.023242
0.022203 0.031651 -0.013915
0.010363 0.023616 -0.085253
0.038017 -0.074991 -0.058032
0.008056 -0.003122 0.032444
-0.029901 0.012840 0.024700
0.008302 -0.002253 0.005132
-0.005124 -0.012339 0.009100
-0.025939 0.047508 -0.004124
-0.061902 -0.101938 0.049247
0.038548 0.006319 -0.026579
-0.000218 -0.013354 -0.027156
0.026248 -0.049869 0.028143
0.031886 0.031906 0.003054
-0.014990 -0.064805 0.009437
-0.011847 -0.027043 -0.018607
0.050950 -0.017353 -0.016222
-0.009355 -0.026634 -0.024726
-0.061155 0.061296 -0.004215
-0.009855 0.002838 0.026098
-0.004887 0.054363 0.064626
-0.007451 0.023247 -0.008065
0.040694 -0.033871 0.017777
-0.053118 0.015135 0.067511
-0.042206 -0.017725 0.015340
0.007222 0.018631 -0.011296
-0.068059 -0.007080 -0.051600
0.036805 0.031944 0.014062
-0.064492 -0.051054 -0.010733
-0.010636 0.003671 0.072171
0.005561 0.006718 0.017643
0.042066 0.051037 0.000295
-0.022287 0.023408 -0.024509
-0.030340 -0.021230 -0.061002
0.007963 0.001836 -0.022437
-0.043076 -0.001840 0.057913
-0.034141 0.025833 -0.059479
-0.002462 -0.037418 -0.032601
0.013048 -0.063966 -0.018714
0.044737 -0.079016 0.061611
-0.005822 -0.032692 0.015933
-0.042214 0.015374 0.027079
-0.044390 0.034098 -0.026863
-0.018934 -0.028669 -0.032193
0.051602 0.054511 0.053808
-0.006954 -0.034538 0.083077
0.050797 0.031594 0.001412
0.058337 -0.001616 0.017325
0.013624 0.060253 -0.025967
0.021464 -0.095967 -0.003506
-0.044616 -0.002595 0.018993
0.025186 -0.021346 0.020451
0.050996 -0.012303 -0.073137
-0.005179 -0.009943 -0.025994
0.071539 -0.021620 0.013956
0.001625 -0.024598 -0.023197
-0.035792 -0.040140 -0.058808
0.012054 -0.005538 0.021721
0.006440 -0.017711 -0.032326
-0.057299 -0.010620 -0.005717
-0.023239 -0.038125 -0.057359
-0.000519 0.068555 -0.004844
-0.037425 -0.014069 0.015544
-0.061166 -0.025840 0.006240
-0.002460 -0.025061 -0.089550
-0.014844 0.003284 0.008799
-0.026610 -0.012705 0.016892
0.002435 -0.003473 0.067159
-0.005176 -0.026316 -0.017233
-0.021976 -0.042704 -0.064051
-0.015316 0.042272 -0.037931
0.037671 0.059869 -0.018629
-0.002619 -0.001872 0.079405
0.030240 0.018838 0.027477
-0.031177 -0.021599 0.012670
-0.006427 0.025174 0.010217
-0.012762 -0.009883 -0.072084
0.023787 -0.017858 -0.038232
-0.017917 0.042403 -0.009295
0.010423 0.015102 -0.012060
-0.017855 0.040123 -0.009688
-0.061799 0.029572 -0.005450
0.044255 -0.046288 -0.039505
0.036522 0.017291 0.000127
0.020041 0.049571 -0.088593
-0.071118 -0.003664 -0.053009
0.021992 0.123266 0.018314
0.001084 -0.076722 0.017360
-0.017932 0.021086 0.012268
-0.054292 -0.014163 0.014994
-0.052856 0.034734 0.042655
0.086285 -0.002961 -0.007204
-0.037568 -0.025437 -0.019562
-0.021758 0.102644 -0.042188
0.042895 0.075336 0.012806
-0.044485 -0.063269 -0.017592
-0.003606 0.016781 -0.060941
0.017322 -0.073012 -0.048769
0.075738 -0.011089 -0.036514
-0.028376 -0.065189 -0.049574
0.030772 -0.000651 0.017290
-0.025499 -0.006358 -0.023108
0.012887 0.024467 -0.030343
-0.063722 0.010461 -0.040818
-0.085330 0.000067 0.014355
0.025190 -0.009000 0.018380
-0.034200 -0.005618 -0.008166
0.048479 0.050968 0.044716
0.018714 0.016524 0.027003
-0.029000 0.007648 0.020613
0.001003 -0.037495 -0.064407
-0.010481 0.026593 -0.043338
-0.057529 0.033785 0.032463
0.036053 -0.052658 -0.030946
-0.032587 -0.039106 -0.037567
-0.054095 -0.084736 0.004404
0.058280 0.094828 0.017273
-0.033309 0.024129 -0.013037
-0.003020 -0.017268 -0.006757
0.065804 0.023881 -0.016174
0.004483 0.026955 -0.051592
0.012716 -0.073427 -0.000118
0.009091 -0.017686 -0.028454
-0.031081 -0.013244 -0.010686
-0.009314 -0.008004 0.039572
0.122712 0.015503 -0.034822
0.014925 0.041556 -0.000488
0.045938 -0.051879 0.061401
0.005809 -0.005733 -0.003751
0.056422 0.022470 0.025729
-0.002864 -0.010249 0.018307
-0.028537 -0.005014 -0.029622
-0.081693 -0.015063 -0.040163
-0.025413 -0.039047 0.023392
0.073960 -0.004570 -0.005953
-0.064315 0.011954 -0.020465
-0.004104 0.053094 0.003416
-0.006279 -0.017946 0.015374
0.050649 0.104390 -0.054006
-0.039098 0.026144 0.019302
-0.044789 0.029477 -0.023189
0.000770 0.003371 0.048227
0.042904 -0.032407 0.025760
-0.062743 -0.039871 0.043914
-0.081629 -0.082545 0.004068
-0.033749 -0.019899 -0.032066
0.031375 0.016005 0.032919
-0.013574 -0.014289 -0.034786
0.046355 0.024872 -0.030332
0.019267 -0.046822 -0.037447
0.015437 -0.009127 -0.036357
-0.023356 -0.028632 -0.044355
-0.064617 -0.037272 -0.008604
-0.065604 0.044108 0.015088
-0.047865 0.003166 -0.003053
-0.001627 0.090300 -0.019962
-0.021273 0.003111 -0.053525
0.044743 -0.033640 0.031161
-0.038127 0.065293 -0.018087
-0.032243 0.055025 0.051106
-0.014822 -0.002039 -0.012973
-0.014307 0.005175 0.013412
-0.002095 0.041396 0.036483
0.003927 -0.016763 0.031157
0.016838 0.004810 0.003757
0.074295 0.001737 0.013358
0.012725 -0.031346 -0.022952
0.057440 0.060945 -0.000531
0.020115 0.047076 -0.021061
-0.016453 -0.002755 0.017311
0.025246 0.009003 -0.045178
-0.001701 -0.013636 0.036066
0.054185 0.091495 -0.020474
0.015999 0.006034 0.060684
-0.037116 -0.075115 0.005876
-0.010464 0.006627 -0.031450
0.042118 -0.062249 0.051247
-0.050223 0.003818 -0.057664
-0.043794 -0.063295 -0.103068
-0.038523 0.026556 0.001494
0.003263 -0.001411 0.016371
0.076051 0.038473 0.023205
0.002585 0.075261 0.067297
-0.074269 0.046419 0.017100
-0.027360 0.007063 0.027403
-0.039179 -0.068785 -0.045530
-0.039328 0.055890 0.016993
-0.024791 0.072922 -0.009857
-0.024739 0.034673 -0.023751
0.041663 0.046305 -0.009930
0.008186 -0.023544 0.041293
-0.112383 -0.013116 -0.018742
-0.032585 0.031597 -0.026041
-0.012814 -0.077731 -0.030277
0.065711 -0.021207 0.008654
0.027807 -0.046482 -0.007483
-0.015142 -0.005888 -0.068249
-0.019001 0.009922 0.038570
0.024999 0.044809 -0.040343
-0.072649 -0.026849 -0.024058
0.016908 0.063748 0.014878
-0.012026 -0.049307 0.013055
-0.005170 -0.022295 -0.006551
0.000251 0.060550 -0.032169
0.067515 -0.039009 -0.108686
0.007010 -0.049080 0.016392
-0.029946 -0.035281 0.005361
0.004851 0.062491 0.007326
-0.053060 0.054378 -0.044334
0.035953 -0.040483 0.032581
-0.011173 0.077371 -0.005660
-0.025779 -0.016785 -0.021633
0.039048 -0.026443 0.009178
-0.013783 -0.055678 0.020355
0.031155 -0.016039 -0.077160
0.026974 0.030976 -0.040645
-0.012168 -0.017440 -0.026090
-0.014409 -0.004046 -0.047753
-0.018469 0.053972 0.086610
0.050574 -0.020469 0.016101
-0.025134 -0.040266 -0.017714
-0.025318 -0.018839 0.030713
-0.062134 -0.021732 0.024677
0.075011 -0.008122 0.039582
-0.059476 0.089059 0.070010
-0.105396 -0.011678 -0.017563
-0.011329 0.029283 0.006935
0.037473 0.014435 -0.004884
0.036869 -0.021445 -0.002123
0.005987 -0.005904 0.009168
0.044442 0.039105 -0.046565
0.074424 0.060602 -0.084635
-0.009792 -0.050672 -0.020941
0.094402 -0.053555 -0.030072
0.013169 0.009350 -0.035394
0.016109 0.017505 0.003145
-0.012327 0.030244 0.038112
0.004842 0.019976 0.105420
0.008795 0.040297 -0.038608
-0.053052 -0.034074 -0.005872
0.018706 0.019745 -0.013129
0.046739 -0.084542 -0.011633
0.019971 -0.002026 -0.060460
-0.014739 0.036074 -0.014327
-0.001087 -0.039127 0.020878
-0.059498 -0.000079 0.038441
0.020653 -0.004777 0.059128
-0.012545 0.092485 0.021199
