# 参数名称：backbone.features.15.conv.7.running_mean
# 参数形状：(160,)
# 参数数据类型：float32
# 参数值（保留6位小数）：
0.681185
-1.171477
0.798656
-1.425781
-0.645350
0.257926
-0.367227
-0.366788
1.052088
0.008739
0.564311
-0.169921
-1.438089
1.141638
-0.739968
0.635639
-0.076013
0.508588
-0.209052
-0.333228
0.972282
-0.189384
-0.239774
-1.548512
0.017508
-0.439650
-0.008082
-0.976927
-0.060324
-0.814118
0.582992
-0.382094
0.037148
0.657473
1.100397
0.428202
0.422851
0.054033
-0.203596
1.163463
0.109274
0.188927
-0.591155
0.414300
0.841787
-0.917250
1.412406
0.424566
-0.277200
-0.202268
0.051349
0.019305
0.077298
0.175801
-1.034382
-1.173422
0.170434
-1.169062
-0.807889
-0.384284
1.127753
0.230478
0.208506
0.326924
0.884927
-1.365608
-0.374621
0.351718
-0.336225
1.356304
0.567291
-1.456728
-1.180566
-0.437268
1.691936
-0.367625
-0.147010
-0.810818
0.182314
-0.009740
0.026018
1.438233
-0.330308
-0.268193
-0.063582
-1.578929
-2.281835
1.538934
-0.268422
0.940577
-0.328835
0.379891
0.021642
-0.488608
-0.908892
0.405761
-0.489846
0.722847
0.431576
0.860091
0.695866
-0.324322
-0.487195
-0.256387
-0.791670
0.149603
0.084219
0.225617
2.600829
0.773410
0.932388
0.704660
-1.721911
1.176148
-0.459068
-0.692801
-0.076155
0.007353
-0.666712
0.649375
-0.297786
-0.076635
-0.109473
0.499848
1.473104
0.086174
-0.292149
-1.111242
0.218584
-0.848210
0.036524
0.023789
1.270326
-1.059120
-1.205139
0.209742
1.134889
-0.200878
-1.419779
1.650500
-1.032730
0.747686
0.065330
-0.029944
-1.042946
-0.389167
0.984859
-0.219951
-0.863189
-1.118787
-1.070665
0.580293
2.038052
-0.710300
0.250996
-1.234054
-0.485821
0.231849
-0.395735
-0.070716
