# 参数名称：backbone.features.7.conv.1.running_var
# 参数形状：(192,)
# 参数数据类型：float32
# 参数值（保留6位小数）：
0.613806
0.271568
1.354966
0.883140
0.826249
0.796983
1.440163
0.866681
1.666273
1.410764
1.633760
1.263623
1.007682
1.106693
0.909705
1.077569
0.909635
1.732901
1.317997
1.079701
0.539252
1.579961
1.075059
1.496230
0.872116
0.711207
0.692045
1.362806
0.880866
1.112658
1.325773
1.251508
1.131694
1.661970
1.409734
0.761802
1.400556
1.032165
1.145794
0.710240
1.473071
0.633695
1.931114
0.851626
0.743038
1.764349
1.196524
1.589825
0.852360
1.344652
1.794503
0.958272
1.187876
1.003750
1.063466
0.914896
0.875185
0.894419
2.237141
0.737905
0.601956
1.214693
1.151320
1.005876
0.684480
0.801514
0.593930
1.963694
0.734461
0.659647
0.953440
1.572068
0.786960
0.782870
1.559631
1.003197
1.327854
0.860277
1.060435
0.647863
1.197932
1.327410
2.062706
0.763076
1.160384
1.095408
1.314896
1.243173
1.079313
1.530288
1.200686
0.638640
1.530468
1.253065
0.669132
1.452343
1.094757
1.387227
1.034003
1.020323
0.900007
0.738307
0.774668
0.925217
0.648687
1.371654
1.358014
1.321828
1.071084
1.467633
0.657118
1.364905
0.743630
1.165521
0.876872
1.773935
0.939563
0.934333
0.995739
1.560442
1.346072
1.358737
0.940474
0.467971
1.191213
0.728784
0.889299
0.503965
0.837225
0.852695
1.185550
0.632891
0.813564
1.451180
2.035176
1.278288
1.729028
0.629109
1.578952
0.265760
1.077939
1.087235
0.965433
0.566541
2.498260
1.116909
1.788122
0.594549
0.841708
0.485608
2.051897
0.902272
0.518137
0.752256
1.253504
0.932942
1.185042
0.629110
1.199196
1.438936
0.655721
0.666483
0.678373
1.192566
1.054188
0.741498
1.150271
0.992969
1.446570
0.510568
1.036113
1.319288
1.161198
1.359257
0.783318
0.937511
0.439790
1.005929
0.980571
0.934939
0.891046
1.930742
0.656898
0.809770
1.535804
0.785476
0.776352
1.345770
1.100243
1.068241
0.770074
0.713009
