# 参数名称：backbone.features.14.conv.7.running_mean
# 参数形状：(160,)
# 参数数据类型：float32
# 参数值（保留6位小数）：
-0.042816
-0.438107
1.685956
0.850519
-0.186455
0.794784
0.139946
-0.227514
0.175787
0.107276
-0.581681
-1.707095
-0.572035
0.149310
-1.620234
-0.116473
-0.653178
-0.204485
0.851620
0.576102
-0.178624
0.950475
-0.155969
-1.116812
-0.723390
0.932546
-0.560609
-0.517595
1.061577
0.996178
0.880578
-0.503751
0.641287
0.739628
0.616758
-1.639662
-0.516265
0.521269
-0.924108
0.345417
1.061707
-0.282589
-0.673981
2.275458
0.315275
-1.226912
-0.163133
-0.794998
-1.144917
-0.955281
-0.070271
0.409362
0.651849
0.171969
0.042417
0.466593
0.333893
-0.814963
0.140260
-0.410848
0.659351
-0.800022
-0.952318
-0.035179
-0.021863
-0.294317
1.226719
1.235427
-0.428048
-0.927181
-1.024086
0.340930
-0.403755
-0.100889
-0.031241
-1.019437
0.807333
-0.318966
-0.701133
-0.574676
-0.219911
-0.185603
0.276821
-1.309955
0.534490
0.050170
0.282658
0.071980
0.681426
-0.472342
-0.089786
-0.691958
-0.245285
0.558909
0.834987
1.005935
0.593515
-0.244205
-0.356260
-0.029835
0.495056
-0.060896
-1.307110
0.019914
0.059793
-0.345294
-0.767154
1.577880
-0.531627
0.239603
-0.115950
1.736760
0.079107
0.520090
-1.430107
0.783542
1.545871
-0.248581
-0.807305
0.049438
-2.178711
0.927310
0.425749
-0.091355
-0.146690
0.969119
-0.520283
-1.698522
-0.850031
-0.121246
2.230103
-0.659606
0.483742
0.593685
-0.937658
0.626765
-0.012897
-0.463047
1.215652
-0.003697
-0.197536
1.283629
-0.203246
-1.408961
1.079774
-1.574840
1.020836
-0.248345
0.410938
-1.163969
0.633564
0.334306
0.737738
-0.071870
0.589079
-0.041500
0.319011
1.022881
0.364982
0.016382
