# 参数名称：backbone.features.6.conv.1.running_var
# 参数形状：(192,)
# 参数数据类型：float32
# 参数值（保留6位小数）：
0.870208
0.616711
0.379451
0.920837
0.529307
0.622787
0.695634
0.724866
0.265624
0.481110
0.531964
0.831471
0.712867
0.464304
1.015526
1.020148
0.471487
0.897169
0.493672
0.418095
0.530162
0.564182
0.907558
1.019271
1.006642
0.430110
0.547887
0.810668
1.006204
0.669780
0.600072
0.336681
1.165009
0.665782
0.420318
1.419581
0.691064
1.763743
0.611459
0.305515
1.299134
0.543709
0.378583
0.614934
0.904964
0.513535
0.464504
0.312770
1.321278
0.444178
1.089993
0.421875
0.356834
0.682311
1.009026
0.581488
0.532200
0.518620
0.492527
0.597567
0.655979
0.864345
0.581339
0.603872
0.446604
0.397513
0.856468
1.167377
0.464976
0.398769
0.669628
0.561540
0.403475
0.227466
0.490272
0.765169
0.463154
0.979151
1.001200
0.617033
1.548782
0.544972
0.591645
0.625421
0.377967
0.491653
0.740054
0.588453
0.507038
1.356612
1.562527
0.582866
0.459985
0.375605
0.456880
0.444812
0.394810
0.289638
0.387217
0.975791
0.407460
1.330260
0.603580
0.566164
0.626712
0.664716
1.057379
0.410765
0.563180
0.758356
0.953669
0.870181
0.459026
0.688762
0.401531
0.532625
0.727935
0.366441
0.443172
0.249974
0.551217
0.905760
0.654398
0.247812
0.629766
0.506270
0.582797
0.496411
0.689332
0.418394
0.636300
0.681554
0.363592
0.482135
0.516096
0.499522
0.529528
0.408706
0.716687
0.878340
0.634240
0.931945
0.655547
0.696821
0.740870
0.341934
0.974468
1.279194
0.600176
1.023919
1.380477
1.003754
0.649681
0.821883
0.546571
1.380264
0.564155
0.647676
0.621038
0.689031
0.736820
0.783026
0.463398
0.634504
0.571400
1.050787
0.647512
0.800882
0.567973
1.083463
1.050443
0.946858
0.598641
0.624449
0.508508
0.602262
0.344237
0.681931
0.763445
0.475497
0.544438
0.279381
0.526400
0.451376
1.372076
0.657221
0.633638
0.712398
0.571409
0.482563
0.525287
0.813161
