# 参数名称：backbone.features.10.conv.4.bias
# 参数形状：(384,)
# 参数数据类型：float32
# 参数值（保留6位小数）：
0.001931
0.002004
0.005137
-0.004777
-0.002410
0.001031
0.002519
-0.002738
0.003787
0.003287
-0.000324
0.007598
0.001532
-0.004417
0.001776
0.000795
-0.003310
0.006002
0.004120
-0.011318
-0.003934
0.002568
-0.002899
-0.001717
-0.002977
0.005913
0.000872
-0.003380
0.003954
0.004976
0.009507
0.005124
0.002508
0.003172
-0.004403
0.000349
-0.000150
-0.000022
-0.002254
-0.002868
-0.001495
0.000041
0.003373
-0.003578
-0.002808
0.004644
-0.000139
-0.001650
0.002934
0.002899
0.000634
0.003369
-0.004926
0.003040
0.009803
0.008227
-0.000168
0.003987
0.000865
-0.004547
-0.001094
0.009640
-0.002619
-0.002150
-0.009055
-0.004028
-0.006272
0.003136
-0.002699
-0.001830
-0.002582
-0.006936
0.004029
-0.001503
0.000367
-0.003360
-0.008289
-0.007773
0.001107
0.006496
-0.005345
0.007770
0.004737
0.000485
0.006273
-0.002319
0.003991
-0.000158
-0.004379
0.002440
-0.001454
0.003339
-0.002938
0.002130
0.006969
0.001892
0.001832
-0.003359
-0.004824
0.000548
-0.004470
0.002578
-0.009184
-0.001690
-0.005732
0.000449
0.007198
0.005334
0.003869
0.000806
0.001391
0.000951
0.001507
0.002690
0.013258
-0.002494
-0.001274
0.000805
-0.002515
0.001938
0.004331
-0.004174
-0.003575
-0.003037
-0.000630
0.003042
0.005136
0.000149
-0.001793
0.005142
0.003302
-0.002835
0.003168
-0.004994
0.000056
0.000855
0.002372
0.008549
-0.006501
-0.006113
0.000219
-0.001774
-0.000682
0.001312
0.000261
0.001860
-0.001946
-0.004809
-0.006128
-0.002963
-0.003544
0.007472
0.009312
-0.001096
0.003288
0.001398
-0.001678
-0.003668
-0.003557
0.000406
0.005298
0.002042
0.003736
-0.006440
-0.001682
0.010489
0.003112
0.006874
-0.000310
-0.003041
-0.003490
0.001539
0.002324
0.000397
-0.001133
-0.003483
-0.003664
-0.005073
-0.000326
0.000208
0.002920
-0.004696
-0.002662
0.001794
0.001590
0.006181
-0.005279
0.000332
-0.000782
0.002351
0.004218
-0.000670
-0.000000
0.002995
-0.002531
-0.005943
-0.003329
-0.004938
-0.001018
0.012021
0.005752
-0.000914
-0.004180
0.000952
-0.002847
-0.001512
0.000488
-0.001548
0.003264
0.013847
0.007075
0.008220
-0.005515
-0.000320
-0.004249
0.001362
-0.001855
-0.000111
0.007171
-0.004972
-0.005127
0.001608
-0.005140
0.001596
0.005226
0.006590
0.000989
-0.001874
-0.004165
0.002458
-0.000245
-0.003689
-0.001973
0.003415
-0.002046
-0.000130
0.003587
0.004155
0.004902
0.004819
0.001184
-0.003313
0.001473
-0.000744
0.001522
0.001254
-0.006052
0.000373
-0.007533
0.012578
0.004321
-0.001415
0.003237
0.005322
0.000034
0.001034
-0.002754
0.002254
-0.002413
0.004701
0.004046
0.002730
-0.003231
0.004561
-0.000997
-0.001126
0.005209
0.001665
-0.002733
0.002823
-0.002830
-0.003717
-0.002290
0.002704
0.000776
0.000633
-0.001345
-0.001938
0.001563
-0.005028
-0.001690
-0.000482
0.000520
-0.002397
0.000498
0.001514
-0.001947
0.004646
0.001420
0.001531
-0.001360
0.000612
-0.004358
0.002207
0.001949
-0.003234
0.003209
-0.000147
0.000814
-0.003678
0.000163
-0.005228
-0.001979
0.007044
-0.007167
-0.000398
-0.002066
-0.000230
-0.001440
-0.001792
0.008428
0.003027
-0.002627
0.005729
-0.000467
0.003015
-0.003514
-0.007311
-0.000295
-0.003926
0.001824
0.001714
-0.002215
0.005518
-0.004278
0.008320
-0.005051
-0.007076
0.001841
0.003894
-0.006241
0.001440
-0.006578
-0.004244
0.002796
-0.002465
0.003704
-0.001203
-0.002144
0.001930
0.002510
0.005088
0.005404
-0.001398
-0.005062
0.001113
0.001099
-0.000018
0.002288
0.000462
0.003991
0.001271
0.001271
-0.004642
0.003198
0.001197
0.004916
0.001397
0.004504
0.003211
0.005657
0.002792
0.002679
-0.001447
0.002497
0.006431
0.004875
-0.002445
0.007578
-0.003025
0.003325
0.002122
-0.000273
-0.001464
0.000248
0.007964
0.002067
0.003880
0.001080
-0.003759
0.001423
0.002574
0.000660
0.000985
