# 参数名称：backbone.features.14.conv.1.bias
# 参数形状：(576,)
# 参数数据类型：float32
# 参数值（保留6位小数）：
0.006487
0.000140
-0.000243
-0.001709
0.002297
-0.000034
0.005097
0.002208
0.001181
0.003712
0.002250
0.004681
-0.000048
0.003227
-0.009195
-0.001796
0.005740
0.000539
0.004616
0.003627
0.003240
-0.001977
0.005000
0.003481
-0.001718
-0.000876
0.006135
0.008153
0.002074
0.007408
0.005489
0.007265
0.004858
0.002841
0.002254
0.006839
0.002309
-0.004207
0.004070
0.001142
0.002877
0.003078
0.000661
0.001105
0.007158
0.007777
-0.004503
-0.001634
-0.003234
0.003116
0.001263
0.003922
0.009411
-0.001262
-0.000604
-0.000685
0.001559
-0.000170
-0.002554
0.001042
-0.002708
-0.000875
0.004341
0.008915
0.003596
0.002096
-0.003081
0.002591
0.006378
0.005124
-0.000267
-0.005925
0.011851
0.002766
0.004092
-0.001795
0.000914
-0.000348
0.003418
0.002418
0.001400
0.002070
0.005745
-0.000343
0.002705
0.007193
0.001726
0.001693
0.003651
-0.005308
-0.001554
0.000751
-0.000658
0.009706
0.005446
0.001025
0.003372
0.003595
0.002566
0.003885
0.004227
0.003748
0.002909
-0.011165
-0.004310
0.006363
0.000391
-0.002207
-0.000857
0.004600
-0.002213
0.003759
0.009485
0.002671
0.001141
0.002219
-0.000752
0.007052
0.002015
-0.002514
0.000332
-0.008006
0.007055
0.003909
-0.001234
0.002568
0.000101
0.008965
0.001936
0.005672
0.011655
-0.000562
0.002140
-0.000392
0.007071
-0.011144
-0.002550
0.000043
0.003336
0.002452
0.005267
0.005083
-0.005126
0.004540
0.002531
0.007480
0.001246
0.003864
0.006758
0.005502
-0.003130
-0.000002
-0.009652
0.003279
-0.000463
-0.001582
0.004147
0.005004
0.003815
-0.003150
-0.001600
0.006468
0.002408
0.007609
0.001562
0.003969
0.000469
0.003478
0.005708
-0.003078
0.000493
0.002156
0.002320
-0.004755
0.008435
0.000290
0.004117
-0.000743
-0.005464
-0.000742
0.004116
0.002102
0.003588
0.003023
-0.001557
0.003601
0.001753
0.003759
0.002697
-0.009609
0.002203
0.001524
0.006477
0.001698
-0.000022
-0.007742
0.001534
0.002121
0.002923
-0.003788
-0.000859
0.002693
0.004223
0.000301
0.006722
-0.004304
0.002582
0.009181
-0.001233
0.006409
-0.001069
-0.002540
0.001985
-0.003297
0.007104
0.005115
-0.003054
0.004426
-0.001909
0.000102
0.000604
0.001374
0.010622
-0.000843
0.000810
0.004755
0.000686
-0.000368
0.002394
-0.005826
0.001299
-0.007664
-0.003410
0.003314
-0.004251
-0.003075
-0.002592
0.003683
-0.000623
0.005913
-0.004762
0.005103
0.001909
0.008978
0.001300
0.001772
-0.010641
0.003100
0.003586
0.002972
0.000939
0.005519
-0.003483
0.009243
0.011399
-0.000199
0.006828
-0.000777
-0.001361
0.005310
-0.001034
-0.005610
0.006671
-0.000052
0.005677
0.000322
-0.003768
-0.002505
0.003977
0.000592
0.001325
0.002800
-0.002185
0.001449
0.002482
0.013609
0.004375
0.000313
-0.000496
0.002178
-0.004561
-0.002886
0.000470
0.000602
0.002052
-0.004483
0.002223
0.001833
0.005058
-0.003954
0.006003
0.005758
0.000319
0.001804
0.000589
0.004695
0.003726
0.002114
0.007141
0.005964
-0.000577
0.006296
0.004177
-0.000142
0.001596
0.001376
0.000044
0.006465
-0.002004
0.006228
0.001175
-0.006907
0.006072
0.000089
-0.003280
-0.002493
0.000975
0.005480
0.005951
0.003246
-0.002144
0.000068
0.000500
-0.003463
0.003722
0.002297
0.002734
-0.000059
-0.000088
0.003962
0.000737
0.006186
0.000315
-0.007481
0.007297
-0.006506
0.001215
0.002840
-0.002480
0.004203
-0.002677
0.006155
0.003596
0.008524
0.001223
-0.005372
0.001945
0.006209
-0.001473
0.004558
0.001742
0.007275
0.004655
0.005771
0.006334
0.003688
0.002644
-0.000209
0.000026
-0.002575
-0.000153
-0.000750
0.001187
0.009014
-0.000979
0.001131
0.005258
0.000101
0.005610
0.005353
-0.004606
-0.001940
0.002033
0.001443
-0.006125
-0.000201
-0.005374
-0.001207
0.005752
-0.003331
0.000081
0.003190
0.007808
-0.010009
0.000525
0.003410
0.001471
0.007121
0.001983
-0.001551
0.005768
-0.001454
0.000430
0.006549
0.001736
0.003651
0.006476
0.005497
0.003291
0.001975
-0.001871
-0.001706
0.006246
0.004835
0.006282
0.000200
-0.003940
0.000622
0.001068
0.001897
0.005954
0.004848
0.003608
0.003970
0.002345
0.010649
-0.003624
-0.010396
0.000024
-0.000676
-0.002333
0.005669
-0.003830
0.002616
0.003304
0.005353
0.000268
0.002257
0.006796
-0.003544
0.007004
0.001412
0.006013
-0.001206
0.007162
0.005497
0.000616
0.002248
0.001776
0.001009
0.005468
0.001920
0.006455
0.011243
0.010422
0.002239
0.001294
0.004055
0.003910
-0.010207
0.001710
0.001598
0.004093
-0.006292
-0.000274
0.000481
0.005987
0.007329
0.000833
-0.009390
-0.006512
0.006443
-0.002186
0.000318
0.007286
0.004670
0.000199
0.005134
0.005428
0.003366
0.003404
0.004657
-0.002229
0.010422
0.007522
0.005871
-0.001808
-0.000430
0.002059
0.000974
0.005003
0.005604
0.003126
-0.003208
0.004816
0.004087
0.008774
-0.002815
-0.004801
-0.001438
0.006330
-0.002808
0.010396
0.000447
-0.001084
-0.003685
-0.002108
0.005833
0.002375
0.006792
0.000615
0.000600
0.003534
0.004448
-0.000312
0.014268
0.002482
0.008266
-0.000325
0.002163
0.003678
-0.000554
0.003132
0.003143
0.005879
0.000668
0.005771
-0.001709
0.007436
0.000021
0.004568
0.000454
0.003436
-0.000567
0.003830
0.002428
-0.004973
0.003463
0.005606
0.004043
-0.003736
0.001995
0.006924
0.001364
0.003589
0.000126
0.003779
0.003914
-0.002054
0.004487
0.000986
0.007422
-0.000631
-0.003542
0.001050
-0.002129
0.005804
-0.002645
0.005391
0.007633
0.000228
0.006712
0.007792
-0.001139
-0.001926
0.003126
-0.002205
0.014706
0.002739
0.001390
0.007179
0.006054
0.002442
0.003061
0.000326
0.007976
0.003720
-0.006957
0.001252
-0.002534
0.006584
0.005515
0.004823
0.005441
0.002546
-0.001960
