# 参数名称：backbone.features.7.conv.4.weight
# 参数形状：(192,)
# 参数数据类型：float32
# 参数值（保留6位小数）：
0.979545
0.988543
0.995712
0.991922
0.994754
0.989615
0.974935
0.998719
0.985810
0.996694
0.989446
0.996905
0.989711
0.992329
0.985961
0.979237
0.995792
0.996479
0.999162
0.986634
0.987670
0.993840
0.996114
0.998848
0.987409
0.977598
0.982370
0.991157
0.983567
0.990929
0.984234
0.994656
0.993039
0.982174
0.993499
0.976499
0.994560
0.986508
0.985800
0.995220
0.994036
0.980291
1.002115
0.990401
0.995333
0.984227
1.000706
0.995659
0.991455
0.984547
0.990215
0.999956
0.992950
0.996258
0.992396
0.993973
0.991136
0.991186
0.988880
1.000511
0.996297
0.997074
0.981280
0.993094
0.992358
0.981353
0.991233
0.976186
0.988375
0.996108
0.985305
0.995958
0.982656
1.001330
0.999688
0.986246
0.997230
0.986286
0.988168
0.991176
1.000888
0.985966
1.007465
0.986992
0.988588
0.987592
0.999968
0.989342
0.994679
0.986037
0.997561
0.977323
0.993620
0.990327
0.996725
0.991123
0.998282
1.001082
0.981384
0.991168
0.984698
0.990961
0.989293
0.995320
0.986984
0.998348
0.989110
0.995582
0.987100
0.992679
0.996706
0.994210
0.995742
0.986511
0.983291
0.985751
0.990087
0.994836
0.984524
0.996473
0.997963
0.995033
0.983945
0.977326
0.995367
0.994567
0.992307
0.984130
1.004722
0.988964
0.988688
0.980967
0.994390
0.998522
0.989546
0.995295
0.990398
0.999861
0.994804
0.986675
1.006677
0.991417
0.988111
0.979746
0.992299
0.987094
0.987816
0.989566
0.988205
0.982663
0.992993
0.995212
0.997944
0.980489
0.986397
0.993973
0.994447
0.979029
1.005296
1.006379
0.982950
0.995935
0.986978
1.000349
0.994639
0.992707
0.994141
0.996422
0.989830
0.994843
0.981805
0.990384
0.992498
0.998730
0.992447
0.994090
0.996718
0.993481
0.990821
0.991807
0.986239
0.993920
0.987832
0.993566
0.991570
0.991923
0.983340
0.991734
0.995443
0.996418
0.987884
0.981266
