# 参数名称：backbone.features.11.conv.4.bias
# 参数形状：(384,)
# 参数数据类型：float32
# 参数值（保留6位小数）：
0.000705
-0.001816
-0.004462
0.004459
0.000311
0.010408
-0.010099
0.003075
-0.004899
-0.006480
-0.003358
0.013127
-0.003542
0.002369
-0.001484
0.005787
0.000808
-0.005228
0.007918
0.012381
-0.002717
-0.001047
0.009022
-0.004505
0.001255
-0.004292
0.005058
-0.002751
0.002241
0.008286
-0.000893
0.001004
0.000316
-0.003218
0.004134
0.001572
-0.000243
-0.002753
-0.012383
0.002166
0.003228
0.006425
0.003187
0.003157
-0.000872
0.001907
-0.000418
-0.004596
0.002907
-0.000227
-0.005385
0.005056
0.005594
0.000826
0.004954
-0.001047
-0.004507
0.001081
0.008450
0.003152
0.008026
0.006621
-0.001046
-0.002322
-0.001300
0.000788
-0.003641
0.004731
-0.008802
0.006903
0.003320
0.005523
0.003440
0.013467
-0.006318
0.002397
-0.002080
0.000863
-0.002591
-0.007388
0.001421
0.000632
0.001141
0.004205
0.005846
0.006525
0.010089
-0.000700
0.002893
-0.003490
-0.003746
-0.011418
0.017686
-0.001979
0.000048
0.007040
-0.000645
0.005820
0.006293
0.007296
-0.000675
0.007112
0.000788
-0.004242
-0.002293
0.000857
-0.002736
0.003273
0.001804
0.003058
-0.001779
0.006673
0.008909
0.004749
-0.000388
-0.004394
0.003306
-0.000902
0.004310
-0.002888
0.008124
0.005625
0.000208
0.003545
0.000433
0.003479
-0.008464
0.010048
-0.001602
-0.011520
-0.001638
-0.006581
0.012694
-0.000829
0.001321
0.004183
-0.005131
0.008884
-0.001794
0.001251
0.001243
0.008056
-0.008974
0.005629
0.011786
0.003530
0.006818
0.008761
0.003126
0.006295
0.006309
0.008422
0.002316
0.000676
-0.003043
-0.003614
-0.006623
-0.003451
0.006666
0.001708
-0.001362
-0.002035
0.008577
0.006284
-0.001359
0.005847
0.000756
0.001847
0.002063
0.002227
0.003624
-0.009176
-0.001219
0.006798
0.010384
-0.001656
-0.004987
0.002869
0.013608
0.002791
-0.001903
-0.004913
0.004694
-0.004453
0.008721
-0.002981
0.001749
-0.003137
0.001808
-0.000483
0.005709
0.003318
0.006963
0.004635
-0.002153
-0.001800
0.002984
0.004016
0.004491
0.003528
-0.003120
-0.007361
0.007238
0.002672
0.003394
0.009464
0.004569
-0.001918
-0.006383
0.001850
-0.009895
-0.001996
0.004150
0.001512
0.003273
0.006649
0.011264
-0.000879
0.005012
0.003667
0.002884
0.006501
-0.002599
-0.002928
0.007955
0.010893
-0.001460
-0.002073
0.008654
0.000932
0.000108
-0.002150
-0.002282
0.008028
0.010380
0.005024
0.000071
-0.005250
-0.003350
-0.002959
-0.000714
0.012966
0.001689
-0.002974
-0.003865
-0.006887
0.000258
-0.005655
0.003881
0.000351
-0.004638
0.010686
0.005729
-0.011516
-0.004088
0.003341
0.005621
0.006096
-0.008429
-0.002774
0.006435
-0.003071
0.011730
-0.000612
-0.001251
0.007298
0.004058
-0.002234
0.002138
0.007522
-0.000479
-0.003984
-0.003072
-0.000049
-0.000004
-0.000276
0.002229
-0.003655
0.008693
-0.000283
-0.002207
-0.013619
0.011708
0.001598
0.012067
0.009887
-0.009018
0.004171
0.019924
0.006290
-0.000140
-0.007615
0.005790
0.011169
0.003784
0.003287
-0.003430
0.012225
-0.006351
0.005885
0.007302
0.003855
0.007249
0.012038
-0.000539
0.003427
-0.011833
0.006515
-0.006348
-0.004172
0.006580
0.003232
0.003821
0.002385
0.002139
0.005192
-0.002243
-0.000192
-0.001837
0.011317
0.008024
0.003917
-0.000506
0.001839
0.001008
-0.002174
0.000694
0.003724
-0.004917
-0.006036
0.002221
-0.000524
-0.002532
0.007109
0.006720
0.002572
0.002937
0.003100
-0.001500
-0.002044
-0.000122
0.005655
0.001921
0.009691
0.002078
0.001753
0.009162
0.003286
0.002963
0.000388
0.008410
0.011510
-0.004459
-0.001538
0.010657
0.003895
0.002672
0.001087
0.004360
0.003063
0.011014
-0.002572
0.001618
-0.000856
-0.002403
-0.006299
0.007352
0.005565
-0.002280
0.003460
0.007847
-0.007392
0.003547
0.000762
0.017864
0.000887
0.002240
0.005942
-0.000025
-0.004286
0.004130
0.000662
-0.004634
0.003101
