# 参数名称：backbone.features.2.conv.4.bias
# 参数形状：(96,)
# 参数数据类型：float32
# 参数值（保留6位小数）：
0.023874
0.009696
-0.002453
-0.008123
0.013540
-0.004883
-0.003327
0.002580
-0.008876
0.010787
0.004467
-0.006301
0.003475
-0.000902
-0.022670
-0.010278
0.010527
-0.013583
-0.003302
-0.006935
0.002837
-0.003841
0.000152
0.006359
-0.005528
-0.002255
-0.003569
-0.011039
0.001496
-0.000760
0.011990
0.008282
-0.006966
-0.003452
-0.005420
0.001473
0.001176
-0.002314
0.004107
0.005158
-0.014530
-0.008320
-0.010375
0.010057
-0.000821
-0.000004
-0.011708
0.004326
-0.011198
-0.007603
0.006314
0.011312
-0.012362
0.007274
-0.003395
0.011496
-0.002579
-0.009121
-0.005866
-0.000236
-0.001695
0.014500
-0.015419
0.016702
0.005042
0.007049
-0.018005
-0.010458
-0.005593
0.000663
0.002405
0.010668
-0.002570
0.014643
0.011941
0.015987
0.002899
-0.011917
-0.005141
0.013360
-0.009010
0.005333
-0.002953
0.011694
-0.012802
0.003061
-0.016982
-0.000440
0.008739
0.006235
0.024752
0.018819
-0.002024
0.003826
-0.008012
0.016081
