# 参数名称：backbone.features.10.conv.1.bias
# 参数形状：(384,)
# 参数数据类型：float32
# 参数值（保留6位小数）：
0.003875
-0.000616
-0.000063
0.000637
0.000453
-0.001625
-0.000962
0.005549
0.004828
0.000858
-0.005112
0.006563
-0.001646
-0.002108
-0.005159
0.001854
-0.002545
0.003453
0.002137
-0.004279
0.000731
0.005947
-0.002700
-0.003280
0.003393
0.000085
-0.003461
-0.002892
0.002238
0.008831
-0.003551
-0.004424
-0.000601
0.004177
-0.001037
-0.000549
0.001019
-0.001827
0.001026
0.009469
0.000280
-0.002992
0.003440
-0.002280
0.003204
0.004125
0.002280
0.006730
-0.001436
0.000521
0.002940
0.004451
0.001954
0.000199
0.001485
0.000080
-0.004653
-0.002291
-0.002386
-0.002520
0.001454
0.007147
-0.004645
-0.001957
-0.000175
0.004183
-0.002893
0.001818
-0.007737
0.009144
0.003184
-0.008004
0.005598
0.006802
0.000995
-0.001614
-0.003886
0.000075
-0.001579
-0.006871
0.010574
0.004542
0.000650
0.007092
-0.001874
-0.005345
-0.005483
0.001937
0.000278
-0.001516
-0.002828
0.002097
-0.004040
-0.001994
0.003442
0.002358
-0.003611
-0.003303
0.004553
0.011134
0.001318
-0.000569
-0.003133
0.000689
0.002700
0.004999
0.001903
-0.001100
0.001423
-0.001254
0.009164
0.003573
0.004371
-0.003758
0.000823
-0.002080
0.003703
0.002473
0.003215
0.004881
0.002959
-0.004202
0.005236
0.005892
-0.004116
0.008064
0.006302
0.006594
-0.006121
0.003561
-0.002283
-0.001836
-0.005989
-0.000666
0.003743
0.003031
-0.001219
-0.000741
-0.002827
0.003373
0.000839
0.002789
-0.000407
-0.000877
-0.000709
0.000953
-0.002882
-0.000596
0.000521
0.006574
-0.000654
0.002455
0.005175
0.005088
0.001269
-0.003424
-0.003819
-0.005021
-0.002553
0.003942
-0.001131
-0.007019
0.004124
0.002659
0.004610
0.003419
-0.004977
-0.003385
0.004280
0.002357
-0.002788
0.004411
0.002102
-0.004473
0.003224
0.004982
0.004978
0.004086
0.002342
0.001348
-0.002170
0.003180
0.002119
0.007382
0.002383
-0.001001
0.001175
-0.001108
-0.000043
-0.005263
0.002332
0.002778
0.006521
0.002647
0.004782
-0.001494
0.000074
0.001942
-0.000696
0.003879
-0.002348
0.005760
-0.002337
0.005655
-0.002262
-0.001797
0.000791
-0.002163
-0.000594
0.004957
0.005092
0.003363
0.003245
-0.004206
0.003021
-0.004081
0.004501
0.001870
0.003137
-0.001599
0.002860
-0.000881
-0.000296
-0.000611
0.005470
-0.001963
-0.001713
0.001442
0.002722
0.000893
-0.001580
-0.003073
0.003702
0.001400
-0.002661
0.001863
0.001407
0.003052
0.001769
0.001332
-0.003208
0.002613
-0.002304
0.007251
0.001246
0.001954
0.003649
0.003029
-0.004637
0.011778
-0.001669
-0.000098
0.001204
0.001011
0.001752
0.007076
-0.002285
-0.004509
-0.002580
-0.001466
0.006586
0.001456
-0.005182
0.001978
-0.003821
0.006997
-0.002973
-0.001919
0.001049
0.001935
-0.002407
-0.005924
0.008764
0.003902
0.002670
0.002146
-0.006121
-0.002985
-0.002412
-0.002380
0.003465
-0.004523
0.001327
0.001845
0.006512
-0.000289
-0.000868
-0.002994
0.007772
-0.001580
0.004147
0.004354
0.007641
-0.000141
0.000577
0.000277
-0.000804
-0.001278
0.001428
0.002577
0.001008
-0.004651
0.003042
-0.003981
-0.000063
-0.001102
0.000586
-0.002305
0.003520
0.000576
0.006076
0.005670
-0.008416
-0.000732
-0.000152
-0.004136
0.002834
-0.000940
0.001720
0.004090
0.002910
0.003652
-0.000977
0.001801
-0.001673
0.005819
0.002242
-0.003637
0.002093
0.000308
-0.002817
0.001570
0.000286
0.001109
-0.002152
0.005559
0.001149
0.002847
-0.003363
-0.003699
0.001158
0.002400
0.004831
0.003957
0.006267
0.001437
0.007510
-0.002216
-0.002468
-0.001909
-0.001197
0.000461
-0.000281
0.003922
0.001219
-0.001751
0.003643
0.000885
-0.002136
0.004986
-0.004512
-0.001010
-0.001662
0.000368
0.000786
0.003335
-0.002841
-0.001096
0.001795
-0.004274
-0.003766
0.001642
-0.003181
0.002581
-0.000127
0.002065
0.002251
0.001483
0.010667
-0.002214
0.008878
0.005903
-0.000197
-0.006678
