# 参数名称：backbone.features.9.conv.4.weight
# 参数形状：(384,)
# 参数数据类型：float32
# 参数值（保留6位小数）：
0.964987
0.983128
0.963699
0.965697
0.978181
0.979794
0.978723
0.985434
0.982463
0.974395
0.968468
0.993735
0.981245
0.982032
0.959624
0.963747
0.973505
0.975058
0.974045
0.954634
0.968818
0.947747
0.962609
0.975406
0.969118
0.979548
0.990934
0.963255
0.973175
0.963022
0.982927
0.968667
0.970030
0.980270
0.958732
0.978047
0.961190
0.981673
0.966777
0.979536
0.954649
0.963618
0.990106
0.965612
0.983651
0.970163
0.972150
0.979886
0.982696
0.961381
0.974730
0.982797
0.971806
0.971319
0.984682
0.983055
0.992139
0.961817
0.994544
0.963061
0.980239
0.977809
0.981721
0.943699
0.984093
0.987072
0.970806
0.967513
0.958488
0.975338
0.973196
0.969192
0.968569
0.976917
0.958930
0.973055
0.967484
0.981451
0.971298
0.970554
0.976264
0.980561
0.972881
0.984281
0.965518
0.977206
0.977698
0.957342
0.975868
0.981188
0.986820
0.982153
0.975027
0.964984
0.975683
0.952791
0.977583
0.984414
0.977687
0.983566
0.990342
0.980513
0.976239
0.972655
0.984580
0.965924
0.974694
0.971417
0.952499
0.979104
0.965743
0.980546
0.963488
0.969237
0.979705
0.968905
0.977930
0.986610
0.966619
0.982436
0.962053
0.974929
0.983023
0.963854
0.973978
0.986619
0.984540
0.977084
0.979522
0.968654
0.957510
0.969740
0.969418
0.986147
0.989813
0.977530
0.979454
0.974400
0.978495
0.975068
0.976247
0.990432
0.979998
0.946293
0.959478
0.971115
0.971812
0.972953
0.977339
0.985417
0.979955
0.968858
0.972301
0.978286
0.980403
0.980562
0.979378
0.966279
0.980445
0.963110
0.981066
0.966792
0.976910
0.967690
0.977817
0.967888
0.984512
0.953305
0.967746
0.967160
0.967357
0.985126
0.958274
0.986578
0.967245
0.978135
0.968748
0.966708
0.983163
0.978930
0.973697
0.975260
0.973808
0.980301
0.979555
0.989510
0.965098
0.963313
0.976181
0.971876
0.974241
0.959840
0.958887
0.978520
0.976782
0.960592
0.972140
0.985703
0.968858
0.969617
0.979374
0.983111
0.975521
0.974156
0.970074
0.961908
0.968551
0.978724
0.975780
0.966262
0.970647
0.985016
0.978565
0.977919
0.977912
0.982291
0.959870
0.950569
0.978350
0.963620
0.951765
0.987068
0.958897
0.984145
0.970581
0.976821
0.985318
0.972201
0.986618
0.955495
0.997867
0.973196
0.959772
0.965973
0.991476
0.973404
0.984756
0.970635
0.961210
0.975603
0.973090
0.962452
0.952217
0.966268
0.968221
0.970039
0.975411
0.966279
0.962380
0.972840
0.980523
0.971153
0.980523
0.972135
0.980878
0.981031
0.963975
0.963346
0.982212
0.958060
0.963854
0.970205
0.969828
0.972661
0.975659
0.971457
0.974278
0.976562
0.955577
0.980807
0.979634
0.981010
0.980155
0.960878
0.976997
0.985962
0.971276
0.980780
0.979328
0.985693
0.984261
0.979599
0.965068
0.958339
0.977124
0.982804
0.970942
0.976768
0.993266
0.985352
0.967015
0.989088
0.979248
0.954560
0.988649
0.963173
0.980737
0.982712
0.970476
0.973614
0.974155
0.975709
0.982454
0.956284
0.974667
0.979966
0.985011
0.978480
0.964646
0.979506
0.979146
0.984901
0.974368
0.982073
0.966783
0.982960
0.957347
0.968788
0.958307
0.962178
0.982741
0.969218
0.964610
0.972166
0.982058
0.976446
0.988564
0.986503
0.984651
0.970091
0.973144
0.978390
0.961842
0.981582
0.970434
0.978576
0.954900
0.968660
0.967516
0.968375
0.976217
0.973217
0.970366
0.979349
0.958749
0.975318
0.965209
0.959116
0.960512
0.973945
0.977657
0.967081
0.976972
0.974934
0.949200
0.969341
0.968417
0.961859
0.973402
0.978842
0.977508
0.977649
0.970795
0.972607
0.959112
0.972618
0.965848
0.974039
0.969308
0.980798
0.961367
0.977412
0.982128
0.975541
0.972104
0.970824
0.956957
0.986838
0.984519
0.973126
0.970732
0.946741
0.983327
0.973064
