# 参数名称：backbone.features.10.conv.4.running_var
# 参数形状：(384,)
# 参数数据类型：float32
# 参数值（保留6位小数）：
0.000269
0.001648
0.001463
0.000374
0.003172
0.000878
0.002570
0.002148
0.002914
0.002891
0.001542
0.000469
0.002912
0.000247
0.003034
0.001263
0.000943
0.002433
0.000406
0.001027
0.000357
0.001693
0.003618
0.000604
0.001897
0.002125
0.000423
0.004034
0.000894
0.001887
0.001174
0.001323
0.001700
0.000359
0.000841
0.001444
0.001721
0.001821
0.000955
0.001031
0.000674
0.000841
0.000999
0.000755
0.000672
0.001123
0.000725
0.002560
0.000982
0.001069
0.003194
0.000844
0.003079
0.001754
0.001567
0.001441
0.002572
0.002588
0.003440
0.000500
0.000616
0.001180
0.005703
0.000962
0.001418
0.000852
0.000809
0.001404
0.002359
0.000399
0.002075
0.000642
0.001181
0.001430
0.000961
0.001120
0.001436
0.002490
0.000406
0.000439
0.001399
0.001960
0.000663
0.000756
0.000887
0.000412
0.001088
0.000319
0.001229
0.001737
0.001371
0.000366
0.000904
0.002020
0.000395
0.000951
0.001223
0.001924
0.002654
0.001249
0.002378
0.001824
0.000811
0.001333
0.001638
0.000648
0.001375
0.001158
0.002905
0.000355
0.002489
0.000604
0.000773
0.001152
0.002302
0.001971
0.001614
0.001895
0.001008
0.000355
0.000112
0.004870
0.001909
0.002533
0.000964
0.000902
0.004198
0.001780
0.006111
0.001902
0.001348
0.001730
0.002202
0.000444
0.000567
0.002528
0.000761
0.001448
0.000842
0.000349
0.001709
0.001358
0.001557
0.006125
0.001783
0.001306
0.000876
0.000423
0.000613
0.001378
0.001484
0.001013
0.001896
0.000424
0.000707
0.001272
0.000754
0.002983
0.000989
0.001104
0.003038
0.004405
0.002847
0.000514
0.001347
0.001764
0.006116
0.003150
0.001076
0.002887
0.004460
0.000457
0.001999
0.001843
0.000798
0.000422
0.001039
0.001259
0.001886
0.002051
0.004051
0.000729
0.001750
0.001479
0.001622
0.000516
0.002430
0.000677
0.003186
0.002814
0.002331
0.003079
0.000878
0.000483
0.001611
0.003378
0.002556
0.001834
0.001262
0.001481
0.000427
0.002986
0.001372
0.000527
0.001831
0.000898
0.001980
0.001305
0.002647
0.001068
0.001707
0.000811
0.000085
0.001054
0.001078
0.001681
0.006764
0.002771
0.001330
0.001206
0.000898
0.002943
0.003080
0.002894
0.001140
0.000656
0.001412
0.001954
0.001624
0.002168
0.000585
0.000669
0.001175
0.000362
0.004745
0.001076
0.000404
0.000447
0.001413
0.000693
0.003266
0.001230
0.001667
0.000903
0.001470
0.000860
0.001340
0.002051
0.000838
0.000939
0.000818
0.000967
0.001379
0.001190
0.000334
0.002509
0.000617
0.002057
0.001725
0.003749
0.003093
0.001642
0.001268
0.000927
0.001865
0.000562
0.001695
0.001960
0.000412
0.005275
0.001104
0.000599
0.000835
0.000591
0.000548
0.001226
0.001388
0.001693
0.000865
0.003182
0.000447
0.001658
0.003724
0.001712
0.001375
0.001323
0.000452
0.000833
0.000628
0.001240
0.001133
0.000631
0.000943
0.001491
0.000900
0.001235
0.002929
0.001206
0.002688
0.000376
0.000513
0.001808
0.000451
0.000412
0.000531
0.000914
0.000376
0.001102
0.001408
0.002107
0.000744
0.003702
0.000459
0.001318
0.001795
0.000893
0.000167
0.002513
0.001000
0.000591
0.002424
0.001419
0.001527
0.001127
0.000810
0.001956
0.001191
0.001422
0.000802
0.001350
0.001608
0.001742
0.000828
0.003407
0.000500
0.001865
0.001021
0.002206
0.002101
0.000532
0.000935
0.000692
0.001249
0.000809
0.000629
0.002655
0.000675
0.002871
0.001099
0.001769
0.000752
0.000620
0.001658
0.000702
0.001768
0.001243
0.002830
0.000401
0.001570
0.001790
0.002809
0.001330
0.001018
0.000366
0.001492
0.002608
0.001785
0.000566
0.001014
0.000950
0.001160
0.003249
0.002136
0.002774
0.001692
0.000470
0.000774
0.001425
0.000971
0.003506
0.002035
0.000760
0.001011
0.001585
