# 参数名称：backbone.features.4.conv.0.weight
# 参数形状：(144, 24, 1, 1)
# 参数数据类型：float32
# 参数值（保留6位小数）：
-0.139339
0.072066
0.243769
-0.063706
-0.040501
-0.059299
0.046278
0.238686
0.149328
0.087887
-0.089560
-0.016079
-0.101315
0.233034
-0.183823
-0.081301
0.016872
0.070376
-0.216551
0.118759
0.110895
-0.006641
0.054915
0.275034
-0.190545
-0.084631
0.117379
-0.007948
-0.014284
-0.114293
-0.006733
0.098945
0.185288
-0.000500
-0.225983
-0.041135
0.026278
0.022374
-0.067804
0.027124
0.102197
-0.161419
0.185428
-0.026667
-0.042649
-0.219468
-0.297081
0.038148
0.136573
-0.050829
-0.020696
-0.023357
0.221570
0.028757
-0.174233
0.048248
-0.134481
-0.050013
-0.004703
-0.121413
-0.135194
0.046645
0.114950
0.212963
-0.061585
-0.161688
0.228358
0.020841
-0.169224
0.294852
-0.066039
-0.102608
-0.008848
-0.097805
0.003306
-0.105910
-0.041746
0.061515
-0.064822
0.177447
0.016490
0.109881
-0.001997
-0.131543
-0.000325
-0.059989
0.037998
0.177952
0.076374
0.096983
0.028675
-0.109940
0.044980
0.195161
-0.049822
0.141844
0.052346
0.128910
0.005156
0.055241
-0.002545
0.023903
0.037012
0.110049
0.090987
0.023036
-0.002543
0.116605
-0.087182
0.060320
0.205998
-0.016681
-0.068474
-0.135750
0.089806
-0.048410
-0.083266
-0.182536
0.103257
0.171966
-0.324273
-0.015502
-0.097222
0.213332
-0.008779
0.265268
0.023741
-0.026377
0.148149
0.160945
0.130443
0.009899
0.130870
-0.046802
0.058536
0.049346
-0.171818
0.090365
-0.056090
0.123793
0.177322
-0.018840
0.030600
0.131444
-0.036953
0.115803
0.245379
-0.096709
-0.000231
0.121857
0.056836
-0.116594
-0.221221
0.025370
0.017456
0.201806
0.049960
-0.171985
0.224162
-0.160905
0.263263
0.045109
0.075227
0.077643
-0.225162
0.021458
-0.078908
-0.051005
-0.004336
0.101889
-0.120434
-0.136436
-0.004098
-0.121994
0.210361
-0.047019
-0.062711
-0.321305
0.080332
0.121808
-0.000840
0.025474
0.035869
-0.170230
-0.060985
-0.006146
-0.005767
-0.087684
-0.023826
0.172385
-0.200029
-0.086087
0.086737
0.188968
-0.045591
0.137941
-0.119085
0.086108
-0.011250
0.016121
0.195773
-0.055380
0.128138
-0.168988
0.016906
-0.077541
0.154466
0.156169
-0.008324
-0.069378
0.095573
0.009581
0.170073
0.020963
-0.179060
0.141542
-0.096993
-0.030968
0.182094
0.151759
-0.048804
-0.017125
0.050080
-0.094254
-0.100562
-0.113263
0.105293
0.073919
0.124072
-0.076702
-0.059188
-0.060146
0.083298
-0.214372
0.026919
-0.267390
-0.275279
-0.120466
-0.114062
-0.022003
0.245255
0.230769
0.067308
-0.130415
0.171435
-0.113073
0.091999
0.028422
0.006770
-0.060613
0.012969
0.005172
0.185899
0.061874
0.030717
0.101807
-0.016425
0.210843
0.227108
-0.014137
0.058513
0.110369
-0.046656
0.191147
-0.004573
-0.002614
0.152133
0.058577
0.101007
-0.000839
0.017257
-0.199726
-0.035424
0.021917
-0.171606
0.095279
-0.224327
0.168163
-0.087000
-0.171185
-0.192871
0.194302
0.010142
-0.112542
0.081984
-0.128002
0.232675
-0.132264
-0.069058
-0.009990
-0.166458
-0.042921
-0.150118
-0.025252
-0.271094
0.011444
0.061771
-0.103706
0.051797
0.170859
0.141169
0.046485
-0.029054
-0.029749
-0.164145
-0.060318
0.083408
-0.092774
0.118804
0.087912
0.008007
-0.057453
0.100545
-0.041803
-0.035901
0.083563
0.157488
0.252883
0.024814
-0.109417
-0.077865
-0.122918
0.035245
-0.012470
0.009195
-0.136454
-0.096410
0.020793
-0.021794
-0.093655
-0.198498
-0.175779
0.010507
-0.078036
-0.164985
-0.001641
0.070340
0.183658
-0.085682
0.116207
-0.212173
-0.150513
0.022635
-0.001970
0.078831
0.113360
0.006424
0.228569
0.003919
0.104627
-0.165150
-0.121785
-0.117518
-0.077370
-0.037902
-0.134702
0.214132
0.047973
0.006280
-0.241839
-0.077114
0.067054
-0.077065
-0.011603
0.417290
0.185046
-0.105494
0.140585
0.172628
-0.093842
0.122058
-0.067177
-0.162798
0.018628
0.140042
0.080078
-0.043747
0.342293
0.188487
0.173243
0.059261
0.009242
-0.076956
-0.096176
-0.053913
0.015260
-0.115403
-0.067401
0.146766
0.254846
0.024988
-0.110867
-0.094557
0.095426
-0.002792
0.021336
-0.166806
0.054520
0.222335
0.085193
-0.057639
0.077129
0.063557
0.035159
-0.109333
0.147052
-0.019971
0.181916
0.093254
0.084785
-0.114753
0.098293
0.018226
-0.037816
0.022388
-0.061194
-0.043388
0.049609
0.120552
-0.146156
0.062005
-0.026773
-0.078695
-0.071783
0.090882
-0.080750
-0.126976
0.110081
-0.187778
-0.074600
-0.155662
0.006321
-0.155019
0.045673
0.199019
-0.119845
-0.023386
-0.164005
-0.321653
-0.104293
0.075181
0.168013
-0.154332
0.001101
-0.163513
-0.037769
-0.024014
-0.090914
-0.079331
-0.102283
0.003583
-0.003516
0.025458
-0.344413
0.009262
-0.193310
-0.136651
-0.089630
-0.020112
0.034125
0.080223
0.283819
0.107080
0.117934
0.000739
-0.252363
0.043686
0.085450
-0.050755
-0.064757
0.059400
0.030196
-0.030005
0.040946
-0.200704
-0.061959
0.152192
-0.111815
0.014243
0.058595
-0.124978
-0.244937
-0.023836
-0.102653
-0.265359
-0.023063
0.060684
-0.069188
-0.046681
-0.038557
-0.039616
-0.083901
-0.043842
0.184733
-0.028304
-0.001681
-0.123312
-0.007166
0.194671
0.065856
0.030956
-0.018568
0.131822
-0.215090
0.027121
0.146737
0.208733
0.211956
0.118659
0.266060
0.001958
-0.158830
0.024163
0.047461
0.016173
0.006923
0.147407
-0.069105
-0.016804
-0.068780
0.075839
0.060430
0.013560
0.074681
0.112763
-0.072980
-0.221198
0.148437
0.042445
0.114312
-0.002877
-0.120967
0.083966
0.100411
-0.080098
-0.049982
-0.045654
-0.145656
0.070078
0.054287
-0.139965
0.160061
0.220521
0.067338
0.135539
0.064405
0.044763
-0.050489
0.036584
-0.013248
-0.061475
0.003997
-0.234320
0.002551
0.109264
-0.121187
-0.139286
0.049178
0.032774
0.014798
-0.037967
-0.298162
0.183678
0.032975
-0.179251
-0.200218
0.158277
0.008380
-0.011041
0.162777
0.024422
-0.079562
-0.026431
0.013332
0.036353
-0.221189
0.096881
0.139165
0.003100
0.115269
0.145861
-0.000134
-0.120166
0.089530
0.095577
-0.081800
0.199961
0.110629
0.071879
-0.022779
-0.255344
-0.091208
0.379098
-0.144756
-0.036432
0.083624
0.300241
-0.081172
0.080567
-0.334393
0.071152
-0.005361
0.042736
0.123107
-0.031285
0.335658
0.087132
-0.029599
0.176810
-0.019667
0.088937
0.060263
-0.242053
0.071561
0.037123
-0.016759
-0.031043
-0.019056
0.003814
-0.107360
0.112203
0.091359
0.054454
-0.199932
0.170120
-0.007904
0.050796
0.085164
0.069823
0.177015
-0.023747
0.057952
-0.144471
-0.116825
-0.138716
-0.135444
0.072635
0.011551
0.254905
-0.010847
-0.015436
-0.024846
0.125014
0.271224
0.042489
-0.124290
0.027297
-0.158796
0.112047
-0.094772
0.135742
-0.152349
0.123829
-0.205399
0.039505
0.229295
-0.179834
-0.022573
-0.191396
0.246243
0.144336
-0.007156
0.025969
0.022138
-0.122722
0.119067
-0.026692
0.254817
-0.170702
0.054748
-0.016977
-0.113122
0.012238
0.120788
0.013403
-0.004802
-0.077513
0.001707
-0.048255
-0.097198
-0.131129
0.055624
0.250205
-0.002054
0.188134
0.240996
0.200736
-0.041016
-0.054768
-0.046624
0.093530
0.023132
0.011210
0.044997
-0.007370
0.155229
0.250232
-0.101718
0.085283
0.077025
-0.246949
-0.045109
-0.132922
0.162622
-0.221615
0.037692
-0.027106
-0.102542
0.142829
0.116798
-0.150856
-0.106616
0.063859
-0.020344
0.018992
-0.226993
0.014723
-0.220367
-0.059117
0.074038
0.077108
-0.124037
-0.019870
-0.003239
-0.164250
-0.181696
0.152605
-0.097580
0.070239
-0.083541
0.143588
-0.000738
0.030446
0.111523
-0.098678
0.020355
-0.024653
-0.168048
-0.195900
0.157638
-0.057700
0.165505
0.248855
0.020816
0.087651
0.008334
-0.188772
0.072302
-0.011546
-0.026816
-0.055685
0.035304
0.266672
0.142144
0.201774
0.107959
0.032864
0.014158
0.087633
0.020844
-0.111575
-0.249866
0.015533
0.104408
0.083185
-0.152911
-0.084779
0.022032
-0.131649
-0.113661
0.031322
0.129936
0.135391
-0.044141
-0.075816
0.076785
0.040406
0.050234
0.056064
-0.062199
0.014510
-0.079568
0.002873
-0.068449
0.044156
-0.167717
-0.083319
-0.065006
-0.022611
-0.208904
-0.121275
0.041241
0.035771
-0.157584
-0.043399
-0.216353
0.183707
-0.050827
0.016089
0.004162
-0.137731
-0.032704
0.046534
0.071213
-0.183206
-0.036981
0.138793
0.121513
-0.055365
-0.055340
-0.233123
-0.251965
-0.146319
0.171354
-0.186100
-0.021046
0.065121
0.099092
0.175891
0.037381
-0.048805
-0.035420
-0.071945
0.094433
0.236376
-0.154366
0.036959
-0.116759
-0.178648
-0.116588
0.002981
0.013635
0.119812
-0.017430
0.090628
0.085824
0.084954
0.206504
0.064029
-0.078100
-0.110804
-0.018383
-0.025271
0.208901
-0.019059
-0.164332
-0.069051
-0.026105
0.203164
0.029692
-0.024077
-0.124346
0.010735
0.068290
0.002725
0.044035
0.200014
0.108604
0.028269
-0.061426
0.087480
-0.116546
-0.099812
0.010092
0.097261
-0.013245
-0.107239
0.249002
0.024829
-0.133838
-0.166100
0.040731
0.059854
-0.061589
0.163938
0.027767
-0.011111
-0.016835
0.171530
-0.094310
-0.188344
0.060486
0.112769
0.151911
0.041494
0.158715
0.039830
-0.113626
0.170726
0.034549
0.001131
-0.085156
0.194343
0.099120
-0.135598
0.082059
-0.009160
-0.059963
0.077456
0.086072
0.082423
-0.037359
0.040384
-0.049095
-0.198028
-0.011545
-0.145707
-0.005085
0.081447
0.243429
-0.267536
-0.088625
-0.166267
0.029669
0.198544
0.005556
0.097491
-0.101753
0.208316
-0.011353
-0.044270
-0.082989
0.203093
-0.069397
-0.009609
-0.027017
-0.114165
0.130884
0.122905
-0.055022
0.047112
0.039498
-0.191532
-0.120617
-0.070082
0.214071
0.108997
-0.102283
0.167306
0.191043
-0.086312
-0.251814
-0.070188
0.033581
0.156393
0.006360
-0.134555
0.111614
-0.012906
-0.261735
0.014289
0.271019
0.277545
0.147427
-0.118860
-0.038633
-0.115372
-0.160524
-0.184006
-0.087100
0.088388
0.078381
0.143497
0.032369
0.166517
-0.165063
-0.046287
0.018480
-0.011660
0.208725
-0.001776
0.144104
-0.242126
-0.118204
0.069230
0.073559
0.003086
0.028756
-0.241527
-0.031756
-0.163300
0.053506
0.050536
0.320178
-0.114173
0.037645
-0.198664
0.202991
0.276444
-0.018391
-0.030393
0.094482
-0.129958
0.351577
-0.079476
0.036593
-0.009343
-0.133992
-0.058651
0.099625
0.122926
0.030068
-0.253932
0.031582
-0.168465
0.076288
0.136534
-0.072987
-0.075065
-0.033864
0.176111
-0.104267
0.204080
0.120862
-0.026480
-0.010291
0.054790
0.019721
0.233532
0.095859
-0.174664
0.093595
0.108304
-0.080187
0.017831
0.103700
-0.189198
-0.108860
0.016490
-0.180334
-0.191025
-0.141524
-0.022196
-0.157251
0.089782
0.029608
0.022519
-0.106116
0.013851
0.103385
0.053755
-0.065773
0.011662
0.199763
0.008125
-0.002890
-0.130810
0.130313
-0.107116
0.121711
0.092167
0.076245
0.029647
0.185355
0.146529
0.019850
0.044936
0.165618
-0.035313
0.086104
-0.191729
-0.105644
-0.051350
0.123441
0.163379
-0.015677
0.001060
0.110720
0.047176
-0.145807
-0.009681
0.106269
0.020997
0.273579
0.127549
-0.025905
0.061443
0.331864
0.057025
0.080956
0.197826
-0.051287
0.123946
0.148887
-0.027889
-0.145847
-0.035695
-0.090189
0.095851
-0.189284
-0.095153
0.039165
0.059768
-0.132174
0.060157
0.026334
0.001262
-0.072684
0.171170
-0.136509
0.138227
0.042870
0.106871
-0.232909
0.211882
-0.107563
-0.107194
0.149412
0.014766
-0.156129
-0.021597
0.033481
0.012669
0.290581
0.108755
-0.061090
-0.063583
0.179089
0.132979
0.075527
0.306953
0.006122
0.002047
-0.089247
0.026659
-0.085489
-0.100830
0.005036
-0.089991
-0.017551
-0.081354
0.088514
0.124526
-0.172070
-0.089414
-0.111035
0.044152
-0.051786
0.126628
-0.020321
-0.058881
-0.021845
0.049337
-0.013714
0.174927
0.003114
-0.057222
0.184483
0.166714
-0.133769
-0.125371
-0.160996
0.093947
0.201884
-0.152712
0.123615
0.135785
0.159005
-0.027905
-0.099839
-0.020817
0.076099
-0.103631
-0.083268
-0.167214
-0.140497
-0.181363
0.108206
0.126102
0.084064
0.020489
-0.050787
-0.080921
-0.147762
0.101422
0.163791
-0.005295
-0.020461
-0.105691
-0.101694
-0.057369
-0.023611
-0.142069
-0.059437
0.019046
0.185644
-0.082952
-0.104529
-0.077493
0.039708
-0.116068
-0.079626
-0.071837
-0.180507
-0.011320
0.072352
-0.040590
-0.115094
-0.145426
-0.112611
0.011922
-0.189055
0.158542
0.094098
-0.013019
0.003453
-0.065067
-0.066023
-0.110554
-0.121739
-0.013793
-0.045862
-0.022830
0.145681
-0.050337
-0.142376
-0.026200
0.038923
0.043910
0.138367
0.060332
0.196233
0.181860
0.028264
0.099861
0.025160
0.191993
-0.093551
-0.021692
-0.014314
0.038618
-0.072228
-0.144876
0.040233
0.110384
0.092620
0.091609
-0.005653
-0.118003
0.079267
0.035027
-0.023387
-0.200162
0.244330
0.004621
-0.000352
0.064589
0.097585
-0.064509
0.099033
0.076979
0.152593
0.073368
0.163061
-0.012055
-0.099148
0.019206
-0.126313
0.056254
-0.118165
0.101427
-0.066023
0.079165
-0.191411
0.001311
-0.090433
-0.014407
0.048952
-0.040518
-0.043535
-0.000385
0.036064
-0.041873
0.217708
0.113245
0.057898
0.127354
0.034891
0.003225
-0.094920
-0.042588
0.022951
0.007305
-0.247528
-0.077536
-0.272123
0.140289
-0.047195
-0.123942
-0.016641
-0.005436
-0.002646
-0.177264
-0.036809
-0.090665
0.197692
-0.058086
0.039106
0.115859
-0.224711
-0.009377
-0.120281
-0.057815
-0.074971
0.100060
-0.010943
0.041003
0.032655
0.231273
-0.086059
-0.101074
0.013720
0.077909
-0.003674
0.010241
0.007568
-0.125750
-0.009638
0.067952
-0.115078
-0.062255
0.006195
-0.143109
-0.024060
0.134764
0.135946
0.027191
0.185423
-0.144461
0.100770
0.056527
-0.254873
0.168365
0.100004
-0.098414
0.114144
-0.004065
0.075028
-0.032934
-0.096461
-0.278560
0.045577
0.012276
-0.023954
0.079824
-0.054730
0.007432
0.015821
0.199209
-0.268539
-0.038655
0.013543
-0.056077
-0.130875
0.201761
0.152188
-0.005925
-0.002627
0.027245
-0.121119
0.014133
-0.155013
-0.228264
0.104514
0.063118
-0.045766
-0.277092
0.033754
-0.240084
-0.147948
0.015280
0.097723
0.068210
-0.221165
-0.026923
0.095804
0.020948
0.079515
0.190451
0.071993
0.070400
-0.146189
-0.039609
0.009878
-0.230696
-0.059259
0.184985
0.015450
0.052347
-0.084381
0.113089
0.059631
0.110144
-0.126004
0.230218
0.134258
-0.014000
0.137514
-0.061531
0.240445
-0.108596
0.016290
-0.061371
0.074036
-0.213365
0.103217
-0.089697
-0.130632
-0.042943
0.028672
0.003728
-0.051485
-0.145944
0.043488
-0.061716
-0.069833
0.190385
-0.156107
0.047634
-0.114364
-0.126996
-0.141597
0.081917
-0.047439
0.129460
0.139327
-0.063514
-0.118790
0.022117
0.349204
0.120268
-0.045873
0.203639
0.046049
0.190786
0.258789
-0.039736
0.123912
-0.285432
-0.065618
-0.017050
0.104954
0.002220
0.158017
0.001850
-0.204412
-0.074984
-0.104072
0.075840
0.057819
-0.142749
-0.111169
-0.027540
0.081605
-0.021127
0.037334
-0.038250
-0.237726
0.064339
-0.149139
-0.187782
0.044759
-0.076037
-0.090894
0.305307
0.133277
-0.209122
0.097549
0.045387
-0.063321
0.154482
0.035835
0.000740
0.153888
0.172958
-0.032206
0.102090
-0.076583
0.202609
-0.089942
-0.042437
-0.104068
-0.005199
0.007056
-0.114083
-0.098929
0.309266
-0.022395
0.150854
-0.226679
-0.043209
0.134034
0.136286
-0.027267
-0.111419
-0.197437
0.000877
-0.232992
-0.095748
0.136352
-0.074831
-0.062579
0.017291
0.019521
-0.041624
-0.006463
-0.100892
-0.051086
-0.051350
-0.053313
0.014422
0.007263
-0.077593
0.126131
0.012748
-0.012655
0.098640
0.045221
0.067602
0.058787
0.040829
-0.078596
0.051834
0.170901
0.043270
-0.141879
0.015162
0.123116
0.064696
0.111981
-0.114325
-0.025686
-0.017481
-0.051432
0.090035
0.032469
-0.052310
-0.221232
0.061520
-0.027747
0.003568
0.158518
0.079627
-0.042165
0.066401
-0.049564
-0.092358
-0.070492
-0.032378
-0.083439
0.139987
-0.070101
-0.019165
-0.038148
-0.071607
-0.044227
0.013189
0.013104
0.055036
0.073687
-0.150162
0.061409
-0.071723
-0.069763
0.138915
-0.083916
-0.104034
-0.022364
0.057398
-0.176290
-0.014618
-0.060364
-0.016784
-0.022563
0.023469
0.072870
0.020013
0.050858
0.071254
-0.204377
-0.060132
-0.040670
-0.020070
-0.060569
-0.115571
-0.121532
0.053793
0.048500
0.076080
0.019716
-0.148570
0.069995
-0.084706
-0.063219
-0.111887
-0.072912
-0.193340
0.069416
0.028786
0.077913
-0.059577
0.075893
-0.019172
0.016429
-0.077670
0.002047
0.137636
0.058778
0.006211
-0.255459
-0.102126
-0.145149
0.040128
-0.046276
-0.132189
-0.028740
-0.114989
0.033590
-0.227291
0.018444
-0.013513
-0.057149
-0.088020
-0.017792
-0.152114
0.257041
0.120452
0.102548
0.013870
-0.303175
-0.046002
-0.149293
0.092590
0.082246
0.034943
0.091041
-0.018426
-0.054324
0.112094
0.125596
-0.043109
-0.050194
0.055274
-0.062200
0.158825
-0.052333
-0.142820
0.042574
0.186455
-0.119022
-0.046072
0.148465
-0.047114
-0.159084
0.033537
-0.097874
-0.077634
0.066713
-0.168427
-0.134416
0.063572
0.136659
-0.230118
0.052494
0.131536
0.345330
0.201925
0.098572
0.134219
0.011639
0.095179
0.010306
0.280934
-0.048967
0.151590
0.149026
0.102759
-0.020650
-0.059846
0.007667
0.149759
-0.160726
0.069721
-0.035803
-0.048293
0.104728
0.118391
-0.154888
-0.162562
0.038735
-0.086825
-0.061632
-0.019062
0.075992
0.067161
-0.009716
-0.069513
0.169014
-0.083265
-0.111355
0.006028
0.151429
0.102404
-0.063807
-0.026651
0.086741
-0.111795
-0.112133
-0.032038
-0.008174
-0.161532
0.022694
-0.133298
-0.064115
-0.075304
-0.052201
0.105088
0.011049
-0.124262
-0.074399
-0.139586
-0.080215
-0.199492
-0.195601
-0.007253
-0.187714
-0.089465
-0.003328
0.087580
0.215820
-0.226971
0.306642
-0.050079
0.051280
-0.045847
0.008336
-0.047689
-0.133018
0.070093
0.074586
0.180897
0.241005
-0.108332
0.024865
-0.036109
-0.018366
-0.149276
0.231208
0.077504
-0.277513
0.211850
-0.064981
0.095124
-0.134236
-0.030254
0.041386
0.069625
-0.194473
-0.089850
-0.155540
-0.064354
0.100347
-0.186742
-0.022752
0.027256
-0.058844
-0.072784
-0.031082
-0.049992
-0.024188
0.036767
0.025287
0.123292
0.053234
-0.019872
0.261793
0.021021
-0.064093
0.102306
-0.038848
-0.035141
0.043708
-0.093369
0.017192
-0.251409
0.066743
-0.169507
-0.181558
0.215342
-0.081272
-0.168150
0.009865
-0.042966
-0.006741
0.175517
0.137137
-0.067355
-0.099842
0.011734
-0.094128
0.035592
0.001191
-0.026987
-0.053774
-0.165882
-0.047291
-0.100948
-0.146372
-0.132814
-0.088802
-0.127860
-0.030767
0.034265
0.071556
-0.233366
0.138415
-0.066357
-0.095858
0.136622
0.019008
-0.191141
-0.076022
0.066674
0.085477
-0.100965
0.093502
0.024702
-0.032236
0.134994
-0.163948
-0.008515
-0.002609
-0.055971
0.000496
-0.013662
-0.246991
0.219589
0.090020
-0.005763
-0.055966
-0.172314
-0.096575
0.080040
-0.069213
0.026591
-0.239087
-0.135045
-0.081874
0.061082
-0.175950
-0.058406
-0.040489
-0.315968
0.190893
-0.184946
0.044892
-0.047077
0.091412
-0.142159
-0.150023
-0.013474
0.185655
-0.005584
-0.093238
-0.008944
0.035046
-0.085124
0.013311
0.035235
-0.157013
0.041660
-0.351899
0.036413
-0.081441
-0.016210
0.049302
0.226372
0.136688
-0.009837
0.286576
-0.000932
-0.109119
0.075537
0.010182
-0.162452
-0.047396
0.018328
0.098414
-0.182793
0.264428
-0.139484
-0.081553
-0.168097
0.006006
-0.066077
-0.087254
0.020956
-0.173569
0.150469
-0.082924
-0.055241
-0.037354
0.030996
0.165823
-0.021398
0.072299
-0.105734
0.083814
0.198550
0.044037
-0.072802
0.084635
0.048455
0.040727
-0.005143
0.002604
0.142934
-0.208596
0.044279
-0.007628
-0.026396
-0.133790
0.087430
0.037752
-0.114432
0.098584
-0.092538
0.004152
0.077207
0.064996
0.012820
0.311239
0.180481
-0.075777
0.001092
0.167062
-0.012044
0.101262
-0.049216
0.059757
0.008785
0.017674
-0.020448
0.233024
0.155163
0.080555
-0.018128
0.041829
-0.243721
-0.080644
0.044165
-0.084199
0.026423
-0.139956
0.021437
0.069264
-0.117362
-0.133503
0.137254
-0.091942
-0.185448
-0.134778
0.108046
-0.066438
-0.136566
0.055838
0.287009
-0.133634
-0.129602
0.043626
0.015112
0.024830
0.294755
-0.115320
-0.038407
0.186426
0.216139
0.125173
-0.091781
-0.014796
0.017410
0.108203
-0.106406
0.088048
0.008018
-0.007429
-0.013979
0.167343
0.227818
0.084635
-0.236810
0.070875
-0.022253
0.082033
0.136831
0.088121
0.044387
0.164372
0.166933
0.119684
0.075302
-0.336398
-0.044765
-0.040814
-0.011208
0.223620
0.018697
-0.313460
-0.005095
-0.088489
-0.021576
0.063228
0.097463
0.042824
-0.011846
0.255256
-0.012131
-0.006379
0.004088
0.149183
-0.011675
0.110550
0.145019
-0.148720
-0.075038
0.031702
0.000088
0.039970
0.126452
-0.081666
-0.002247
0.008354
0.107832
-0.005169
-0.013995
0.111599
0.025347
0.042142
0.029449
0.031776
-0.083508
0.054157
0.242683
0.059615
0.011263
-0.057788
-0.239812
-0.003502
-0.055671
-0.159213
0.016472
0.168717
0.122346
0.221303
0.198869
0.130358
0.037953
-0.118299
-0.043730
0.003736
-0.223776
-0.116437
-0.046904
0.054473
0.306254
0.010366
0.041438
-0.083179
-0.028966
0.047838
0.030607
0.153799
-0.075054
-0.191853
0.089806
0.142809
0.037477
0.111315
-0.032639
0.185233
-0.102022
0.111897
-0.051466
-0.101497
-0.074193
-0.008300
-0.041873
-0.137031
0.041608
0.000766
0.059336
0.032021
0.048705
0.165001
0.214131
-0.052186
0.060036
-0.264836
0.069976
-0.109090
0.000056
-0.059153
0.076755
-0.163486
-0.015661
-0.065492
-0.165097
-0.001692
0.124719
-0.059657
0.104607
-0.034525
-0.022197
-0.097080
-0.247468
0.109400
-0.125340
-0.090925
0.036709
-0.103490
0.182479
0.022497
0.084154
-0.086160
-0.032566
-0.044402
-0.155189
-0.051689
0.045057
-0.159012
0.130567
0.103776
0.068394
0.123574
-0.039042
0.150956
0.050019
0.006163
0.096949
0.198608
-0.067638
0.029632
-0.240832
0.014692
0.000315
0.216293
-0.004767
-0.110159
-0.032846
-0.149839
0.320956
-0.087256
0.047593
-0.028597
0.054133
0.112664
0.120574
0.060284
0.144891
0.169360
0.205976
-0.158812
0.042505
0.244819
0.213038
-0.052865
-0.069562
-0.062196
-0.000287
0.087379
-0.083469
0.043505
-0.125821
0.045647
-0.095481
0.102865
-0.013896
-0.000284
-0.197451
0.103276
-0.008569
-0.027063
0.054602
-0.008733
-0.159378
-0.170135
-0.244041
-0.079077
0.111489
-0.217157
0.260903
-0.042457
-0.040779
-0.049691
0.074658
0.158795
-0.247533
-0.037687
0.016564
0.118606
0.075707
-0.008338
0.055334
-0.125234
-0.140690
0.001091
0.148854
-0.083913
0.077518
-0.049257
0.059414
-0.106220
-0.124253
-0.144692
-0.030478
-0.094485
-0.101567
0.039710
-0.054555
0.113785
-0.120201
-0.115231
-0.171971
-0.072489
0.151405
-0.110953
0.008040
0.042756
-0.277890
-0.146190
0.102137
0.077140
-0.223619
0.150372
0.048440
0.180371
0.078272
-0.039511
0.067623
-0.003794
-0.032932
0.147624
0.097381
0.037886
-0.021465
0.010341
0.088401
-0.177242
-0.185847
0.057497
0.114749
-0.071334
0.032726
0.043499
-0.088669
0.010226
-0.090482
0.082018
-0.133181
-0.064203
0.024982
-0.105787
-0.125497
0.209602
0.021382
0.238431
0.005924
0.110191
0.036246
0.086853
-0.259099
-0.110619
-0.222241
-0.010740
-0.070916
-0.056301
-0.030383
-0.152963
0.005787
0.101988
0.034819
-0.014530
0.098385
0.094076
0.159943
0.189463
0.006222
-0.135337
0.086723
0.207425
0.225246
0.027342
-0.122220
0.027117
-0.253958
-0.111320
0.085957
0.101399
0.036976
-0.043088
-0.014288
-0.048691
-0.089534
0.132571
0.230427
-0.045288
0.041801
-0.076860
-0.013013
-0.012588
0.020586
-0.160824
-0.046453
0.002836
-0.179753
-0.230937
-0.019932
-0.083094
-0.163693
0.057827
-0.033129
-0.043445
-0.059894
-0.056757
-0.089678
-0.053739
0.053868
-0.039306
0.273271
0.191442
0.115146
-0.019128
-0.151594
-0.142873
0.079281
-0.103162
-0.068987
-0.047843
-0.102785
-0.092084
0.053577
-0.111123
-0.169730
-0.119092
0.193312
0.154295
0.148626
0.034749
0.135177
0.031728
0.034383
-0.174844
0.158313
-0.064358
-0.209653
-0.209380
0.110777
-0.013825
-0.172285
-0.019483
0.006856
0.250872
-0.132581
0.068813
-0.110169
0.150069
0.087676
0.166368
0.070380
0.036674
0.166562
0.052780
0.032947
0.101430
0.083744
0.111118
-0.029024
-0.080663
-0.019180
0.131529
-0.044561
-0.042959
0.234596
0.068438
-0.036122
0.040934
0.015755
-0.034662
-0.094893
-0.006466
0.105671
-0.093270
0.008232
0.005317
-0.065117
-0.055454
0.062883
-0.048025
0.069153
-0.039727
-0.027552
-0.246647
0.131134
0.022951
-0.253476
0.141953
0.013618
0.094971
-0.143551
-0.074251
0.023947
0.075456
0.040628
-0.026676
-0.103693
0.024689
-0.061903
-0.025385
-0.060332
0.080462
-0.042535
0.233258
0.019616
0.038154
0.027572
0.088123
0.018356
-0.013486
-0.016530
0.102875
0.048193
0.040916
-0.294670
0.082242
-0.160824
0.058321
0.081018
-0.128197
0.092055
0.014368
-0.018818
-0.077903
0.089086
-0.056055
-0.055520
0.035811
0.136288
-0.056148
-0.042131
0.087298
-0.095274
-0.009148
0.070381
0.000476
0.103923
-0.074396
0.315401
0.075916
0.100467
0.107992
0.190794
-0.220624
0.090738
0.030094
0.057390
-0.004778
-0.116341
0.155755
0.013497
0.159288
0.071515
-0.028508
-0.019138
0.208656
0.120937
0.167068
-0.251559
-0.194696
-0.190495
0.363403
-0.131769
-0.125872
-0.042916
-0.215751
0.045409
0.091050
0.039242
0.138960
-0.045367
-0.164434
0.087864
-0.083897
0.162760
-0.153065
-0.066180
0.137439
0.060926
-0.091544
0.144855
-0.034442
-0.008594
-0.248404
0.012925
0.064976
0.013874
-0.046612
0.056408
0.021519
-0.070205
-0.196886
0.166561
-0.027928
0.192773
-0.071091
-0.046125
-0.111756
0.178825
-0.214853
-0.120291
-0.069981
0.041868
-0.147773
-0.106378
0.063743
-0.013726
-0.034595
0.149578
0.356056
-0.018456
-0.128656
-0.090188
0.167239
0.116390
-0.029068
-0.054566
0.047914
-0.081480
0.061101
0.017299
0.029354
0.078529
-0.056056
-0.088275
0.003403
0.050420
0.037218
0.012957
0.113204
0.035966
-0.007265
0.215691
-0.029144
-0.353715
-0.171386
-0.183901
-0.145859
0.126284
0.114727
0.022084
-0.041795
-0.155061
0.000704
-0.114116
0.081183
0.026123
-0.111002
-0.005964
-0.154470
0.087351
-0.102571
-0.035519
-0.034275
-0.004979
-0.104541
-0.251205
0.051281
-0.201205
-0.172881
0.093227
-0.108964
-0.022366
0.187357
-0.042837
0.044014
0.157474
0.129378
0.400053
0.021905
0.153426
0.038038
0.223086
-0.032431
-0.016844
0.136251
-0.162169
0.081670
0.103814
-0.015449
-0.157019
0.072838
-0.086818
0.082019
-0.082989
-0.116069
0.070063
-0.050664
-0.028457
-0.305106
-0.119483
0.039304
0.095939
0.189821
-0.027699
0.096909
-0.292009
-0.001066
0.046380
0.128106
0.135701
-0.124268
0.059520
0.045769
-0.045495
-0.060228
-0.112290
-0.021306
-0.098753
0.022807
-0.123079
-0.031993
0.037465
-0.089072
-0.062909
-0.051233
0.172375
0.092066
0.101231
0.299161
0.020901
-0.203249
-0.056762
-0.232989
-0.001151
0.052025
0.024447
-0.017057
0.017676
0.125397
0.105679
0.158140
-0.001485
-0.166285
-0.177116
-0.087492
-0.050946
-0.068277
-0.019267
-0.094672
0.002490
0.097196
-0.128243
0.069745
-0.137262
0.101204
0.114155
0.064107
-0.044575
-0.160575
0.122161
-0.035838
0.162207
-0.225827
0.186804
0.036251
0.020525
0.161168
-0.111240
-0.099783
-0.005724
-0.068700
-0.139397
-0.060057
0.075891
-0.057793
-0.067382
-0.121824
0.043416
-0.060962
-0.036814
-0.192277
-0.073679
-0.144567
0.154155
-0.092184
-0.123239
0.017605
-0.019823
-0.076684
0.066009
-0.064900
-0.222062
0.041558
-0.022181
-0.064228
0.107301
-0.099722
0.148443
-0.023136
-0.044083
-0.214686
0.128375
-0.048741
0.031303
-0.086287
-0.118955
0.026628
-0.033862
-0.212328
0.001749
0.018992
-0.115739
0.009396
0.084313
0.107898
-0.134688
0.008899
0.138171
0.150969
-0.031300
0.006822
0.306387
-0.041505
0.057958
-0.117408
0.010662
0.184840
-0.102524
0.168966
0.041628
0.014712
-0.125786
-0.113375
0.225860
-0.217094
0.184661
0.002316
-0.124384
0.185235
-0.016785
-0.006836
0.068152
0.071819
-0.084026
-0.092584
0.012791
-0.052274
0.014475
0.020361
-0.069521
-0.042453
-0.035066
-0.001534
-0.036633
0.061672
-0.070794
-0.083498
0.252250
0.139647
0.097804
0.014032
-0.105112
-0.068052
-0.062726
0.037264
-0.044660
0.015670
0.331760
0.137974
-0.110581
0.237602
0.072699
-0.142379
-0.024558
0.148650
0.004851
-0.048221
0.068390
0.028931
-0.106496
-0.005826
-0.072432
-0.146157
0.002763
-0.013794
0.082182
-0.123705
0.017174
-0.201461
0.009988
-0.025119
-0.070275
-0.109752
0.047530
-0.036787
0.097872
-0.221299
-0.252990
0.056291
-0.028616
0.126740
0.208658
0.219928
-0.028947
-0.019115
0.038528
0.024030
0.042609
0.031303
-0.227148
0.259490
-0.026736
-0.006293
0.008968
0.030890
0.118675
0.134451
-0.253059
0.037839
-0.083182
-0.138158
0.001441
-0.094274
-0.104375
-0.068476
0.080694
0.040205
-0.040364
-0.000593
-0.115852
0.048536
-0.009754
0.101411
0.068699
-0.045148
0.071336
0.091203
-0.175849
0.096119
-0.051137
0.070711
-0.014155
-0.098011
-0.250405
0.181422
-0.051145
-0.059721
0.020351
-0.175565
-0.081605
-0.026403
-0.015511
0.045847
-0.044244
-0.228084
-0.160308
0.238883
0.187110
-0.052511
-0.228749
-0.042470
0.002098
0.073960
-0.072249
-0.268601
-0.049427
0.039700
-0.174893
-0.024270
0.075698
-0.143240
0.043215
-0.149070
0.085119
-0.079423
-0.108315
0.032926
-0.067068
-0.146478
0.083144
-0.137138
0.096312
-0.011642
-0.028220
-0.074834
-0.088232
0.236824
0.058484
0.037234
0.163767
-0.091745
0.116510
0.295007
0.130958
0.000285
0.099821
-0.104732
0.068322
0.057485
0.020208
0.066047
-0.097857
0.220612
0.054193
-0.137564
-0.073460
-0.006576
0.137045
0.002387
-0.141188
0.047786
-0.036999
-0.017344
0.051062
0.055794
-0.164469
-0.082855
-0.009383
0.096821
-0.298849
0.011787
-0.032394
0.051224
-0.028554
-0.104569
0.023263
-0.168393
-0.104764
-0.146650
-0.086276
-0.114287
0.169668
0.060247
-0.139739
0.042979
0.188538
-0.153841
-0.062169
0.095466
0.153035
-0.057464
-0.005639
-0.023997
-0.032278
0.075436
0.012970
-0.102701
-0.134519
0.109017
0.097131
-0.136617
-0.025421
-0.051306
0.030343
0.077474
0.037771
0.133011
-0.172318
0.133092
0.053605
-0.093099
-0.015039
-0.058267
0.073414
-0.003496
0.028452
0.048204
0.024575
-0.076569
-0.055363
-0.124933
-0.071946
0.080333
0.059993
0.084670
-0.058567
-0.070854
0.027049
-0.081576
0.032465
0.041770
-0.004954
0.177148
-0.352207
0.130702
0.098484
-0.017540
0.041809
-0.227915
-0.060482
-0.150850
-0.160633
-0.014644
0.248497
-0.030630
0.093018
0.090555
-0.027726
0.088401
0.000348
0.015659
0.013882
0.122585
-0.074362
-0.017679
0.054690
0.023571
-0.374162
-0.190320
-0.044357
-0.077147
-0.064436
0.024357
0.000646
0.193129
-0.037498
-0.028091
-0.011927
0.046957
0.033317
0.182205
-0.138281
0.179272
-0.174640
0.253128
0.131134
0.151225
0.152353
-0.162332
-0.013472
-0.032479
0.148400
0.256773
-0.221944
0.027516
0.086259
0.033700
-0.058485
0.118178
-0.071889
-0.196745
-0.017483
0.116629
-0.016041
0.027506
0.008536
-0.208155
-0.039895
0.195524
0.070651
0.024987
-0.014754
-0.121395
-0.231802
-0.110596
0.056136
-0.005083
-0.003736
-0.058812
0.166264
0.028156
0.228682
-0.089815
0.133724
0.010588
0.093194
-0.145927
-0.137434
0.066986
-0.018035
-0.228445
-0.053414
-0.130426
0.178455
0.294382
-0.068768
-0.207959
0.028466
0.205607
-0.042707
-0.114430
0.146529
-0.090411
-0.084622
0.161218
-0.007691
0.169727
0.104504
-0.209882
0.098512
-0.246465
0.039811
0.040168
-0.089883
0.076499
0.128638
-0.066117
0.098124
-0.002671
0.067782
-0.046498
-0.205696
-0.030982
-0.054682
0.070441
0.200143
0.105026
0.189532
0.257004
0.130075
0.015126
-0.204023
0.069734
-0.047350
0.023852
-0.120846
-0.110093
-0.238755
-0.237367
-0.030218
0.045883
-0.023073
-0.154907
-0.001928
0.179560
-0.004411
0.061747
-0.185321
-0.116695
0.191928
-0.092920
0.068300
0.104459
-0.212575
-0.020947
0.065673
0.128306
-0.072087
-0.016242
-0.001044
0.028851
0.172108
-0.083438
-0.164508
-0.126018
-0.131371
0.056681
-0.079288
-0.172882
-0.005548
-0.069446
-0.083702
-0.010732
-0.117002
0.016728
-0.021764
0.128260
0.092507
-0.269912
0.338761
-0.115091
0.037783
-0.147665
-0.177340
-0.099042
0.160716
-0.001059
0.075884
0.039757
-0.222677
-0.054912
0.176555
0.117636
0.097401
0.093871
0.038599
0.079884
-0.206827
-0.122370
0.123723
-0.168486
-0.192055
0.080458
-0.105104
-0.087767
-0.152102
-0.013075
0.088663
-0.037321
-0.021400
-0.103456
-0.222130
-0.120697
0.008646
-0.052551
0.027696
-0.062458
-0.123450
-0.050533
0.186650
-0.008357
0.036658
0.054099
-0.041444
-0.138858
-0.108334
-0.178765
0.234390
0.135126
0.002469
0.042119
0.035124
0.225254
-0.091728
0.056642
0.020261
-0.140463
-0.108617
-0.141792
0.096911
0.035797
0.050377
0.073656
0.192156
-0.171562
0.077477
-0.019802
0.076134
0.130171
0.181382
-0.037190
-0.162661
-0.094265
-0.013731
-0.159008
-0.083329
0.224043
0.147350
0.038392
0.049976
-0.060932
-0.046595
-0.220801
0.135213
0.073153
-0.126256
0.022422
-0.107305
-0.081630
-0.324802
0.029425
-0.039243
-0.030322
-0.042656
-0.115969
0.195198
-0.052402
0.100174
0.009808
-0.140491
0.059599
0.197303
0.155423
0.112957
0.093909
-0.183663
0.047269
0.023714
0.118139
-0.141172
-0.035060
-0.033400
-0.140122
0.146324
0.108749
0.095913
0.085590
0.010329
0.150302
-0.199414
0.035894
0.211709
-0.231399
0.043470
-0.054940
-0.031275
-0.045613
-0.009380
-0.048627
0.094501
-0.033158
-0.034717
0.070461
-0.029123
0.014105
0.106678
-0.118328
-0.069446
-0.108189
-0.062563
0.044281
-0.064173
0.124620
0.069874
0.140988
0.009165
-0.094595
0.124250
-0.107538
0.195952
-0.053864
-0.135741
0.077421
0.086649
-0.022699
-0.030923
0.049816
0.241058
0.012546
0.139836
-0.202769
-0.078013
0.152191
0.040713
0.153161
0.063258
-0.123911
0.255744
0.286056
0.039142
0.062666
0.242698
0.115414
0.094969
0.229684
0.082754
0.095853
0.050696
-0.090340
-0.055822
0.086867
0.151758
0.009393
-0.091380
0.019480
-0.070001
-0.077246
0.157965
-0.204758
0.192005
-0.101445
-0.049731
-0.089902
-0.062695
-0.021847
-0.006657
0.014548
0.105503
-0.010931
-0.275184
-0.145459
-0.054415
-0.352826
0.209234
0.193964
0.105866
0.165698
0.034605
0.057959
-0.195347
0.017131
-0.148177
-0.006800
0.023532
-0.034653
-0.137852
-0.095650
-0.116460
0.000235
-0.000163
0.040443
-0.157425
-0.034751
-0.040719
-0.118101
-0.085339
-0.038537
-0.092397
-0.078105
-0.063820
-0.057154
0.260792
0.000661
-0.101335
-0.058461
0.197205
0.073479
-0.225074
0.075181
0.105028
-0.020006
0.135995
0.206463
0.204659
-0.108900
-0.289365
-0.017687
0.083162
-0.030740
-0.112393
0.081149
-0.188553
-0.042521
0.070563
-0.015999
-0.023007
-0.079985
-0.078970
0.074608
0.142192
0.063363
-0.236235
0.088176
0.017991
-0.138878
-0.040130
-0.021358
0.012419
-0.039865
0.040828
0.140278
0.021911
0.138134
-0.006289
0.053241
0.003974
0.002531
0.084935
-0.060006
-0.201686
0.056754
-0.005836
-0.012124
-0.048223
-0.243533
0.245648
-0.113950
