# 参数名称：backbone.features.11.conv.3.weight
# 参数形状：(384, 1, 3, 3)
# 参数数据类型：float32
# 参数值（保留6位小数）：
0.034976 0.019013 0.002852
-0.030365 0.072510 0.012987
0.010406 -0.004925 0.006342
-0.025158 0.028925 0.023492
-0.016170 0.025119 0.009168
-0.005700 -0.026004 0.008531
0.004090 -0.044669 -0.008611
-0.012558 0.006337 0.003776
-0.023251 -0.014111 0.009298
0.030350 0.008457 0.063617
0.009188 0.008047 0.009922
-0.014656 0.031636 0.024223
0.026975 0.028008 -0.024149
0.005039 0.036656 -0.049224
-0.012449 0.007042 0.003748
0.023314 0.011917 0.047035
-0.005899 0.006306 0.000595
0.018649 -0.004690 -0.016498
-0.022345 0.009084 -0.040841
-0.025591 0.010006 -0.000695
0.015633 -0.010793 0.060289
-0.017322 -0.033258 0.019761
-0.011484 -0.009670 0.011044
0.000458 0.026872 0.021125
-0.040038 -0.023449 0.014444
-0.019417 0.002812 0.019373
-0.045318 -0.058148 0.030395
-0.007279 0.009784 -0.011299
-0.003070 -0.032357 -0.005298
0.029126 -0.031074 0.006056
-0.011994 -0.028650 -0.024577
0.007580 0.040325 0.003488
-0.005865 -0.013963 -0.010993
0.026287 0.017048 0.030354
0.022287 -0.030959 0.025793
0.002255 -0.006493 0.003782
0.028600 -0.021866 0.019474
-0.035526 -0.029421 0.010817
0.003163 0.050459 0.040225
0.012840 -0.001479 -0.017750
-0.050496 -0.023348 0.051568
0.041858 0.049130 0.027215
0.027374 -0.012090 0.018516
-0.049017 -0.012073 0.008848
-0.029502 -0.007295 -0.001930
0.024210 0.011853 0.006781
-0.021036 -0.015777 0.045119
-0.012231 0.021585 0.012574
-0.018321 0.020142 -0.012073
0.028807 0.015086 -0.003561
-0.041398 -0.046450 -0.023154
-0.068984 0.037044 0.034094
0.016798 0.005303 -0.010365
0.009017 0.014309 0.005392
-0.016196 -0.019480 -0.009241
0.038982 0.037324 0.032808
0.042274 -0.029679 -0.031250
0.020928 -0.007979 0.038815
0.009406 -0.013294 0.033402
0.033407 0.023575 0.024310
-0.011133 0.013612 0.034250
0.008901 0.018646 0.011494
-0.014000 0.039543 -0.004517
-0.032062 -0.000433 0.016074
0.005333 -0.010354 -0.007516
0.032518 0.020893 0.004155
-0.012424 -0.011306 0.072119
0.011412 -0.000037 -0.039239
-0.022949 0.005426 -0.003348
-0.015705 -0.023130 -0.006143
-0.016059 -0.015424 0.021758
-0.016704 -0.017253 -0.007317
-0.028795 0.016484 -0.011235
-0.011692 0.005150 0.007042
-0.005774 -0.043603 -0.031132
-0.034422 -0.008612 0.012713
0.064072 0.021590 -0.030461
0.009365 0.042967 0.019653
0.025428 0.009426 0.026233
-0.018367 0.015882 0.018235
0.009412 0.007042 0.005153
0.013729 -0.024419 -0.020852
-0.007997 -0.009275 0.026364
0.016963 0.001061 0.019025
-0.012497 0.025415 0.036220
-0.005288 -0.000691 -0.006650
0.034166 -0.000191 0.038085
-0.035631 -0.000884 0.019893
-0.016569 -0.031068 -0.005731
-0.008224 0.013960 0.035105
0.029550 0.013501 0.015679
0.014058 0.023539 0.034157
-0.015239 0.032762 -0.039732
-0.002644 0.001915 0.013262
-0.014828 -0.016740 -0.018848
0.049267 0.009082 -0.048539
0.012143 0.072874 0.017619
-0.032705 0.001086 -0.014858
0.024754 0.048019 0.025696
0.028556 0.000897 -0.033654
-0.008362 -0.022878 -0.036117
0.005570 0.018051 -0.046536
-0.021377 -0.005165 -0.027719
0.030400 0.007380 -0.024257
-0.033507 0.010753 -0.026743
-0.038293 0.011973 -0.019331
0.000908 0.019428 -0.028050
0.028811 0.027786 -0.013711
0.043112 0.002347 -0.012258
-0.001440 0.034156 0.028927
-0.000877 -0.016852 0.023522
0.021406 -0.014663 0.041996
0.028678 -0.008041 0.015596
-0.020841 -0.020446 -0.019260
-0.049866 -0.043998 -0.017829
0.008287 0.011802 0.002917
-0.034425 0.026974 -0.006775
0.027414 0.032442 -0.017258
0.025945 -0.006833 0.009373
-0.036910 -0.005551 -0.015439
-0.004113 -0.019468 -0.007564
0.036994 0.002643 0.012095
-0.034357 0.017538 -0.003688
-0.023452 -0.007153 0.020330
0.002350 -0.020240 0.007532
0.036748 0.011713 -0.013622
-0.022431 -0.022852 -0.014768
0.016519 -0.024718 0.002379
-0.014007 0.018677 0.004973
-0.029134 0.030343 0.000565
0.065744 0.013254 0.013822
-0.012215 -0.001778 0.008170
0.008997 0.000621 0.012928
0.033193 0.037070 0.024674
-0.023114 -0.014740 0.018728
0.025945 -0.033787 0.010126
-0.005352 0.008640 0.048964
0.004776 -0.024848 0.027360
0.017678 0.032490 -0.016524
0.005343 -0.013551 0.006636
0.039964 0.026250 0.006539
0.020145 0.019261 -0.006556
0.034275 0.054694 -0.000505
0.042932 -0.009094 -0.006389
-0.007309 -0.038535 -0.006164
-0.005946 -0.009941 -0.012046
-0.030487 0.028785 -0.000939
0.031696 0.004256 0.050002
0.013248 -0.034408 -0.010032
-0.042210 -0.010492 0.030397
0.004748 -0.005331 -0.012044
0.011365 -0.012247 0.034318
-0.036116 -0.001819 0.002692
-0.009508 -0.040000 0.008350
0.028007 0.002513 0.000908
-0.040820 -0.022204 -0.019689
0.037691 -0.002810 -0.030073
0.002315 -0.011047 -0.006160
0.033639 0.051072 -0.032100
-0.011312 -0.048000 -0.039688
0.008985 0.004563 0.015627
0.039928 -0.020623 0.002126
-0.003962 -0.005852 0.004638
-0.036403 -0.008381 -0.021864
-0.023662 0.014632 -0.045662
0.008218 0.037807 0.005222
0.015197 -0.014649 -0.022235
-0.022365 -0.085474 -0.035994
0.031867 -0.010041 0.002609
-0.002740 0.051712 0.011182
-0.039854 -0.006328 0.050988
0.019195 -0.004834 0.005815
-0.002687 -0.003837 -0.014519
-0.035089 -0.035354 0.010363
-0.021596 -0.010367 -0.020222
-0.017710 -0.024032 -0.022090
0.001020 -0.011897 0.006499
-0.000214 0.009111 -0.006895
0.014573 0.010157 -0.010613
0.027007 0.055107 -0.008553
0.022532 0.044544 0.007280
-0.006640 0.017528 0.018446
0.022713 0.009851 -0.000193
-0.013090 0.001103 -0.033928
0.032850 0.048874 -0.017155
0.005034 -0.000607 0.008387
-0.018843 -0.035967 0.017548
-0.001101 -0.031347 0.015198
-0.009781 0.023361 0.005440
0.020980 0.005388 -0.042100
-0.018904 0.009343 -0.024472
0.001231 0.020468 -0.016180
0.056193 -0.032942 0.008382
0.007973 0.013829 0.013288
-0.008219 0.002936 -0.010904
-0.037918 -0.035810 -0.013205
-0.034589 0.019741 -0.024578
0.012058 -0.007605 -0.018979
-0.007510 0.020326 -0.052420
0.023424 0.040866 0.002769
-0.024236 -0.012584 0.031063
-0.006935 0.020521 0.003002
0.012932 -0.007566 -0.049008
-0.041147 -0.006733 -0.011915
0.003362 0.008378 -0.049314
0.003920 -0.000462 -0.028931
0.022092 0.032695 -0.071673
0.032133 0.018768 0.007776
-0.000087 0.000313 0.020172
0.012913 -0.025018 -0.023055
-0.000718 0.015205 0.025479
-0.018670 -0.004637 -0.011809
-0.010505 -0.002086 0.047867
0.009806 -0.000466 -0.028671
-0.006996 0.016735 0.010833
-0.017908 -0.005643 -0.009233
-0.011888 0.025721 0.007496
-0.001024 -0.021577 0.005135
0.004814 0.012947 0.020405
-0.002699 -0.024364 0.009917
0.008705 -0.012358 0.056196
-0.008048 0.008353 -0.017448
-0.006967 -0.007284 0.006887
-0.010496 -0.034681 0.016647
-0.078211 -0.012895 -0.015501
-0.005099 -0.011006 0.025947
-0.001093 -0.026434 0.005820
0.019497 0.013019 -0.000269
0.024126 -0.004803 -0.004982
0.003136 -0.002823 -0.004768
0.000465 -0.000802 -0.018190
-0.015694 0.007559 -0.026760
-0.006519 0.031424 -0.036517
-0.036120 0.005367 -0.008923
0.053893 -0.002049 0.000497
-0.002801 0.001376 -0.028464
-0.005190 0.001505 -0.015119
0.005816 -0.037461 0.002373
-0.036698 0.006665 -0.004402
0.016888 -0.029531 0.007578
0.044350 0.033574 0.047512
-0.024071 -0.029229 0.025162
0.007554 0.011698 -0.010048
0.000332 -0.013492 -0.011104
0.001536 -0.029281 -0.034605
0.060072 -0.015940 -0.003717
-0.029437 0.037449 -0.012360
0.024011 -0.016933 0.012618
0.007304 0.051115 -0.001254
-0.023192 -0.024950 -0.000334
0.068338 -0.007777 -0.021856
0.008582 0.007423 0.018510
-0.030415 0.003151 0.004216
0.007484 -0.032941 -0.020643
-0.048884 0.013008 -0.040346
-0.030629 0.031966 0.017365
0.007671 -0.009047 -0.010853
0.025488 0.009426 0.001157
0.062651 0.033008 0.023793
0.004311 -0.035128 0.001983
0.019922 -0.026540 0.018094
-0.009989 -0.010763 -0.052611
-0.002703 0.032146 0.025883
-0.034149 0.015915 -0.064590
-0.010476 0.014190 -0.014654
0.001003 0.007595 0.017332
0.035802 0.036886 -0.017153
0.027904 -0.002463 -0.017262
0.022522 0.018629 0.001510
0.012351 0.005006 0.030918
0.002421 0.024027 0.040369
-0.024117 -0.009179 -0.002790
0.012599 0.009187 -0.002374
-0.013830 -0.013729 0.056323
0.004990 0.043559 -0.000753
-0.030844 -0.021762 0.045088
0.006489 0.036625 -0.022311
-0.018339 0.008885 0.036374
0.028817 0.046224 -0.035370
-0.019871 0.016574 -0.000574
-0.015636 0.001213 -0.005206
0.024181 0.002087 0.038976
-0.005604 -0.025134 0.010059
-0.020831 -0.009338 -0.004054
-0.008540 -0.000140 0.018207
-0.004076 0.015329 -0.005920
0.020222 0.021586 -0.005754
-0.007688 -0.027934 -0.035194
0.031219 -0.010060 0.033327
-0.003635 0.008313 -0.001200
0.012483 -0.027457 -0.046738
-0.023314 -0.007576 0.046944
0.044048 -0.026525 0.013918
0.012073 0.052506 0.039887
-0.039513 -0.020883 0.004794
0.033791 0.038729 0.024570
0.020832 -0.044757 -0.035690
0.021298 -0.004561 -0.049014
-0.057416 -0.010809 0.001126
-0.001281 -0.012551 -0.009274
-0.010449 -0.044893 -0.025098
0.028713 -0.008677 0.026133
0.060586 -0.033477 0.017271
0.010043 -0.003473 -0.025463
-0.002176 -0.008763 -0.043725
-0.017331 -0.026772 0.003147
0.027158 0.021165 0.041857
-0.005681 -0.053533 0.012323
0.018769 0.027019 0.009932
-0.006989 -0.002638 -0.009820
0.026528 -0.009579 0.027013
0.023432 0.006659 0.031929
0.020530 0.010974 0.001403
0.012231 0.008282 0.002018
-0.023319 -0.030022 0.007302
0.017526 -0.005388 -0.014371
0.033990 0.028047 0.008047
-0.007074 0.010771 -0.004857
-0.015801 0.021299 -0.015074
-0.019773 0.010328 0.016930
0.038935 0.026591 0.036904
-0.012649 0.017452 0.010086
0.001691 0.004337 0.011710
0.011974 0.012699 -0.036128
0.002762 -0.024848 -0.006289
0.043871 0.015320 -0.020827
-0.022962 0.013195 -0.006554
0.002252 -0.019185 -0.017967
-0.010892 0.030331 0.020415
0.000370 -0.008825 0.023470
0.014695 0.001127 -0.014969
-0.043840 -0.025381 0.005710
0.000958 0.030243 0.018597
0.003016 0.005443 0.012919
0.002274 -0.013656 -0.017507
-0.005558 -0.011645 -0.009596
-0.024691 0.000995 -0.003407
0.026114 0.013879 0.000452
0.031141 0.007982 0.016015
0.002392 -0.030003 0.002164
0.008045 0.008624 0.034552
0.034538 0.012152 0.032951
-0.008478 0.021851 0.009463
-0.001334 0.022768 -0.016072
0.036246 0.037067 0.023239
0.011706 -0.010769 0.031275
-0.055622 0.035142 0.011183
0.007786 0.004824 -0.009686
-0.035688 0.002026 -0.026155
-0.034230 -0.003410 0.021313
-0.008625 -0.014834 -0.001816
-0.028809 0.014273 0.007205
0.068254 0.000698 0.039379
0.009432 -0.014529 0.007863
-0.009210 0.017273 0.007626
0.016565 0.021180 0.006933
-0.042997 -0.007511 -0.011400
-0.007745 0.013692 0.058225
0.003458 -0.022716 0.011248
0.024640 0.045215 0.018318
-0.050132 0.000862 -0.032885
-0.039425 -0.036238 0.017547
0.013078 -0.042377 -0.012294
0.024240 -0.035664 -0.015691
0.000458 0.016019 -0.003283
0.004666 -0.000450 -0.007444
0.038473 0.007723 0.003412
0.022003 -0.039997 0.012737
-0.030100 0.013467 0.002711
-0.022444 -0.009953 -0.021618
-0.003186 0.003464 -0.022952
-0.049072 -0.000453 0.002362
-0.029759 -0.005313 0.002185
0.002096 -0.030669 -0.016784
0.012479 0.014103 0.014688
-0.027890 -0.005889 0.000183
-0.025126 0.037448 -0.027467
-0.020566 -0.011647 -0.020756
0.036044 -0.044534 -0.011304
-0.020370 0.026709 -0.005043
-0.058931 0.039828 0.000885
-0.044053 -0.033400 -0.031287
-0.022310 -0.011759 -0.044280
0.017221 0.018562 0.037596
0.022584 -0.007432 0.005050
-0.001293 0.025496 -0.024688
0.002085 0.012344 0.022355
-0.035526 -0.022798 -0.046471
-0.001955 0.049168 0.004109
-0.023708 0.016506 0.020212
-0.002629 -0.025550 0.034396
0.023159 -0.032526 -0.016789
0.008898 -0.010163 0.001926
0.021963 -0.001345 0.008230
0.016229 -0.000547 0.032568
-0.013406 -0.032770 -0.040877
-0.031925 0.001905 0.006993
-0.012762 -0.023799 0.022009
0.008357 0.003836 0.023682
0.001242 0.008562 0.010699
-0.003047 0.020924 0.022569
-0.020445 -0.017622 -0.028430
0.017718 0.014531 0.021769
0.028497 -0.014629 -0.016709
0.006104 0.025515 -0.012101
0.033647 0.003460 0.004998
-0.020338 -0.030564 0.010243
0.011521 0.013011 0.005261
0.012831 0.031830 0.018499
0.018131 0.038316 0.010815
0.010625 -0.012440 0.018320
-0.001347 -0.005107 -0.029692
-0.007193 -0.046650 -0.025700
-0.004531 0.045531 -0.007049
-0.007973 0.002180 -0.038140
-0.016128 0.016910 0.002468
0.011629 -0.027976 -0.013364
0.009286 0.014954 -0.006182
-0.022860 -0.006118 0.015710
0.004965 -0.003004 -0.021442
-0.013792 -0.008863 -0.017269
0.014398 -0.074163 -0.027256
0.007712 0.009421 -0.015112
-0.012199 -0.016694 -0.030813
-0.024717 -0.014894 0.004357
0.006403 0.035820 -0.021828
-0.004260 -0.022633 0.011062
-0.020702 -0.018296 0.001804
-0.023706 0.000948 -0.022282
-0.064870 0.006367 -0.002560
0.007945 -0.003393 -0.008967
0.001860 0.002652 -0.000972
0.016574 -0.008532 -0.047586
-0.061991 -0.009940 -0.007123
0.003726 0.023003 -0.013978
-0.004651 0.023039 0.024552
0.020616 -0.006815 -0.012554
0.002031 -0.012708 0.010082
0.007701 0.045021 0.001325
0.017324 0.000092 0.040376
0.005072 -0.014684 0.060513
0.000484 -0.023945 -0.067179
0.008712 -0.023601 0.007050
-0.003458 -0.013842 -0.013758
0.026928 -0.010814 0.010168
0.008407 0.021236 0.013610
-0.010191 0.042537 0.006343
0.012050 0.040391 -0.003582
-0.027425 -0.015365 -0.005890
0.000284 -0.002868 -0.017639
0.000769 -0.001710 -0.047000
-0.013156 -0.006245 -0.010820
-0.037491 0.013088 0.004506
0.003580 0.019062 0.006376
0.027811 0.018343 0.043271
0.041553 0.035905 -0.001887
-0.005333 -0.011450 -0.000278
-0.018459 -0.002829 -0.019947
-0.005833 -0.037351 -0.028240
0.033743 0.049604 0.008081
-0.008731 -0.022655 -0.040622
0.038016 0.005808 0.013508
-0.036514 0.012458 0.046172
-0.024590 -0.004926 0.026429
0.011918 0.011069 0.000616
-0.006306 -0.023738 -0.000462
-0.018341 -0.001136 0.012484
-0.021259 -0.017326 -0.026142
-0.049802 -0.034169 -0.030984
-0.028932 0.005977 -0.013486
0.000557 0.005299 -0.013067
0.053518 -0.056743 0.002393
0.026720 0.056583 0.003575
0.031001 -0.015508 -0.028828
0.028873 0.026138 -0.019458
0.047383 -0.008743 -0.023093
0.008621 0.017548 -0.020691
-0.008108 -0.034733 0.075489
0.041887 -0.021737 0.022853
0.001004 0.014981 0.027098
0.013711 0.041160 0.021670
0.008014 0.004471 0.008003
-0.003811 0.003374 -0.030513
0.035192 -0.002101 0.003588
0.016498 0.000039 -0.041009
0.002174 0.023633 -0.017725
0.036490 -0.012690 0.035014
-0.016343 0.002714 0.039434
-0.032268 0.043680 0.007744
0.020081 0.005340 -0.015195
0.039626 0.006116 0.024948
-0.003561 0.031968 0.019985
0.016644 -0.038802 -0.005518
-0.024616 0.005673 -0.021819
-0.013959 -0.028664 -0.005364
0.017452 -0.015129 -0.008873
0.009090 -0.006409 -0.023176
-0.038545 -0.012993 -0.021301
-0.024559 0.008348 -0.034668
-0.046995 0.031433 0.038203
-0.002237 0.014748 -0.012609
0.018175 0.007690 0.044960
0.007193 -0.004620 -0.027919
-0.018310 -0.022972 0.007172
-0.004334 0.005699 0.028752
0.018818 0.012572 0.003932
0.024193 0.018453 -0.009626
-0.017408 0.015425 -0.023508
-0.014702 0.011082 -0.005949
0.008074 -0.009313 0.018220
0.010862 -0.025739 0.073094
-0.010347 -0.003167 0.000981
0.000364 -0.016484 -0.010443
0.009124 -0.011304 0.012286
0.037006 0.062551 0.005150
0.002180 -0.011669 0.014509
0.006030 0.046806 0.001570
0.012089 -0.031239 0.005342
0.000990 0.012787 0.027786
-0.030770 0.034367 -0.004754
-0.017881 -0.045048 0.028776
0.021829 -0.001525 0.010408
-0.016051 -0.006282 -0.006790
-0.008889 -0.002390 -0.013709
0.006624 0.000452 -0.017690
0.025878 0.014746 -0.020978
-0.004834 -0.001595 0.014472
-0.017933 0.004539 0.004872
0.012671 0.023216 -0.009796
0.019926 -0.029233 0.017068
0.016827 0.028693 -0.031681
0.004801 0.011312 0.012816
-0.017286 0.001360 0.002367
0.023441 0.009374 -0.026973
-0.015341 -0.009624 0.014225
0.019707 0.070782 0.013258
-0.011157 -0.030299 0.018271
-0.002947 0.014080 -0.014677
0.038548 0.054130 -0.018912
-0.023839 0.002079 0.012898
0.011282 0.052745 -0.000336
-0.018064 -0.002937 -0.041665
-0.006586 -0.003526 -0.004933
-0.062529 -0.015095 -0.046709
-0.013687 0.010759 0.002157
0.003040 0.024496 0.004567
-0.018674 0.015407 0.032184
0.011523 0.048930 0.009816
-0.007618 -0.000972 -0.015469
-0.012335 -0.022413 -0.009954
0.024447 -0.005864 -0.014245
0.009236 0.003910 0.008154
-0.019789 -0.008003 -0.012854
0.004346 -0.011619 0.013784
0.003198 0.041909 0.007191
-0.019382 0.006284 -0.020491
0.021348 -0.005618 0.036884
0.025537 -0.035840 0.015578
0.010568 -0.002457 0.003997
0.026407 -0.012615 -0.023147
0.010394 -0.001890 -0.007276
-0.024874 -0.030176 0.014462
-0.000604 -0.018050 -0.043742
-0.037143 -0.033603 0.027387
0.049830 0.007136 -0.040422
0.015213 -0.031117 -0.024736
0.005347 -0.005548 -0.044350
-0.028510 -0.030620 0.003409
0.004430 -0.029941 -0.027559
-0.029995 -0.009970 -0.011158
0.002059 -0.000441 -0.034338
-0.006562 0.000967 0.006595
0.019735 0.025218 0.023181
-0.030130 0.012159 -0.002200
-0.022638 -0.023587 -0.032734
0.037444 0.023910 -0.011853
-0.018178 0.011157 -0.004161
0.029940 0.004900 -0.000827
0.002319 0.031344 -0.022970
0.008856 0.017721 0.019040
-0.013657 0.017564 -0.016265
-0.022099 -0.000138 0.021960
0.000115 0.015898 -0.006504
-0.024023 0.001579 -0.029466
0.007039 -0.000245 0.010501
0.068568 -0.016503 0.026260
0.038677 -0.025580 0.000364
-0.018961 0.003153 -0.026711
0.016776 0.060098 -0.036363
0.012996 0.012419 -0.009932
0.000733 0.047086 -0.030638
0.006643 0.015956 0.011087
-0.005977 -0.012366 -0.023863
-0.001981 -0.010421 0.017600
0.012957 0.002836 0.068509
-0.000027 0.019655 0.013301
0.035530 -0.024623 0.009456
-0.030828 -0.025618 -0.047175
-0.006667 -0.004126 0.011907
-0.018934 -0.019105 0.027500
-0.025267 0.011852 0.013424
-0.003738 0.031572 -0.004540
0.006009 -0.020451 -0.025309
-0.017783 0.029867 -0.031077
0.049535 -0.051957 0.043312
-0.018103 0.017246 0.021597
0.033052 -0.000347 -0.041581
0.003223 0.070767 0.003407
-0.001423 -0.005350 0.004822
-0.033877 0.016172 0.004294
0.040108 0.006566 -0.015291
-0.007409 0.034536 0.032650
-0.010338 -0.015125 0.022638
0.004562 0.007381 0.024647
0.019349 0.019820 -0.007094
0.053304 -0.004176 0.028387
-0.002113 0.023501 0.033673
0.013443 -0.045151 -0.014853
0.004659 0.022184 0.021850
-0.018291 0.009066 0.022252
-0.008378 0.002246 0.051006
-0.009670 0.018001 -0.015128
-0.031249 -0.000742 0.007278
-0.011451 -0.047671 0.018576
0.036568 0.000475 -0.004256
0.012552 -0.049686 0.009091
-0.012718 0.012658 -0.013005
0.025345 0.027921 -0.015134
0.022331 -0.023887 0.025118
-0.008538 -0.012454 -0.014030
0.046820 0.010800 0.021973
-0.044829 -0.044655 -0.037616
-0.024753 0.051742 -0.026227
-0.020869 -0.002594 0.057428
-0.012297 -0.004976 0.037999
-0.020276 0.005747 -0.014650
0.036092 -0.031614 -0.024932
-0.026444 -0.010766 -0.010217
0.018037 0.011042 0.011964
0.035727 -0.011465 -0.023270
-0.009645 0.028899 0.009124
-0.019833 -0.016617 -0.020979
0.019214 0.036126 0.004762
-0.036698 -0.012466 0.002197
-0.006096 -0.007171 0.006418
-0.011318 0.023580 0.008228
-0.004145 -0.006130 0.008900
0.004762 0.031001 0.021047
-0.002180 0.024573 0.004471
0.027546 0.005811 0.028185
0.050380 0.006795 0.044483
0.005609 -0.040428 -0.023778
-0.000846 0.060357 0.017093
-0.013888 -0.006195 -0.025323
-0.025181 0.004135 -0.027347
0.005565 -0.003365 0.002782
0.002835 0.015519 -0.043976
-0.026794 -0.034398 -0.057644
0.007033 0.004990 -0.012544
0.030036 0.019321 0.002923
0.006991 0.002583 -0.008532
-0.048558 0.028162 -0.004892
-0.020879 0.001803 -0.024269
0.032062 0.008722 -0.029797
0.009588 0.018209 -0.042849
-0.000348 -0.030705 0.019610
-0.012831 -0.011646 0.012347
-0.051958 -0.041873 -0.021882
-0.007102 -0.012851 -0.015491
0.018963 -0.027945 0.010824
-0.012827 -0.018494 -0.028069
0.003118 0.029149 -0.026437
0.018648 0.004901 -0.014026
-0.028445 -0.007333 -0.007878
-0.020374 -0.011071 -0.000318
-0.011044 0.034264 0.017198
-0.009441 0.014188 0.019205
-0.021952 -0.016602 0.006701
-0.031519 -0.014134 -0.036422
0.014479 0.016179 -0.011999
0.015160 -0.023899 -0.007413
-0.005264 0.023460 -0.012689
-0.024656 0.002377 0.022610
0.020125 0.010003 0.011838
0.022410 0.000825 -0.041487
-0.039761 -0.046077 0.016011
-0.012557 0.001494 -0.003819
-0.002793 -0.003742 -0.002300
-0.034901 -0.008722 0.001505
-0.020810 -0.001931 -0.006389
-0.008956 0.012819 -0.000392
-0.005318 0.040264 -0.003886
-0.023643 0.034741 0.036357
-0.044919 0.009527 0.016175
-0.014366 -0.001714 0.012124
-0.003322 -0.032645 0.005564
-0.000572 -0.032423 0.032014
0.027374 -0.032615 -0.041648
0.022954 0.003795 0.001750
0.024693 0.011721 0.016693
-0.012593 -0.015847 -0.015437
-0.012489 -0.014089 0.054818
0.032508 0.002412 0.047322
-0.039347 -0.057985 -0.005646
-0.000311 0.014042 0.004623
-0.057272 0.004963 -0.020978
-0.010030 0.015983 0.008323
-0.008749 0.012528 -0.058692
0.021988 0.000388 0.019188
0.008620 0.027093 -0.000808
0.012770 -0.029297 -0.014925
0.026349 0.004280 -0.044651
-0.033505 -0.040882 0.011454
-0.015686 0.015830 0.029519
0.006192 -0.011678 -0.012350
-0.018053 0.046723 -0.028348
0.034651 -0.027383 0.027061
0.033238 -0.008684 -0.042340
-0.025512 -0.027980 -0.041104
0.005653 -0.049319 0.013561
-0.030520 0.018089 0.016208
-0.050076 0.003177 0.002434
0.041632 0.037627 0.018090
0.007730 0.015188 0.045289
-0.007351 0.047510 -0.013690
-0.001099 -0.001001 0.019162
-0.026709 -0.012329 0.001029
0.011871 -0.010908 -0.023319
-0.015605 0.013295 0.012801
0.062640 0.037698 -0.000840
-0.008747 0.039529 0.014980
0.012358 -0.024840 -0.004594
0.022971 -0.013239 -0.004466
0.001232 -0.018955 -0.011618
0.015822 -0.016733 -0.025976
-0.038343 -0.022062 0.033606
-0.009846 -0.000543 0.031204
0.007583 -0.004585 -0.040979
-0.001010 -0.011114 0.024955
0.011629 0.018277 -0.011690
0.005300 0.049246 -0.015295
0.006025 -0.015589 -0.001083
0.000276 0.037785 0.019215
-0.004395 0.035353 -0.002766
-0.010592 -0.003318 0.001170
0.004601 0.014416 -0.003823
-0.026228 -0.008166 0.040863
-0.005661 0.042063 0.018037
0.016175 0.034421 0.002824
0.007638 0.024981 -0.020835
0.000064 0.006579 0.013966
0.015832 -0.009061 0.053972
0.011206 -0.010039 0.020026
-0.029307 0.006213 -0.023849
0.043102 -0.011978 0.037403
-0.002076 -0.004488 0.030655
-0.015796 -0.021689 0.023606
0.011215 0.027108 0.014264
0.013947 0.017203 -0.000569
-0.043066 0.041665 -0.029727
0.009751 -0.008002 -0.035908
0.016737 -0.056340 0.034636
0.040461 0.003585 -0.003595
0.021947 -0.013533 -0.022477
-0.041359 0.016883 -0.004427
0.009361 0.020508 0.031677
0.020786 0.011061 0.025390
-0.004021 -0.021722 -0.024837
0.037444 -0.000923 0.010413
0.021626 -0.054953 -0.030944
-0.009888 -0.033886 0.045990
0.028688 -0.004038 -0.002187
-0.041920 -0.052567 0.003206
0.025983 0.023391 0.067818
0.014378 -0.034866 0.000198
-0.032629 0.039408 0.001636
-0.018562 0.004820 0.011613
0.039512 0.018648 -0.004761
-0.000001 0.003103 -0.029271
-0.010168 -0.017972 0.011068
-0.070796 0.006364 0.057910
-0.020551 -0.013221 -0.048706
-0.008621 0.011179 0.004430
0.010916 0.035406 0.007561
0.027600 0.021620 0.030784
-0.019854 -0.023023 0.019650
0.007816 0.030455 0.031413
-0.033249 0.035719 -0.015773
0.008237 0.015036 0.012905
0.008115 0.009213 0.011868
-0.025318 -0.065488 0.024439
0.010910 0.017759 0.021536
-0.030603 0.009664 0.004943
0.041607 0.013281 -0.013279
0.010947 -0.019004 0.052839
-0.022884 0.003956 0.021534
-0.019577 -0.060231 0.005886
0.000296 0.024207 -0.008925
-0.028806 -0.031436 -0.027059
-0.028860 -0.024590 0.011562
0.022891 0.044859 -0.012209
0.016599 -0.025769 -0.003173
-0.023034 -0.021800 0.005113
-0.032371 0.056315 -0.005973
0.003354 0.010419 0.016168
0.034026 -0.011329 -0.025203
-0.019245 -0.017262 0.003972
-0.026828 -0.015364 0.009174
0.001808 0.008727 -0.058943
-0.037114 -0.018862 -0.012251
-0.048949 0.001485 -0.041872
-0.012459 0.010324 0.021146
0.009106 -0.019367 0.012966
-0.003816 0.035426 0.006569
-0.034085 0.013664 -0.049944
-0.015466 -0.041395 0.012415
0.022215 -0.003286 -0.024786
0.039838 0.021771 0.006466
-0.000340 -0.013063 0.004611
-0.019910 -0.023749 0.015358
0.005061 -0.020251 0.029218
-0.016968 0.001014 -0.006665
-0.024692 -0.036395 -0.003660
0.021824 0.019169 -0.009916
0.018225 -0.029864 -0.028294
-0.011903 0.003889 -0.009796
0.017224 0.019357 -0.017212
-0.033910 -0.018138 -0.012737
-0.058427 -0.000524 0.027415
-0.028942 -0.015843 0.005067
0.026143 -0.011370 -0.028055
-0.023138 -0.057115 0.045798
0.062119 -0.033781 0.037140
-0.012177 0.022627 0.012701
0.013619 0.015658 0.001349
-0.010063 -0.001350 -0.020367
0.043007 0.022798 0.014298
0.040372 -0.008938 -0.043301
-0.003201 0.044443 -0.008269
-0.016670 0.039844 -0.006648
0.009125 -0.019508 0.014154
0.024346 0.032586 -0.016354
-0.012985 0.002346 0.023187
-0.009185 0.018933 -0.013567
-0.012601 -0.023731 -0.015893
0.024658 -0.035526 -0.030882
-0.007662 -0.027033 -0.005751
-0.028853 -0.043298 0.027954
0.017268 0.031114 -0.004225
0.037999 0.015017 0.009196
0.012822 0.022295 0.001662
-0.043597 0.001283 0.031752
0.014101 -0.003139 0.009644
0.024530 -0.000937 -0.037416
0.007549 0.046298 0.007773
0.007062 0.012862 0.014152
0.025533 0.005611 -0.001789
0.020865 0.005180 0.027838
-0.035634 -0.034798 -0.025140
-0.002906 -0.021869 0.042370
0.009259 -0.008422 -0.035211
0.004042 0.009353 0.004605
-0.006023 -0.007401 0.028623
0.027017 -0.031985 -0.026753
0.009848 0.005075 -0.009005
0.026924 -0.023830 -0.008570
-0.027619 0.029674 0.021353
0.018387 -0.011032 0.009657
-0.029013 0.008694 0.023781
0.012150 0.020017 0.022506
0.000435 0.041040 0.004390
0.011573 -0.047512 -0.007542
-0.028903 -0.012128 0.012011
-0.006976 0.009842 -0.020990
0.006274 -0.019838 0.010719
-0.076743 -0.017492 0.019587
0.021855 -0.028370 0.035468
0.019445 0.001324 -0.032259
0.019564 0.032237 0.006222
-0.002699 0.050239 0.003251
0.020902 -0.020923 -0.003621
0.005010 0.001366 -0.015465
0.012152 0.037699 0.006655
-0.027512 0.009527 -0.019606
-0.023764 -0.012368 -0.000923
0.007184 0.013238 0.023027
-0.000695 -0.010471 -0.002263
-0.021398 0.007073 0.026949
0.023594 -0.014916 -0.036863
0.013609 0.003809 -0.030303
-0.022625 0.046243 0.046776
-0.017146 -0.005800 -0.006463
-0.017863 0.044031 0.047915
0.008743 0.009834 -0.017332
0.043408 -0.031938 0.001191
0.000238 0.007589 -0.035626
0.013839 -0.039726 -0.017012
-0.001835 0.024633 0.016402
-0.025758 0.008263 0.023647
0.004997 0.001338 0.023021
0.062581 0.005525 0.011796
-0.034435 -0.005277 -0.026714
0.049850 -0.025161 0.032847
0.002053 -0.026073 0.014366
-0.014101 -0.002628 -0.011804
0.034093 0.018962 -0.032321
-0.010468 -0.034494 -0.023675
0.063573 -0.001406 0.000236
-0.005219 0.011519 0.023314
0.005351 0.009091 -0.008043
-0.002758 -0.013521 -0.005481
0.012024 0.003566 0.008697
0.007823 -0.044699 -0.000748
-0.015834 0.004884 -0.005280
-0.021238 -0.007267 -0.037932
0.010802 0.010298 -0.001585
0.040836 -0.024839 0.008054
0.005056 0.018559 0.004870
-0.032340 0.013130 -0.009020
-0.011045 0.035362 -0.009882
0.011103 0.004608 -0.015115
0.029249 0.020309 0.049732
-0.025089 -0.008693 0.018002
0.006888 -0.011965 -0.003418
-0.007735 -0.000370 0.003819
-0.015253 -0.016772 0.000708
0.023755 -0.000909 0.003679
0.004843 0.025868 -0.018526
-0.024946 0.018263 0.004603
-0.009775 -0.018451 -0.021691
-0.004441 0.011224 -0.045424
-0.019592 -0.038990 -0.003118
0.009984 0.005428 0.024253
0.019785 -0.003860 -0.026049
0.055279 -0.016262 -0.028344
0.014311 -0.068488 -0.008757
-0.019842 0.007498 -0.016380
-0.010976 -0.002586 0.011008
0.020794 -0.014552 -0.013153
-0.012288 0.016843 0.005410
-0.028999 0.023897 -0.007264
-0.012963 -0.026958 -0.014738
0.001253 -0.007947 -0.017110
0.035767 0.004676 -0.015308
0.016391 -0.006320 0.004514
0.024105 0.003876 0.011601
0.005580 -0.005167 0.046045
-0.011699 0.025215 0.007987
-0.044913 0.013464 -0.015752
-0.039001 -0.048290 -0.020829
0.030230 -0.010848 0.025409
-0.011588 0.004447 0.023918
0.036942 -0.016263 0.019029
0.019983 0.022593 0.013172
-0.021095 -0.010022 -0.018841
0.031841 0.011993 0.020790
-0.007908 0.024006 0.000051
0.016113 0.029453 0.020765
0.003951 -0.005807 -0.024188
-0.015557 0.002499 0.046284
-0.008011 -0.035709 -0.046250
-0.012451 -0.015492 0.006676
-0.022629 0.027029 0.002443
-0.002034 -0.004053 0.064054
0.001829 0.019609 0.011124
0.027866 -0.019440 0.012881
-0.028574 0.002324 -0.019595
-0.000675 0.010732 0.000243
0.012788 -0.013653 -0.030080
0.008890 0.036607 -0.001730
0.011382 0.019166 0.018712
0.028087 -0.014607 0.042461
0.037686 0.030744 -0.003008
0.023701 -0.028323 -0.000934
-0.005835 -0.003616 0.005782
-0.007639 0.033977 -0.016924
-0.078956 -0.004272 0.005401
-0.006198 0.001726 -0.001863
0.008459 -0.008774 -0.013969
-0.037736 -0.049800 0.000618
0.006096 -0.006010 -0.029173
-0.005212 0.000572 -0.017342
-0.038585 0.006731 -0.000139
0.005639 0.013567 -0.022809
-0.025105 -0.034155 0.042836
-0.005509 -0.022673 0.002383
-0.022493 0.022841 -0.026451
-0.008124 -0.042890 -0.021639
0.024431 0.015409 -0.026099
-0.013762 0.018180 -0.028371
-0.046919 -0.018169 -0.015352
0.028220 -0.002066 -0.041135
0.022262 0.036355 0.008958
-0.013069 -0.018044 -0.025660
-0.009812 -0.005432 -0.023892
0.016925 -0.008932 -0.032550
-0.036013 -0.013010 -0.021907
-0.030792 -0.033198 -0.035230
-0.066972 -0.009956 0.018393
0.004748 -0.015223 -0.068235
0.009961 0.037419 -0.000942
0.020047 -0.010613 -0.013280
0.016366 -0.013265 -0.005702
0.039265 0.032439 0.025181
-0.017213 -0.006875 0.016570
-0.015128 -0.002887 -0.026015
0.036013 -0.043951 0.038819
-0.013788 0.041332 0.005847
0.023663 -0.010184 0.011683
0.002466 0.025334 -0.005205
-0.020398 0.011253 -0.032046
-0.043010 0.001294 0.001847
0.005496 0.011109 -0.003701
0.029921 -0.000053 0.059501
-0.034905 -0.011573 0.034994
0.035511 -0.028739 -0.009742
-0.041415 0.002704 -0.017943
0.015634 -0.013939 0.007160
-0.015874 0.001455 -0.007054
-0.002533 -0.000593 -0.022622
-0.049816 0.039196 -0.031221
0.015453 -0.006486 0.011214
0.012312 -0.012725 -0.008836
0.014266 0.012623 -0.003808
0.019921 -0.028698 -0.021484
0.020604 -0.025598 0.010858
-0.009054 -0.001101 0.003537
-0.007521 -0.002236 0.019108
-0.019028 -0.024108 0.006838
-0.013286 0.019825 -0.019990
-0.050378 -0.011478 0.008725
-0.006437 0.052167 0.035532
0.017072 0.029866 -0.037951
-0.047476 0.008181 -0.039309
-0.007795 0.004288 -0.017141
0.024461 -0.004931 0.052505
-0.013063 0.018027 0.009687
-0.015193 0.000515 -0.006273
0.015758 -0.010413 -0.017832
-0.005721 0.002149 -0.014881
0.020810 -0.017756 -0.009961
-0.022293 0.000796 -0.001801
0.019934 0.055673 -0.019959
-0.021793 -0.037601 0.022911
0.004800 -0.003892 0.002226
-0.042220 -0.003595 -0.008664
-0.015208 -0.005662 -0.027368
0.006917 -0.010736 -0.023699
-0.023244 -0.005256 -0.023096
-0.031893 -0.046244 -0.016912
-0.027319 -0.035357 -0.025903
-0.003818 0.005743 -0.019613
-0.020182 0.010992 0.009447
0.027758 0.004573 0.026741
-0.003076 -0.004415 -0.001983
-0.016844 -0.001305 -0.017561
-0.019309 -0.032573 0.034008
0.011784 0.015691 -0.000252
0.017216 -0.012887 0.027412
-0.019136 0.013288 0.009251
-0.020915 -0.019235 -0.009581
0.014737 -0.011897 -0.000023
-0.033045 -0.016952 -0.029674
0.004631 0.064643 -0.023494
-0.046782 -0.033607 -0.021704
-0.000871 0.035570 -0.013835
-0.012390 -0.023426 0.011142
0.040888 0.006269 -0.024378
0.010855 -0.013460 0.043228
-0.041298 -0.038181 -0.012953
-0.059911 -0.042726 0.014338
-0.001330 0.009935 0.034932
0.042322 -0.005589 0.027779
-0.006155 -0.015322 0.026420
0.017433 0.028614 0.023602
-0.011159 0.083914 0.023051
-0.028453 -0.003001 -0.018138
0.018724 -0.009890 -0.038218
-0.017029 -0.037888 0.017302
-0.018533 0.027373 -0.046441
0.005787 0.011564 0.001942
0.012672 0.020370 0.011274
-0.025306 -0.015820 0.001841
0.004217 0.001824 -0.001963
0.001334 -0.009008 0.042077
-0.026266 0.009417 0.036593
0.044315 0.018654 0.011717
-0.000643 0.002762 0.019972
-0.005431 -0.028511 -0.002804
0.028183 0.026093 0.025058
0.002864 -0.002100 -0.011314
-0.017164 0.000548 0.008308
0.002505 -0.005926 -0.002325
-0.002363 -0.082212 0.017592
-0.021478 -0.020242 0.034157
-0.009272 0.027258 0.004392
0.026999 0.004761 0.004749
-0.030677 0.039032 0.042260
0.014980 0.052382 -0.014554
-0.027186 -0.016355 -0.001819
-0.010763 -0.009156 -0.001336
-0.024265 0.024079 -0.001148
0.027245 -0.052648 0.005221
-0.001112 0.004798 0.029059
-0.016489 0.027985 0.002556
-0.050519 -0.001921 -0.026672
-0.015093 -0.025657 -0.006814
0.020310 0.024452 0.037793
0.014176 -0.018211 -0.002240
0.003130 0.018936 -0.003468
0.001535 -0.062976 -0.030603
-0.017255 -0.027523 0.009740
-0.045812 -0.008327 -0.005134
-0.036741 -0.009929 0.016962
-0.002375 -0.022237 0.006785
0.020391 0.040164 -0.011022
-0.027648 -0.003528 -0.016093
-0.013228 -0.002949 0.020440
0.001556 0.030874 0.003348
-0.037232 -0.001088 -0.024429
0.049026 -0.028007 -0.000899
0.005401 -0.005737 -0.014442
0.012991 0.009918 0.016148
-0.005905 0.006971 -0.036811
0.014649 0.044108 -0.002807
-0.028025 -0.018364 -0.035364
-0.030579 0.000923 -0.051580
0.018544 -0.004114 0.044652
0.035513 -0.034872 0.006929
-0.014758 -0.010732 -0.032131
-0.038236 0.019988 -0.036991
0.014667 0.068333 -0.023668
0.040815 0.004476 -0.008320
-0.011362 -0.018653 0.035955
-0.027010 0.007717 0.021809
-0.034880 -0.029675 -0.039689
-0.029615 -0.035219 0.008446
0.003165 0.015778 0.008020
-0.031238 0.033053 -0.009910
-0.006739 0.013787 0.011232
-0.017397 -0.023525 -0.028175
-0.010515 -0.024249 0.007074
-0.007526 0.003366 -0.023212
-0.020039 -0.002640 0.007081
0.007658 0.011769 -0.002860
-0.011488 0.003682 0.023158
0.053729 0.001685 -0.033915
-0.017982 -0.027311 0.052531
-0.040951 -0.012465 0.016753
0.007663 0.000611 -0.002651
-0.000750 0.020813 -0.030042
0.022479 -0.032376 0.056565
