# 参数名称：backbone.features.16.conv.1.running_var
# 参数形状：(960,)
# 参数数据类型：float32
# 参数值（保留6位小数）：
0.404872
0.432376
0.503799
0.460974
0.557591
1.083843
0.823964
0.926909
0.650509
0.635563
0.359282
0.611648
0.898496
0.535104
0.401102
0.701679
0.597060
0.574113
0.330121
0.666918
0.396523
0.382352
0.595218
0.591700
0.996263
0.924825
0.878158
0.558366
0.595940
1.212603
0.668298
0.562373
0.543003
0.598747
0.651398
0.366017
0.742296
0.401622
0.543664
0.480875
0.412756
0.520765
0.537753
0.517344
1.347578
0.441698
0.938246
0.273568
0.837858
0.364177
0.696381
0.337732
0.869011
0.584807
1.077464
0.606827
1.351640
0.510296
0.560717
0.746079
0.534709
0.361991
0.783409
0.655233
0.463028
0.672348
0.456134
0.689752
0.477791
0.799579
1.020222
0.771621
1.080158
0.508516
0.418705
0.912026
0.472229
0.929281
0.551423
1.204804
0.496884
0.455715
0.352463
0.704055
1.486471
0.855069
0.396259
0.549751
0.387596
0.504010
0.786094
0.428349
1.029834
0.412536
1.107334
0.805495
0.338804
0.646161
0.741443
0.649067
0.559725
0.661073
0.432810
0.625553
0.565686
0.667120
0.468046
0.404270
0.459788
0.519069
0.563195
0.349160
1.046290
0.809791
0.326908
0.630915
0.341350
0.597231
0.808918
1.234550
0.506838
0.680996
0.722387
1.178967
0.439082
0.980788
1.135284
0.690468
0.443831
0.512843
0.447367
0.458131
0.689157
0.653671
0.563102
0.583123
0.721448
0.961724
0.499832
0.611383
0.459890
0.838123
0.446166
0.428144
0.895746
0.678850
0.420378
0.899369
0.446097
0.908337
0.571864
0.505407
0.487573
1.571310
0.564312
0.579783
0.390725
0.411420
0.877952
0.581410
0.869777
0.752700
0.547596
0.905681
0.677594
0.924414
1.119085
0.693889
0.692774
0.476615
0.899911
0.742503
0.995670
0.490822
0.301079
0.331470
0.477073
0.841169
0.417624
0.667434
0.701782
1.208149
0.310295
0.362170
0.705451
0.609887
0.599237
0.629078
0.629169
0.454087
1.086817
0.400725
0.691282
0.548477
0.638420
0.352772
0.794147
0.460736
0.703313
0.676527
1.062338
1.035458
0.523199
0.370894
0.673557
0.627878
0.737357
0.607801
0.591922
0.468565
0.530038
1.279665
0.644389
0.642699
0.478945
0.490841
0.712432
0.406310
1.627095
0.618172
0.762382
0.483458
0.664894
0.482167
0.473733
0.442167
0.634537
0.495868
0.464509
0.536964
0.459152
0.669384
0.559703
0.591255
0.528046
0.471116
1.004215
0.566641
0.849767
0.362790
0.351921
0.829536
0.860858
0.917767
0.609877
0.507256
0.474152
0.651341
1.187186
0.823894
0.845973
0.462557
0.964050
0.704537
0.806585
0.499905
0.411743
0.853109
0.417031
0.969210
0.510573
0.461875
0.423985
0.547108
0.492467
0.643973
0.694378
0.732480
0.820306
0.942108
0.699515
1.541342
0.404650
0.679206
0.817943
0.304101
0.621867
0.417518
0.599878
0.813875
0.664647
0.575560
0.674412
0.687730
0.325025
0.694513
0.705206
0.439399
1.296907
0.403812
0.732004
0.574818
0.627660
0.435000
0.665785
0.611688
0.453078
0.421971
0.601255
0.690138
0.311594
0.921533
0.526500
0.995680
0.533575
0.420469
0.505853
0.545594
0.780924
0.547389
0.745612
0.817472
0.722116
0.738369
0.989004
0.613809
0.326663
0.531389
0.838067
0.440887
0.725217
0.522286
0.395001
0.731202
0.659914
0.542685
0.649654
0.721034
0.666127
0.497580
0.948143
0.669774
0.453517
0.692321
0.463559
0.969716
0.700248
0.808704
0.467416
0.894162
0.756835
0.577237
0.483046
0.737064
0.771371
0.927989
0.451826
1.154088
0.714856
0.801025
0.370824
0.756350
0.734785
0.652316
0.987902
0.732540
0.508928
0.934316
0.656160
0.505901
1.206105
0.561354
0.388451
0.618125
0.961234
0.729122
0.864910
0.624186
0.460334
0.450333
0.734714
0.479174
1.345840
1.143865
0.947482
0.643076
0.664320
0.612285
0.541519
0.426494
0.737919
0.555491
0.368646
0.691709
0.589730
0.441496
0.628273
1.091014
0.587320
0.565581
0.753740
0.938790
0.520061
0.537682
0.465591
0.459462
0.625914
1.697564
0.510266
0.920384
0.653574
0.389169
0.570560
0.735203
0.683997
0.663064
0.572523
0.434415
0.306251
0.661881
1.259816
0.266246
0.735653
0.474420
0.378222
0.612580
1.155781
0.435045
1.071472
0.472831
0.438050
0.647289
0.623228
0.447360
0.295785
0.690290
0.658006
0.393962
0.409109
0.356582
0.422246
0.539859
0.444055
0.622245
0.620921
0.584171
0.645675
0.608162
1.270822
0.488300
0.749905
0.559260
0.438270
0.870299
0.635153
0.866425
0.329346
0.595209
0.711854
0.995876
0.357828
1.916216
0.653665
0.428013
0.879998
0.533171
0.525472
0.837436
0.866573
0.645026
0.673157
0.631164
0.792183
0.566876
0.788223
0.957360
0.613663
0.430512
0.677048
0.764045
0.606301
0.485894
0.658690
0.728446
0.496327
0.358961
0.470143
0.757486
0.471612
0.444113
0.762779
0.777544
0.398228
0.867510
1.032235
0.456661
1.234446
0.591244
0.566877
0.538851
0.516111
0.563456
0.565545
0.574570
0.718256
1.161543
1.098339
0.593638
0.765533
0.511560
1.049561
0.559399
0.608760
0.600909
0.753282
0.504569
0.413816
0.456886
0.401398
0.688167
0.530468
0.491714
0.297857
0.667655
0.624402
1.102956
0.436925
1.021160
0.480292
0.567122
0.715741
0.500133
0.639950
0.511470
0.554816
0.836323
0.564931
0.786343
0.561272
0.518150
1.226376
0.676747
0.551648
0.534505
0.566950
0.845125
0.771998
0.418930
0.515029
0.688796
0.627961
0.484381
1.704471
0.362658
0.660855
1.091563
0.221258
0.438449
0.760436
1.179113
1.306831
0.701751
0.535424
0.519775
0.534052
0.331104
0.582308
0.619724
1.266621
1.332467
0.386376
0.449628
0.649267
0.777890
0.344528
0.611250
0.657686
0.621467
1.234205
0.672474
0.357477
0.506657
1.009817
0.603621
0.744738
0.483077
0.636732
0.818509
0.420278
0.395465
0.729244
0.592917
0.871227
0.463412
0.743108
0.496005
0.588346
0.356709
0.623903
0.952183
0.364412
0.406912
0.555148
0.665325
0.615213
0.443908
0.672496
0.420278
0.333305
1.235593
0.530558
0.570944
1.005800
0.731935
0.906931
0.393391
0.489610
0.951293
0.846494
0.691812
1.150057
0.854751
1.237949
0.847604
0.458059
0.555699
0.859071
0.483908
0.695034
0.621146
0.757890
0.458800
0.907834
0.376570
0.555231
0.778593
1.018276
0.665977
0.711295
0.572721
0.670354
0.745826
0.561334
1.067583
0.539933
0.970713
0.516652
0.530093
0.884844
0.454141
0.367972
0.543242
0.956250
1.269156
0.419228
0.450459
0.781604
0.729839
0.595648
0.506718
0.574906
0.483641
0.541767
1.150728
0.758882
1.385218
0.445792
0.745216
0.704510
0.606387
0.570025
0.530059
0.556932
1.314180
0.454844
0.496929
1.113577
0.425833
0.299551
0.483350
0.693780
1.104273
0.524754
1.171750
0.785218
1.107995
0.495113
0.625452
0.406522
0.828400
0.629707
0.613783
0.346783
0.741241
0.816248
0.460212
0.957497
0.550950
0.908345
0.541913
0.457664
0.461902
1.259314
0.697542
0.495167
0.536472
0.866649
0.496417
0.550788
0.531940
0.533318
0.590749
0.429260
0.579525
0.606176
0.585364
0.551812
0.851426
1.307854
0.580689
0.288097
0.839707
0.328333
0.504672
0.434773
0.709607
0.582746
0.763116
0.596453
1.101776
0.706270
0.510243
1.029093
0.578645
0.466033
1.023306
0.814630
0.565640
0.981665
0.629833
0.536417
0.370863
0.469899
0.880815
0.402975
1.018029
0.522801
0.716370
0.636898
0.701289
0.527615
0.781297
0.398758
0.573947
0.656516
0.785306
0.663163
0.455532
0.920856
0.237885
0.488398
0.376701
0.384242
1.156194
0.732584
0.568923
1.302790
0.754651
0.442480
0.422888
0.635587
0.884958
0.759455
0.995148
2.001865
0.495226
0.545084
1.725554
0.851031
0.753271
0.446976
0.502207
0.817491
1.261504
0.418925
0.310904
0.566829
0.617777
0.413824
0.693136
0.604127
0.917476
0.801948
0.878827
0.580130
0.564912
0.993803
0.487913
0.530867
0.625163
0.773931
0.577073
0.473013
0.756729
0.592107
1.055909
0.702058
0.685204
0.457838
0.984471
0.767206
0.554670
0.808932
0.670110
0.680969
0.477030
1.099415
0.626355
0.618760
0.726933
0.463492
0.535134
0.813427
0.497163
0.604556
0.455632
0.997217
0.669322
0.645075
0.616192
0.490395
0.886383
0.867586
0.458875
0.468426
0.412988
0.362997
0.374316
0.599115
0.764831
0.378707
1.224109
0.639917
0.605942
0.628394
0.496603
0.560677
0.454185
0.441781
0.772532
1.042293
0.688281
0.635552
1.019940
0.450293
0.657036
0.961320
0.600644
0.725311
0.530025
0.611983
0.708194
0.485261
0.341904
0.448896
0.777615
0.468917
0.541585
0.692921
1.040905
0.513874
0.964916
0.476513
0.610814
0.667731
0.466313
0.390474
0.608880
0.653239
0.442217
0.621898
0.344785
0.779247
0.597182
0.648488
0.498604
0.954463
0.540731
0.931277
1.035686
0.684973
0.626918
0.708424
0.509177
0.716384
0.363692
0.367372
0.345291
0.707978
0.605336
0.481816
0.479203
0.587680
0.888029
0.543250
0.399368
0.534621
0.551941
0.490949
0.634683
0.387190
0.883231
0.761912
0.684617
0.512790
0.384915
0.312791
0.763979
0.738935
0.497463
0.842679
0.986282
0.815965
0.430269
0.485818
0.557288
0.443219
0.398146
0.656812
0.363225
0.719235
1.338015
0.676553
0.458505
0.502515
0.567471
0.527719
0.508180
0.401853
0.577777
0.639110
0.400133
0.813732
0.637276
0.637471
0.835608
0.668740
0.473006
0.583057
0.525702
0.524328
0.464749
0.588568
0.553176
0.489241
0.691630
0.807620
0.456581
0.748902
0.922020
0.559903
0.753069
0.439325
0.915524
1.013392
0.680134
0.936262
0.693319
0.580677
0.506255
