# 参数名称：backbone.features.5.conv.3.weight
# 参数形状：(192, 1, 3, 3)
# 参数数据类型：float32
# 参数值（保留6位小数）：
-0.014562 -0.015677 -0.047227
0.007229 0.009373 -0.026659
0.020381 0.005009 -0.003909
0.009860 0.001975 -0.031356
-0.094205 -0.066449 -0.006632
0.029467 -0.027621 0.013865
-0.011319 0.009931 0.048437
-0.022275 0.015922 -0.025723
-0.027324 -0.020165 0.001630
-0.060737 0.045280 -0.010924
0.013985 0.011286 0.027582
-0.001173 -0.018372 -0.011227
-0.011939 -0.028323 -0.003062
0.062733 -0.061706 0.023676
0.054780 0.050918 0.040571
-0.039999 0.048318 0.004093
0.016528 -0.044049 0.033882
-0.025686 -0.001305 -0.034523
0.007584 -0.016341 -0.009011
-0.029706 -0.022628 -0.031377
0.010127 0.033916 -0.046237
0.014453 0.008330 -0.040266
-0.007077 -0.030980 0.061167
0.042558 -0.012595 0.006413
-0.038120 0.000891 -0.022530
0.010968 0.038856 -0.023365
-0.055056 -0.035131 0.001623
-0.011080 -0.005941 0.070269
0.042615 0.003460 0.032694
-0.017642 -0.014131 -0.035390
0.011155 -0.009035 0.004314
0.016456 0.034345 0.009764
0.008794 0.020656 -0.024431
0.008696 -0.025383 -0.037296
-0.021928 0.008146 -0.056680
-0.047737 -0.020229 0.004596
0.040729 0.025477 -0.002605
-0.034399 0.044997 0.028150
0.006353 -0.009746 0.057967
0.007579 0.034247 0.012996
-0.005519 0.024218 -0.000342
0.003201 0.011829 0.023015
0.022646 0.047146 0.006273
0.057411 0.033222 -0.017361
0.011201 -0.013741 -0.008651
0.000010 -0.037653 0.031672
-0.009587 -0.018468 -0.060849
0.029036 -0.010860 -0.052026
0.009094 -0.009973 -0.031689
0.015102 0.009202 0.037286
-0.003245 -0.037325 -0.057209
-0.054307 -0.006474 0.044221
0.046291 -0.012925 0.059738
0.014412 -0.036061 -0.027086
0.077529 -0.021104 0.047010
-0.005912 -0.005633 -0.026228
-0.018429 -0.020645 0.004241
-0.012794 -0.017629 -0.041969
0.037439 -0.001695 -0.038508
-0.011319 -0.013689 0.014101
0.051155 -0.015942 0.053402
0.023431 -0.053341 0.003265
-0.011531 -0.030660 0.052132
0.025436 -0.048345 0.037176
0.012079 0.037269 0.013192
-0.026131 0.050129 -0.022271
0.025739 -0.043547 0.014834
0.012324 -0.023321 -0.068041
0.016484 0.043259 -0.010169
-0.012206 0.027512 -0.013214
0.014385 -0.008769 -0.014274
-0.047236 -0.039465 0.014359
0.009699 -0.000861 0.031493
0.041082 -0.007228 0.033313
0.058449 0.000938 0.021016
0.041199 0.000283 -0.004439
-0.045497 0.015120 -0.017885
0.050331 0.024322 0.013936
0.007225 -0.023100 -0.001291
-0.042388 -0.041013 0.066300
-0.014662 -0.068675 -0.054709
-0.000734 -0.049759 -0.018431
-0.057356 0.014488 0.030308
0.036754 0.053856 -0.010588
-0.027488 -0.030835 -0.068284
-0.015026 -0.017195 -0.037558
0.011755 0.006355 0.049030
-0.017265 -0.043822 0.024619
-0.067376 -0.004100 -0.028472
0.021737 -0.004453 0.017091
0.033256 -0.061258 0.004408
0.041607 -0.018130 -0.052182
-0.020335 0.039409 0.008092
0.040782 -0.056151 0.025959
-0.002404 0.024110 0.025672
0.069139 -0.004633 -0.005386
-0.029509 0.007222 -0.035094
-0.026878 -0.033391 0.003938
-0.003444 -0.021166 -0.001757
-0.001133 0.033843 -0.015507
0.016972 0.085347 -0.005367
0.017575 0.014389 -0.048901
0.074476 -0.038474 0.002018
0.004046 -0.059717 0.009772
-0.032082 0.039633 0.012019
-0.000958 -0.004014 -0.005976
-0.020006 0.030526 -0.001426
-0.041255 -0.025593 -0.036464
-0.014554 0.006471 0.046514
0.000525 -0.006982 -0.032518
-0.013135 0.028507 -0.011390
-0.056730 -0.036863 -0.004564
-0.007280 0.006279 -0.021767
-0.002315 -0.022243 -0.051973
-0.040512 0.017134 0.041090
-0.011697 -0.001424 0.012760
0.032360 0.038809 0.092557
-0.025765 0.033827 0.037678
0.011407 0.022462 0.018711
-0.017993 0.007050 0.001942
0.000476 0.005515 -0.006337
0.036399 -0.011495 -0.015589
0.059338 -0.024580 0.022808
0.020180 0.029244 -0.084557
0.033959 -0.040089 0.016845
0.034416 0.088169 0.022153
0.010363 0.013137 0.028510
0.016580 0.020759 0.017394
0.024128 -0.000603 -0.009257
-0.021262 -0.069724 0.013686
0.016399 0.000908 -0.005347
0.006239 0.057029 0.011028
0.007965 -0.021016 -0.033532
0.001592 -0.001784 0.080571
-0.016686 0.031270 -0.012461
0.005660 0.014736 0.030462
0.008962 0.019946 -0.032880
0.020642 -0.003227 -0.020083
-0.070193 -0.011984 0.050103
-0.012501 0.029474 -0.052445
0.017885 -0.064671 0.000681
0.012149 0.036211 0.001027
0.008142 0.048513 -0.031972
0.046725 0.003183 -0.005289
0.019568 0.009078 0.019559
0.001518 0.036231 -0.010416
0.025468 -0.000138 -0.072019
-0.037237 -0.016614 0.016780
0.004520 -0.017797 0.007414
-0.058357 -0.009628 -0.039371
-0.059093 0.101543 -0.018459
0.034401 -0.002207 0.001077
0.026954 0.037142 0.002494
-0.008086 -0.025230 -0.020384
0.033002 0.006710 0.041750
0.007654 -0.002772 -0.026736
0.006159 0.014872 0.062535
-0.016555 0.035671 0.067310
0.051812 0.071490 -0.008633
-0.019415 -0.027167 0.014991
0.008617 -0.043607 0.014851
-0.046776 0.048889 -0.042109
-0.042020 0.011665 0.074702
0.011775 0.105088 -0.004643
-0.021783 0.050376 0.058508
-0.038948 0.012146 -0.076860
-0.016913 0.010647 -0.023387
-0.010933 0.021304 -0.046737
0.030798 0.019734 -0.029585
0.003929 0.004360 0.068118
-0.005109 -0.008949 0.045208
0.015949 -0.027582 -0.074444
-0.017452 -0.039053 0.031854
0.038130 0.014962 0.002687
0.038714 0.001998 -0.002005
-0.032265 -0.011090 0.017101
0.000952 0.016324 0.069507
0.096737 -0.010528 -0.011334
0.026757 -0.022916 -0.018683
0.019034 0.005568 0.046300
-0.049954 0.017039 -0.001610
0.036361 0.006436 -0.032735
-0.015225 0.005495 -0.063428
0.054945 0.060964 -0.001092
0.008115 -0.018820 0.019130
0.035195 -0.027570 0.057247
0.006362 -0.036813 -0.014475
0.027353 0.057060 -0.056448
-0.052402 0.017159 -0.018910
-0.000509 0.049905 0.021641
-0.018321 -0.090252 -0.006457
0.007017 -0.013572 -0.020616
0.005472 -0.049285 -0.010232
0.041224 0.034495 0.022459
0.016060 0.029407 -0.054029
-0.004122 0.010392 -0.015181
-0.010404 0.037225 0.033479
-0.011717 0.007102 -0.088680
0.011354 0.024246 0.051782
-0.030796 0.077833 0.006538
0.006071 0.039819 -0.018465
-0.042027 -0.051642 0.020957
0.003422 -0.041170 0.003413
0.001551 0.017584 0.031892
0.039794 0.015564 0.069481
0.005271 -0.033148 -0.009534
0.019987 0.014309 -0.040950
-0.026238 -0.022127 -0.007369
-0.011687 0.012455 -0.000695
-0.070128 0.080406 0.010206
-0.036087 -0.016900 0.004159
-0.017045 -0.005347 -0.091243
0.042881 -0.009338 0.006703
-0.005292 -0.010045 -0.054492
0.011572 -0.023542 0.005614
-0.005404 -0.049299 -0.063556
0.050048 0.034406 -0.027458
0.025704 0.015476 -0.006632
0.026785 -0.001291 -0.025425
0.039911 0.034961 0.062015
-0.017315 -0.039626 -0.005542
0.020850 0.057142 -0.056451
0.021069 -0.006144 0.041684
-0.030707 0.021591 -0.019102
0.017904 -0.037560 0.004879
0.015163 0.051879 -0.047799
0.061677 0.054936 0.058616
0.007883 -0.062393 0.047877
-0.000920 -0.016434 0.042866
-0.068690 -0.026759 0.015732
-0.006634 -0.002679 0.020180
-0.015945 -0.059920 0.017342
0.045548 -0.027925 -0.001189
0.023421 0.008445 0.052956
0.022174 -0.046030 0.023322
0.007814 0.020821 -0.002332
0.036430 -0.001537 -0.004173
0.033968 -0.014977 0.012485
0.034039 -0.037284 -0.000815
-0.064368 0.009915 -0.009779
0.020926 -0.007220 -0.016389
0.023205 -0.011134 -0.004028
0.076854 -0.026116 0.024284
0.010766 0.032421 -0.014190
-0.019420 0.036177 0.012925
0.043746 -0.081553 0.044070
0.046232 0.013269 0.005922
0.034089 -0.002930 0.019155
-0.008081 -0.008027 -0.032661
0.042426 -0.004060 0.008291
-0.039541 0.020820 0.048730
0.008764 0.035494 0.029433
0.048689 -0.023498 -0.002968
0.023796 -0.009282 0.004011
-0.066362 -0.010647 -0.017599
-0.043947 0.045368 0.000094
0.014782 -0.064949 -0.015701
-0.012685 -0.016524 -0.020963
0.021427 -0.029700 -0.004812
-0.031650 0.023257 0.000332
-0.018199 0.006813 -0.037601
-0.002880 0.009746 -0.055650
-0.039668 -0.000711 -0.061164
0.040607 0.048857 0.044770
-0.050724 0.001067 0.060735
-0.028460 -0.039128 0.009717
-0.037366 -0.006111 -0.055274
0.000608 -0.035156 0.007384
-0.008055 -0.027174 -0.037074
0.018971 0.034986 0.005927
0.007174 0.002362 0.058598
-0.025041 -0.041266 -0.009639
-0.022804 -0.012845 -0.033455
0.054127 0.027204 0.011451
-0.073605 0.049687 -0.003673
0.021576 0.005947 0.037613
-0.027875 -0.013198 0.041221
-0.000017 0.001741 0.024592
-0.036903 0.047090 -0.023950
-0.083971 -0.061122 -0.038804
-0.058081 0.007543 0.010810
0.003251 0.044109 -0.081899
0.016672 0.021807 -0.048232
0.065428 0.011888 -0.011394
-0.008577 -0.010545 -0.065623
0.035615 -0.013707 -0.017333
0.052525 -0.018915 -0.019595
0.066052 -0.100053 0.009162
-0.024092 -0.011934 0.031310
0.016719 -0.020420 0.014060
-0.004482 -0.005293 -0.062015
-0.006204 0.047894 0.013671
0.021867 0.054718 -0.001944
-0.029820 0.022151 0.000614
0.016601 0.025500 0.021968
-0.049668 0.014158 -0.022536
0.013344 0.018998 0.019711
0.043489 0.002578 0.025347
-0.026034 -0.004078 -0.025219
-0.014360 0.019850 0.013431
-0.002760 0.024428 -0.024774
-0.052208 -0.015472 -0.003250
0.011927 -0.014387 -0.010259
0.005139 0.031113 -0.020738
0.037907 0.044344 0.002701
0.053319 -0.038127 -0.015867
0.050199 -0.030483 -0.027430
0.059424 -0.057208 0.007333
0.032418 0.044161 -0.046699
0.005325 -0.011568 0.040213
-0.009357 0.011536 0.019670
-0.014163 -0.051262 0.016240
-0.008708 -0.009996 -0.009559
0.021338 0.035651 0.009487
-0.001990 0.002394 -0.048543
-0.023599 0.056390 -0.010257
0.014572 0.001027 0.020333
0.005348 0.025930 -0.005993
0.020084 -0.009884 0.059257
-0.004407 -0.048038 -0.013278
-0.032659 -0.006503 -0.055604
0.007531 0.000528 0.027978
0.023328 -0.029062 0.005781
-0.014089 0.019059 -0.012449
-0.011177 0.016110 -0.019626
0.030247 -0.024437 0.013437
-0.047579 0.002150 -0.014871
-0.046688 -0.055744 -0.074106
-0.009999 0.034899 0.029181
-0.003457 0.025810 0.057010
-0.075644 0.024838 -0.030083
-0.015394 0.027113 0.035184
-0.008439 -0.026276 0.031549
0.018305 0.070653 0.005027
0.065842 0.032158 0.039425
-0.045509 -0.022592 0.019757
0.012405 0.002740 0.054927
0.029660 0.031396 -0.045806
0.012204 0.008122 -0.041154
0.016857 0.031170 -0.028339
0.025109 -0.029259 -0.033134
0.057536 0.032087 0.007869
-0.000730 0.016545 0.042210
0.010634 -0.011952 -0.020348
0.049234 -0.011505 0.017870
-0.041514 0.007893 0.016287
0.020495 -0.030002 -0.006518
0.028138 0.007093 -0.021194
-0.024347 0.013362 -0.056880
-0.012397 0.013141 0.016836
0.008752 0.004073 0.065611
0.010865 0.011170 0.050044
-0.050710 -0.006710 0.024847
0.019621 0.009667 0.007925
-0.001851 0.018477 -0.012692
-0.024238 0.029390 -0.033314
0.075374 -0.031115 -0.014086
-0.033725 0.008405 0.005604
0.064371 -0.084472 0.014739
0.039189 -0.041213 0.083140
0.040093 0.007976 0.039543
0.016193 0.025796 0.033714
-0.004539 0.038520 0.071172
-0.036812 0.003264 0.040092
-0.054768 0.012660 0.022216
-0.026078 0.035263 0.023925
0.027878 -0.001480 0.030339
-0.006724 0.015011 -0.003759
0.040977 0.018174 0.005006
0.061632 0.040674 0.032010
0.004912 -0.020863 0.015819
0.011572 0.047706 0.048622
-0.016245 0.016873 0.011348
0.020379 0.045105 -0.054725
0.010485 -0.053587 0.057196
-0.056794 -0.022110 0.027432
0.014981 0.005380 0.038075
0.026881 -0.029442 -0.005050
0.026734 -0.014935 0.019770
0.008163 0.082225 0.045037
0.010736 0.047520 -0.007696
-0.034705 -0.029885 0.055548
-0.001443 0.001914 -0.014540
-0.013939 0.020012 -0.009638
0.044653 -0.003346 0.001804
-0.048807 -0.005232 0.022908
-0.006919 -0.023653 -0.004597
0.012870 0.000890 0.022720
0.016284 0.008003 -0.003117
0.041694 0.041273 0.046513
-0.044247 -0.046138 -0.067717
0.025786 -0.034489 -0.006185
0.051371 -0.023046 0.037137
-0.005645 0.032585 -0.062980
0.090321 0.020608 -0.038218
-0.050431 -0.010801 0.056064
0.008232 -0.054788 0.007878
0.040726 -0.029617 -0.069860
0.046631 0.059050 0.017964
0.020715 -0.025683 0.005390
-0.035963 -0.008195 0.014649
0.006224 0.018244 0.054781
-0.017290 -0.001715 -0.004046
-0.041955 -0.027111 0.066021
0.047888 -0.041142 0.038232
0.043282 0.015198 -0.012337
-0.029092 -0.061538 -0.038549
-0.031337 -0.007432 -0.005506
-0.004597 -0.075781 0.024823
0.033117 0.022259 -0.005466
0.000561 -0.013244 0.056981
-0.046975 -0.048886 -0.003739
0.030466 0.075206 0.005949
0.010160 -0.062470 -0.017996
0.035347 -0.032990 0.016484
0.063057 0.026702 -0.077667
-0.041167 -0.029157 -0.006860
0.043775 -0.064334 -0.012476
-0.021393 0.011613 0.000264
-0.025481 0.049313 -0.007032
0.041268 0.024691 0.014021
0.007962 0.006884 -0.036257
0.021687 -0.021070 -0.012261
0.074861 -0.009198 -0.009868
0.039828 -0.050521 0.037941
-0.019519 0.018150 0.019352
0.027760 0.028322 -0.013844
0.003786 -0.058548 -0.003760
-0.017754 -0.020551 -0.032369
-0.017772 0.006124 -0.068227
0.066699 0.038467 -0.028798
0.016876 0.055244 -0.012534
0.059863 -0.001368 0.049272
-0.054978 0.032527 -0.027230
0.032171 -0.025236 0.036987
0.013217 -0.011956 -0.063419
-0.017422 0.003218 -0.003413
0.016760 0.021330 -0.020000
0.011244 0.038255 0.008498
0.014251 -0.012783 0.016653
-0.005688 0.019148 -0.032503
0.006378 0.010708 0.023024
-0.013649 -0.040792 0.009959
0.023121 0.055826 -0.042757
0.016600 -0.018303 0.016379
0.041363 -0.005115 0.000968
0.125724 -0.009420 -0.027725
0.001022 -0.000915 0.006391
0.036974 0.013694 -0.029581
-0.010401 0.000792 0.002693
0.007676 -0.009712 0.020058
-0.049039 0.026158 -0.063525
0.025794 0.014168 0.044838
0.016500 0.051347 -0.008888
-0.014464 0.067905 0.002027
0.000028 0.023394 -0.012790
-0.019830 -0.041748 0.002830
-0.013478 0.027311 -0.051705
-0.024196 0.017996 0.001031
-0.046799 -0.018525 0.070636
0.047586 -0.052140 0.019380
0.029205 -0.059214 0.058691
-0.030243 0.054776 0.026302
-0.031011 -0.046587 -0.017200
-0.000344 -0.110988 -0.048269
-0.029134 0.013799 0.012189
0.002204 0.059218 -0.036507
-0.021242 -0.045345 -0.003828
-0.021065 0.014577 -0.026197
-0.068407 -0.018906 -0.008781
-0.009615 -0.042185 0.007405
-0.016680 0.020147 0.049715
0.017174 0.038539 0.026582
-0.026846 0.020638 0.046858
0.030951 0.046029 0.025155
-0.010421 -0.012263 0.040414
-0.024470 -0.008336 0.009478
0.002971 -0.029448 0.019010
-0.059155 0.017943 0.006039
-0.015534 0.040161 0.008416
-0.006272 0.001930 0.034398
-0.058997 -0.033702 0.041852
0.022854 -0.008451 0.068726
0.017237 -0.041017 -0.003692
-0.002056 0.011874 -0.026897
0.051229 0.001351 -0.001263
-0.025232 0.069755 0.047837
-0.014313 0.012073 -0.048898
-0.044838 0.015938 -0.013364
-0.002614 0.018391 -0.014371
0.026545 -0.001215 0.019478
0.013729 -0.026064 0.005689
0.010253 -0.020850 0.029116
0.011544 0.049024 -0.044754
-0.038012 0.002695 0.015272
-0.017977 0.012090 -0.085564
-0.055688 -0.024474 0.006200
-0.025059 0.013821 -0.027780
-0.006638 0.004640 0.009834
0.008872 0.007020 -0.003268
0.047281 -0.005338 0.029912
0.052525 0.020521 0.037116
-0.013015 -0.006090 -0.035409
0.030490 -0.074855 -0.005890
0.036088 -0.007658 -0.022838
-0.037302 0.073082 0.008259
-0.045981 0.057493 -0.078211
-0.025180 0.029804 -0.006427
-0.081342 -0.014993 0.071746
-0.050369 0.024316 -0.006937
0.006241 0.029371 -0.048054
-0.064881 -0.066234 0.018064
0.004750 0.050414 -0.001342
-0.013223 0.035107 0.040637
-0.004849 -0.034235 0.023106
0.009688 -0.032330 0.037609
-0.013276 0.001174 -0.035857
-0.064508 0.005563 -0.058768
-0.027552 -0.001713 0.012292
0.012830 0.072823 -0.046221
-0.026071 0.007065 0.013931
-0.001404 0.000786 -0.014131
-0.005433 -0.010195 -0.046191
-0.016120 0.001416 0.058189
-0.000430 -0.007625 -0.032240
0.036876 0.057665 -0.026317
0.057299 -0.007889 0.048535
0.035164 -0.012862 -0.012748
-0.083597 -0.027342 -0.030433
-0.018200 -0.011226 -0.047365
0.012799 -0.003403 0.046502
0.006352 0.034079 0.040770
-0.005250 0.005223 -0.017445
0.027441 0.019141 -0.012278
-0.003961 -0.007921 0.020372
-0.048737 -0.019228 0.031478
-0.053996 0.017070 -0.000067
-0.005718 -0.014262 -0.016385
-0.001925 -0.011044 0.052244
0.024282 0.043620 0.021051
0.000602 -0.071462 -0.033894
-0.036985 -0.009800 0.040785
0.013201 0.091880 -0.045771
0.003338 0.004441 0.028849
-0.011152 0.028394 0.054389
-0.039562 -0.057594 0.020589
-0.060245 -0.063898 -0.019108
0.006935 0.010028 -0.004551
0.019745 -0.017648 0.032416
-0.025462 0.037439 -0.043995
-0.032290 -0.000893 0.030604
0.011527 -0.027377 0.043008
-0.027346 0.025463 -0.018748
-0.003101 0.036898 -0.013148
-0.024728 0.039411 -0.004841
0.006269 0.029172 -0.026699
-0.033446 -0.020424 -0.035007
0.004416 0.037102 -0.007784
-0.052483 0.005181 -0.030729
-0.037802 -0.071919 0.048472
0.015239 -0.012255 -0.028568
-0.019395 0.014347 0.016949
0.027187 -0.061001 0.062691
-0.014371 -0.007005 0.021545
-0.014295 -0.028589 0.013101
-0.039919 0.020243 -0.016991
0.045873 0.017184 -0.000223
0.018100 0.033358 0.005691
0.027914 -0.036962 0.028555
-0.038298 -0.030727 -0.056437
-0.011368 0.049045 -0.032410
-0.012995 -0.003684 0.026066
-0.006476 -0.017966 0.033988
0.046476 -0.034121 -0.003205
-0.017925 -0.068022 -0.063346
-0.040806 -0.051786 0.002715
