# 参数名称：backbone.features.13.conv.4.bias
# 参数形状：(576,)
# 参数数据类型：float32
# 参数值（保留6位小数）：
-0.003154
0.002798
-0.005036
-0.001779
0.005138
0.004140
-0.007097
-0.006596
0.000543
0.008765
0.005724
0.004150
0.000249
-0.000878
-0.000143
-0.000524
-0.001418
0.000266
-0.009428
0.006343
-0.000093
0.003227
0.004461
0.005144
-0.002615
-0.005920
0.012208
0.005225
-0.001786
0.001623
-0.008911
-0.000867
0.003482
-0.001900
-0.003630
0.004936
0.005538
0.002850
0.002813
0.003844
-0.009883
0.002344
0.004785
-0.001051
0.007663
0.001780
0.009167
0.000224
-0.002254
0.001416
0.009079
-0.002502
-0.002269
0.004382
-0.003341
0.001767
0.000461
0.005459
0.004591
0.003183
0.008884
0.005934
-0.001373
0.001088
-0.000364
-0.009701
0.000550
-0.003717
-0.001391
0.005953
-0.005700
0.006814
0.002091
-0.003081
-0.000730
-0.003513
0.019919
-0.000123
0.006204
-0.000665
-0.009173
0.004656
0.006315
0.009656
0.001521
0.002507
0.001997
0.000556
-0.009277
0.004936
0.005295
-0.002203
0.013036
-0.000045
0.002458
-0.005623
-0.000789
0.000399
0.009499
-0.002478
0.000084
-0.001070
-0.006522
-0.005614
-0.005341
-0.000533
0.000561
0.001529
-0.001068
0.007446
0.001245
0.009809
-0.005395
0.004739
0.000109
-0.001675
0.011010
0.003088
-0.000968
-0.000702
0.002395
0.006122
0.002098
0.007506
-0.007251
-0.004750
-0.001339
0.005609
-0.000707
0.002397
0.002637
0.003245
-0.000398
-0.005053
0.004050
0.005588
-0.002912
0.000590
0.008272
-0.000322
0.006099
0.003621
-0.003106
-0.007224
0.000179
0.001218
0.013684
0.002009
0.002714
0.002343
-0.006366
-0.001813
-0.001249
0.006240
-0.001908
0.001106
0.006470
-0.004534
-0.001247
0.003833
0.004613
0.000507
0.006705
0.003318
0.006245
0.003571
-0.002955
0.003842
-0.003928
0.000547
0.000730
-0.006162
0.002963
-0.006849
0.012884
0.005593
-0.003069
0.006476
0.007500
-0.003192
0.003380
-0.006007
-0.001931
0.004337
-0.002567
0.001416
-0.001874
0.013237
-0.001789
0.010788
0.005831
0.000977
-0.002590
-0.001022
0.002159
-0.008117
0.002820
-0.005492
-0.007882
-0.009690
-0.002662
-0.000038
0.006781
0.004856
0.000436
0.000673
0.003390
0.002374
-0.001116
-0.003351
0.005463
-0.001481
0.002387
0.001312
0.000689
0.001362
0.001503
-0.010552
-0.005390
0.001488
0.005344
-0.002825
-0.008415
0.005226
0.014363
-0.004612
0.010807
0.000933
-0.000285
-0.002894
-0.000662
0.002282
-0.004212
-0.001173
0.001363
-0.001705
-0.003139
0.002658
0.002496
0.006801
0.006793
0.001287
0.001653
0.000183
0.005920
0.000592
-0.001563
0.005393
0.001503
0.000805
0.004156
0.009771
0.001734
-0.002102
0.000690
0.005302
0.002934
-0.000917
-0.000549
-0.000359
0.008191
0.010748
-0.003425
-0.000144
-0.003015
0.001236
-0.003336
0.009433
0.003864
0.007021
-0.000880
-0.001435
0.006162
0.002322
0.005613
-0.007408
0.000529
0.007769
0.014124
-0.001622
0.011555
-0.006314
-0.004834
-0.001654
0.001331
-0.003646
-0.007777
0.004307
0.007978
-0.012024
-0.005821
0.000640
0.001992
-0.000831
0.006610
-0.003037
-0.002513
0.000494
-0.006861
-0.002941
0.003800
-0.002633
0.003033
-0.000674
0.002356
-0.002069
0.005016
0.001847
0.004147
0.006176
-0.007496
0.011469
-0.002451
0.003731
0.003846
0.002038
0.004209
0.010595
0.006187
0.008232
0.001238
0.005973
-0.000269
-0.001653
-0.004213
-0.005356
-0.000421
0.003498
0.012840
0.000513
-0.004540
0.007207
0.003954
-0.007236
-0.005292
-0.000629
0.001486
0.009796
0.004123
-0.004963
-0.000402
0.000960
0.005798
0.004860
0.000446
-0.000611
0.005244
-0.001808
0.002285
-0.002546
-0.008193
-0.002876
0.000636
0.007494
0.002389
0.001964
-0.002310
0.000659
0.002115
-0.002986
-0.000722
0.008626
0.013250
0.001051
-0.006195
-0.005380
-0.002665
-0.002184
-0.003060
0.007505
-0.005807
0.009228
-0.009388
0.004771
-0.004549
0.000915
0.000645
0.005860
-0.012284
0.005828
-0.003158
0.001862
-0.003281
0.012295
-0.006493
0.010529
-0.002691
-0.006958
0.001339
0.001966
-0.004571
0.001173
-0.001223
0.007407
-0.001296
-0.008163
-0.003819
-0.002086
-0.001436
-0.006583
-0.007641
-0.002940
0.002656
0.002244
0.003700
-0.005300
-0.003066
0.008230
-0.001816
-0.004059
0.001299
0.012701
0.008807
0.004796
0.003454
0.011562
-0.001297
-0.005806
-0.000354
0.001585
-0.005829
0.004194
0.000855
-0.001599
0.001810
0.003272
-0.002786
0.007434
-0.005115
0.002358
-0.006172
-0.009574
-0.000646
-0.002284
0.006262
-0.003101
0.006446
0.009816
0.012052
-0.002039
0.006899
0.000074
0.000589
0.000199
0.005931
0.000269
-0.006325
-0.005565
-0.001856
-0.002367
0.000003
0.009163
0.001765
-0.006988
0.010808
0.001146
0.001449
0.000378
-0.000219
0.003517
0.011232
-0.009074
0.001646
-0.009643
-0.000652
-0.001833
-0.004865
0.009639
0.004442
-0.005029
0.003924
0.003077
0.006603
0.006803
0.006336
0.005424
-0.005164
0.003548
-0.002566
0.001119
0.005665
0.005783
0.009969
0.005792
0.003265
-0.006741
0.005968
0.008480
-0.012291
0.013398
-0.003528
0.000050
-0.001268
0.007919
0.002139
0.000810
0.002278
-0.004883
0.000758
0.005079
-0.002517
-0.004099
-0.003885
0.009390
-0.005849
0.006350
0.006101
-0.003074
0.002010
0.000967
0.001674
-0.000042
0.007455
0.003318
0.000056
-0.007609
0.004925
0.000377
0.006969
0.001405
-0.015269
0.009874
0.004120
0.003077
-0.005462
0.007816
0.003282
-0.001254
0.004250
0.004322
0.012572
0.002819
0.012719
0.004249
0.004922
-0.002970
-0.006654
-0.001683
0.004253
0.003601
0.001129
0.002325
-0.002741
-0.009564
0.001396
-0.000036
0.000030
-0.000940
-0.001272
0.005519
0.003383
0.002546
-0.000902
0.002223
0.006697
-0.007465
0.004907
0.003719
-0.002498
-0.005559
0.001529
0.005726
-0.001423
0.000273
-0.004122
-0.001473
0.000435
0.000375
0.000937
0.001184
0.003337
-0.000995
0.007252
0.000269
-0.005197
0.010606
