# 参数名称：backbone.features.3.conv.4.running_mean
# 参数形状：(144,)
# 参数数据类型：float32
# 参数值（保留6位小数）：
0.053201
-0.011389
0.076432
-0.036632
0.019094
-0.021942
-0.004362
0.004971
0.075366
0.014744
0.068351
-0.031030
0.040348
-0.003957
0.043411
0.010120
-0.025718
-0.021854
-0.006228
-0.015756
0.001834
0.003064
0.025521
0.019991
-0.015581
0.011138
-0.010987
0.037088
-0.011367
-0.066251
0.032518
-0.001648
0.077266
0.018018
-0.000307
0.038626
-0.033935
0.018047
-0.003815
0.003517
-0.002445
0.002746
0.047825
0.013382
0.015777
-0.040017
-0.034083
0.021362
0.008588
-0.008758
0.067108
0.044163
-0.031686
0.032284
0.005515
-0.026101
0.043768
-0.014992
0.037382
0.010119
-0.037975
0.001274
-0.030475
0.002793
-0.022214
0.011903
-0.035917
-0.014313
0.049128
-0.000198
-0.059446
0.048464
-0.039565
-0.037558
-0.015504
-0.027214
0.075914
0.016208
-0.008772
-0.007173
-0.040706
-0.043739
-0.068856
0.014049
-0.054947
0.069878
-0.023258
-0.001024
-0.022859
-0.024791
0.040193
0.015501
0.024560
-0.082709
-0.021949
-0.044820
-0.024121
0.051907
-0.028375
-0.080676
0.040797
-0.001386
-0.026164
0.053084
0.028805
-0.079726
0.013199
0.027447
0.014670
-0.079079
0.015391
-0.058006
-0.043411
0.011541
0.018335
0.030656
0.019308
0.043273
0.049737
-0.016329
-0.093123
0.041896
0.043450
-0.026758
0.025457
-0.085014
-0.018974
-0.021821
0.003390
-0.028052
-0.007468
0.007634
-0.028056
-0.032681
0.028357
0.008087
-0.003311
0.021814
0.002179
0.010461
0.055544
-0.030024
-0.014459
0.053306
