# 参数名称：backbone.features.16.conv.7.running_mean
# 参数形状：(160,)
# 参数数据类型：float32
# 参数值（保留6位小数）：
-0.538991
-1.224895
-0.736075
-0.490839
-0.015371
1.072107
0.577068
0.087997
0.209461
-1.594334
1.787580
1.719694
-0.457013
-1.165381
1.285000
1.179273
1.037631
-0.208575
-0.028559
-0.380179
0.488480
-0.474511
1.045140
0.433961
-0.776991
-1.771520
-0.818376
-0.630752
-0.150123
-0.686657
0.743047
0.993489
-0.100137
0.889047
0.962092
-0.173002
-0.479875
0.453436
-0.821522
-0.462867
1.613739
0.446926
1.062747
-0.325534
1.096238
-1.641114
-1.233243
-1.004254
-0.474819
0.696370
-0.420615
0.296375
1.598807
0.433309
1.817495
0.941722
0.262415
0.775940
-0.183394
-0.532429
-0.520439
0.066794
-1.076193
0.072543
0.706380
0.690168
0.826656
-0.065525
1.043862
-0.370536
-0.607815
-0.484339
-1.232173
0.790449
-0.063360
-0.934034
0.061232
0.140390
-0.730604
0.728018
0.362858
0.643168
-0.781846
0.595774
0.917197
0.564724
0.991153
0.314511
0.214261
0.218457
0.259705
0.511550
-1.120337
-0.462789
1.909939
-1.033724
-0.078443
0.666233
-0.128937
1.090637
0.478085
0.689046
-0.822777
-0.628702
1.031361
0.047692
-0.168304
-2.134370
-0.978864
0.595890
0.485948
-1.108926
-0.320120
-0.179108
-1.476884
1.359959
0.890799
-0.857192
-1.024978
-0.651258
-0.946658
0.324760
0.373125
-0.806657
-0.416708
-0.056334
-0.114901
0.553879
0.303105
-0.054998
0.181476
-0.424242
-0.998990
1.211510
-0.988622
-0.755851
1.284902
-1.107375
0.333228
-0.072062
0.174462
-1.115982
-0.148398
1.351260
-0.917129
0.145709
0.408120
-1.444522
-0.401100
-0.404666
0.583109
1.395846
0.183912
-0.403141
0.973343
-0.310806
1.333480
1.071896
0.672987
-0.651393
