# 参数名称：backbone.features.6.conv.4.running_var
# 参数形状：(192,)
# 参数数据类型：float32
# 参数值（保留6位小数）：
0.002466
0.001112
0.001431
0.004934
0.001829
0.005376
0.002741
0.000419
0.003523
0.000317
0.006378
0.006849
0.001960
0.003297
0.001221
0.002922
0.008844
0.003330
0.001814
0.001921
0.002760
0.001710
0.005546
0.001974
0.004481
0.003597
0.002722
0.001775
0.005471
0.006563
0.004831
0.002907
0.001707
0.003150
0.002743
0.000813
0.002038
0.001690
0.002682
0.006117
0.001819
0.001171
0.003753
0.006948
0.006468
0.003419
0.000880
0.004911
0.004140
0.005272
0.001221
0.010914
0.002592
0.003337
0.017766
0.006857
0.003672
0.001423
0.001287
0.007923
0.007140
0.005088
0.005687
0.001482
0.007097
0.007499
0.001447
0.000962
0.004540
0.003713
0.006529
0.004542
0.001565
0.005415
0.002372
0.005335
0.003225
0.001346
0.001243
0.002974
0.001082
0.009266
0.004564
0.008477
0.003383
0.003624
0.004030
0.001134
0.001651
0.000587
0.000830
0.005008
0.002623
0.006788
0.002022
0.002459
0.002480
0.003599
0.002058
0.002748
0.001962
0.001010
0.003703
0.005501
0.002419
0.003905
0.004260
0.002462
0.008100
0.012941
0.007280
0.003720
0.005846
0.002660
0.007156
0.000952
0.001828
0.006124
0.001193
0.001933
0.009160
0.002334
0.005488
0.002568
0.011439
0.000991
0.004042
0.001950
0.006053
0.003245
0.005643
0.003447
0.004670
0.002370
0.004957
0.003794
0.007595
0.003479
0.001357
0.002895
0.001812
0.007891
0.001944
0.004911
0.007850
0.001206
0.002461
0.004545
0.006381
0.010192
0.015325
0.006706
0.002603
0.002581
0.003875
0.006403
0.001986
0.001332
0.006944
0.009558
0.003683
0.002724
0.002660
0.001887
0.001487
0.000628
0.004034
0.002441
0.002098
0.001309
0.001321
0.002330
0.005639
0.009509
0.001957
0.002812
0.005040
0.003255
0.004089
0.004780
0.009364
0.002717
0.002670
0.001706
0.000579
0.002978
0.001015
0.000645
0.003147
0.022255
0.007012
0.000662
