# 参数名称：backbone.features.7.conv.1.running_mean
# 参数形状：(192,)
# 参数数据类型：float32
# 参数值（保留6位小数）：
-0.000460
-0.000160
-0.000098
-0.000546
-0.000069
0.000281
-0.000351
0.000456
0.000143
0.000259
0.000424
-0.000330
0.000483
0.000023
0.000177
0.000106
-0.000286
0.000249
0.000376
-0.000238
-0.000098
0.000141
0.000069
-0.000064
0.000365
-0.000002
0.000384
0.000385
0.000426
-0.000324
0.000496
-0.000116
0.000278
0.000010
0.000385
0.000157
0.000248
-0.000045
0.000346
0.000046
0.000088
0.000193
-0.000504
-0.000076
-0.000095
0.000264
0.000293
-0.000322
0.000166
-0.000794
-0.000255
-0.000058
-0.000020
-0.000005
0.000279
-0.000710
0.000138
-0.000056
0.000471
-0.000279
-0.000210
-0.000472
0.000583
-0.000275
-0.000003
-0.000241
-0.000282
-0.000250
-0.000512
-0.000225
-0.000131
-0.000437
0.000693
0.000153
-0.000024
0.000250
-0.000401
0.000473
-0.000418
-0.000392
-0.000260
0.000370
-0.000256
-0.000228
0.000170
0.000069
-0.000529
-0.000433
0.000147
0.000290
0.000023
-0.000000
0.000233
0.000116
-0.000023
0.000475
0.000516
-0.000004
-0.000105
-0.000261
-0.000214
0.000417
0.000061
-0.000250
-0.000459
0.000527
0.000488
0.000345
0.000400
0.000219
-0.000114
-0.000198
-0.000344
0.000199
0.000507
0.000362
-0.000502
0.000087
-0.000149
-0.000126
0.000047
0.000264
0.000067
0.000151
0.000105
-0.000038
-0.000268
0.000300
-0.000394
0.000107
-0.000074
0.000484
0.000050
-0.000385
0.000566
-0.000056
-0.000170
-0.000032
0.000006
0.000086
0.000042
0.000478
0.000014
0.000313
0.000423
0.000232
-0.000120
0.000262
-0.000054
0.000157
0.000027
-0.000487
-0.000087
-0.000434
-0.000138
-0.000097
0.000039
0.000538
0.000133
0.000353
-0.000386
0.000394
0.000367
0.000337
0.000139
-0.000010
0.000388
-0.000280
0.000179
-0.000077
-0.000634
-0.000762
0.000005
0.000482
0.000256
0.000188
-0.000141
0.000102
0.000445
-0.000217
-0.000129
-0.000561
-0.000524
-0.000299
0.000378
-0.000202
0.000053
0.000143
-0.000154
0.000078
-0.000510
-0.000037
