# 参数名称：backbone.features.4.conv.3.weight
# 参数形状：(144, 1, 3, 3)
# 参数数据类型：float32
# 参数值（保留6位小数）：
-0.050068 -0.004917 0.011641
0.025309 0.003569 0.002857
-0.007685 0.035353 0.002926
-0.035579 0.050290 -0.105033
0.067661 -0.064562 -0.004708
-0.082513 0.017393 -0.042289
-0.021399 -0.026919 -0.013344
0.034537 0.063980 0.061655
0.003081 -0.011916 0.042909
-0.000938 -0.003489 -0.023299
0.052587 -0.007136 0.012485
-0.019206 0.015669 -0.073570
0.024347 -0.036282 -0.054554
0.011642 -0.029705 0.036905
-0.034635 -0.028454 -0.002986
0.007237 -0.035638 0.015591
-0.002286 -0.014254 -0.058002
-0.039325 0.007744 0.028879
0.028159 0.034470 -0.036510
0.010115 0.022070 0.047792
-0.024634 -0.029451 -0.047724
0.092773 0.039300 0.056518
0.047237 0.007017 0.044183
0.003507 0.016182 -0.074665
-0.034343 -0.014582 0.018332
-0.006954 0.019531 0.049585
-0.023195 0.024548 -0.034246
-0.032892 0.011121 0.005232
-0.007760 -0.003588 0.043495
-0.084660 0.052277 -0.037924
0.027447 -0.045352 -0.019036
-0.000974 0.003137 -0.049681
-0.060252 0.007080 0.004148
0.066408 0.027225 -0.008211
0.000742 -0.012875 -0.044523
-0.001810 -0.009677 -0.027278
0.045325 0.018365 -0.059603
-0.028887 0.010050 0.010545
-0.010806 -0.003214 0.002673
0.028520 -0.032064 0.001284
0.012254 0.009087 0.002842
-0.018173 0.009713 0.077024
0.043184 0.083774 0.013614
-0.037429 0.042173 0.034525
-0.009885 0.051788 -0.013795
0.047213 0.032688 0.000292
0.012818 0.046367 -0.034975
-0.024702 0.049144 -0.032971
-0.012268 0.054282 0.018159
0.028603 -0.046075 0.025629
0.057049 0.015708 -0.023709
0.061080 0.019506 -0.029792
-0.020738 -0.002104 -0.011196
-0.005080 0.017396 -0.051558
-0.065364 -0.049691 -0.049685
0.005132 0.044444 -0.019048
-0.091093 -0.005250 -0.021361
0.026645 -0.023597 0.053679
-0.031161 -0.004393 0.057255
-0.030282 0.040592 0.007217
-0.013528 -0.048411 0.000138
0.001618 -0.007943 -0.029696
0.013835 0.051954 0.077339
0.003267 -0.074901 -0.077601
-0.008564 -0.036329 -0.041691
-0.042070 0.061563 0.052692
-0.006505 0.015581 -0.046649
0.015084 -0.042330 0.069903
-0.010190 0.043050 0.051598
-0.011794 -0.002422 0.018346
-0.077540 -0.010711 -0.009397
-0.022607 0.025482 0.063082
0.070317 -0.040316 0.074980
-0.082979 -0.052755 0.015446
0.032675 0.019407 -0.057739
-0.024164 0.002769 0.034278
-0.011005 0.027147 0.067407
0.010990 0.041761 -0.007792
-0.071477 0.047664 -0.029155
-0.070745 0.037210 -0.017391
0.010208 -0.044246 -0.011017
0.026224 0.004653 -0.051375
0.010610 0.002881 0.045975
-0.009300 0.056946 0.048079
0.008175 -0.053702 0.038180
0.070765 0.018850 0.027073
0.020964 0.052025 0.021572
-0.051589 -0.010519 -0.027160
0.027491 -0.065042 0.029724
0.068940 0.019873 0.016459
-0.014123 -0.051070 0.004175
-0.061880 -0.006383 -0.038791
-0.038991 -0.005289 -0.020449
-0.008133 0.038836 0.031930
0.032658 -0.060132 0.017880
0.013484 0.005757 -0.018695
-0.035698 -0.022213 -0.015898
0.079412 0.002638 0.013190
0.003212 0.050861 0.045326
0.068514 -0.021808 -0.013973
-0.026368 0.065172 -0.009171
-0.014939 0.033571 0.013838
0.015359 -0.004423 0.081227
-0.051032 0.029033 -0.013468
-0.026630 0.009982 0.040515
0.000221 -0.013468 0.020944
0.016223 -0.037614 0.045353
-0.083409 -0.005257 0.002921
0.011625 -0.038760 0.031786
-0.040700 0.029960 -0.071720
-0.006134 -0.045894 -0.028541
0.044594 -0.073836 0.017317
0.039664 0.022499 -0.033472
0.019596 0.024362 -0.015706
0.000244 0.041311 -0.000925
0.003801 0.024569 -0.000300
-0.024239 -0.060262 0.016462
-0.046075 0.028666 -0.029282
0.082928 0.018114 -0.004861
0.002167 -0.049388 -0.065459
0.037541 0.034786 -0.010692
0.046656 0.041140 -0.001715
-0.045147 -0.006459 -0.035287
-0.007020 -0.023034 0.055643
0.012424 0.074308 0.002430
-0.003533 0.059093 0.013729
-0.042334 0.026995 0.052812
0.006578 0.111792 0.065318
0.007519 0.019360 0.034927
0.030863 0.003436 -0.027586
-0.034884 0.048020 -0.027233
-0.038131 -0.021223 -0.000692
0.036849 0.021888 -0.066327
0.026759 0.028939 -0.026705
-0.031454 0.011033 0.005295
0.063743 0.019196 -0.033304
-0.020550 -0.059759 0.002012
0.004512 0.012684 -0.062987
-0.009037 0.016105 -0.029579
-0.004969 0.002516 -0.005406
0.060625 0.006478 -0.027792
-0.010871 0.077890 0.043279
-0.052988 -0.017441 -0.042842
-0.058097 0.054966 -0.012599
-0.042743 0.035977 0.022318
-0.007880 0.069337 -0.036918
0.013911 -0.062777 0.006600
0.042818 -0.050515 0.024947
-0.058711 0.025337 -0.018451
0.066015 0.075298 0.075664
0.010910 0.055741 -0.012512
0.015079 0.047149 -0.051131
-0.074848 -0.021429 0.020137
0.052914 0.058544 -0.044600
-0.019795 -0.020115 0.012661
0.016469 0.023204 0.026251
-0.055028 -0.022822 0.030219
0.008247 0.076132 -0.021662
0.011110 0.023277 -0.007170
0.005650 0.021594 -0.027350
-0.018223 0.002177 -0.024721
-0.057127 -0.049593 0.044551
-0.000320 0.028584 0.012851
-0.009779 0.065153 -0.007122
-0.024122 -0.021851 -0.003198
-0.004673 0.031779 0.006428
0.032690 -0.058489 -0.042974
0.073912 0.023838 -0.004900
0.012573 0.017311 -0.021085
0.048359 -0.049799 -0.007293
0.067410 -0.035982 -0.031854
-0.030259 -0.017083 0.056729
0.019900 -0.042423 0.020675
-0.046659 -0.032147 0.063166
-0.034291 -0.022640 0.077246
0.015304 0.040071 -0.037392
-0.002267 0.029139 0.003240
-0.011639 -0.030622 0.011328
0.016823 -0.048213 -0.074642
0.034787 -0.090427 0.018014
-0.086013 0.033674 0.025231
0.023059 -0.007492 -0.021292
0.018251 -0.051152 0.128910
-0.015328 -0.027456 0.002635
-0.017659 0.015301 -0.021859
0.010390 0.015356 0.031616
0.063008 -0.010227 -0.047332
-0.021777 0.013451 -0.039116
-0.031319 0.028373 0.048026
-0.011809 -0.024551 -0.002134
-0.024422 -0.022714 -0.053564
0.012362 0.042617 0.032654
0.057859 -0.009901 0.004197
0.066281 -0.040083 -0.053792
-0.019201 0.023076 0.013692
-0.008034 -0.010614 -0.059730
0.005671 0.014409 0.037472
0.050145 -0.020775 -0.026029
-0.027481 -0.040866 0.056030
-0.061055 -0.030809 -0.047036
0.020259 -0.000119 0.005140
0.000535 0.002978 -0.060665
-0.002928 0.049254 -0.000432
0.007719 0.084148 -0.065487
-0.010907 -0.062137 -0.068010
-0.005190 -0.039630 0.028317
0.009934 0.044329 0.006332
-0.011126 -0.022757 -0.001285
0.033446 -0.000415 0.000266
0.001607 0.005048 0.016683
0.009164 -0.041958 -0.022581
-0.078282 0.064585 -0.060931
-0.017429 -0.031872 -0.016517
-0.003169 0.033809 0.061014
0.004405 -0.008058 -0.013306
0.014874 -0.006139 0.001031
0.048557 0.082743 0.004460
0.030807 -0.023147 -0.063529
-0.012551 0.006576 0.016724
0.075799 -0.024799 -0.012804
0.029183 0.001541 0.043398
0.009794 -0.019259 -0.000280
0.011906 -0.029655 0.024216
-0.009723 0.016742 0.063248
0.007259 -0.031347 -0.128819
-0.046761 -0.042204 0.012083
0.008436 0.059746 0.064786
-0.049430 -0.035023 0.015237
0.080085 -0.018498 0.007289
-0.013808 0.031729 0.017090
-0.023875 0.030922 0.020707
0.086486 0.033201 0.012858
-0.055201 -0.009697 0.028691
0.036990 -0.022428 -0.015794
-0.031109 0.002201 -0.072003
0.003363 0.033397 -0.068765
0.002217 -0.041779 -0.003869
-0.034860 0.016924 -0.014791
-0.024499 0.048766 0.048703
-0.049870 0.002086 0.004890
0.073286 0.089277 0.023233
-0.028405 -0.029905 -0.020003
0.025203 0.035891 0.004657
0.063091 -0.012523 0.010191
0.010199 -0.034899 -0.009964
-0.082189 0.022705 0.021543
-0.027562 -0.034413 0.073159
0.019868 -0.039604 -0.018441
0.040183 0.028123 -0.035157
-0.012251 -0.042453 -0.001871
0.006830 0.071897 -0.023352
-0.019022 0.009465 0.001638
-0.002809 0.050331 0.034168
-0.003951 -0.051418 0.070964
-0.021669 0.054786 0.040013
-0.012696 0.114820 -0.040086
-0.021297 0.019467 -0.006384
-0.066217 -0.035137 0.023130
0.017818 0.053352 -0.013795
-0.034863 0.026928 0.061938
-0.077908 -0.043517 0.008718
0.029587 0.003907 0.041392
0.011891 0.051879 0.007616
-0.113061 -0.039463 0.014009
-0.019103 0.003046 0.000169
0.014338 -0.043487 0.015743
-0.013633 0.016574 0.009121
-0.042015 -0.046227 0.039132
-0.047573 0.012243 -0.078226
0.051851 0.023037 0.014114
-0.048710 -0.008921 0.052918
-0.003535 -0.018629 0.035626
0.039676 -0.018170 -0.022949
-0.014499 0.064058 -0.030406
-0.042381 0.021464 -0.039350
-0.016151 -0.007484 -0.004676
0.072714 0.040594 -0.048211
-0.043654 -0.029313 -0.002344
0.031617 -0.018852 -0.033860
0.020060 -0.023966 -0.042060
-0.021026 0.001473 -0.028746
-0.014180 0.017910 0.000311
-0.001088 -0.034857 -0.010440
0.024939 -0.012690 0.006476
0.015082 -0.023732 0.062345
-0.075201 -0.018154 0.016463
0.004062 0.021890 0.008736
-0.055552 -0.029670 -0.002870
-0.046758 0.034419 0.015641
0.007693 0.038236 0.091425
0.028564 0.002840 -0.002789
0.002449 0.004992 -0.071821
0.020540 -0.073836 -0.022570
-0.020743 0.031292 0.003304
0.006068 -0.072986 -0.018110
-0.081258 0.020389 0.022991
-0.005914 -0.089828 -0.031160
0.039204 -0.043847 0.041778
-0.022144 0.046488 -0.026278
0.029868 0.019433 -0.089258
-0.014001 -0.002281 0.061394
-0.033559 0.002767 0.035011
0.039277 0.007744 0.021462
-0.015932 0.004975 -0.054698
-0.002647 0.083917 -0.029430
-0.052627 0.015468 0.082282
0.016587 0.014678 0.085536
0.052539 0.028066 0.010297
0.036774 -0.013088 -0.042621
0.031064 0.046773 0.009081
0.059087 0.011232 0.035530
-0.005253 0.027032 0.048783
-0.007686 0.056997 -0.002469
-0.032102 0.068213 0.049812
0.009449 0.002516 -0.020313
-0.029194 -0.008843 0.048123
0.015610 0.009189 -0.031681
-0.048388 -0.043895 -0.052223
0.057301 0.039242 -0.004079
-0.002448 0.052053 0.010017
-0.033577 0.001532 -0.002544
0.078364 0.015144 -0.017484
0.046669 -0.043267 -0.026552
-0.024516 -0.033845 -0.025056
0.065639 0.058492 0.024944
0.008293 -0.045619 -0.002104
0.001623 -0.048063 0.038748
-0.015697 -0.019753 -0.084886
-0.040685 0.014920 -0.017679
0.038937 0.040959 0.028723
-0.041255 -0.089712 -0.011417
-0.004711 -0.024931 0.020639
-0.029147 0.008079 -0.009747
-0.005728 0.008140 0.003445
0.009148 0.047773 0.004282
0.067435 0.021267 0.007864
-0.010837 0.030625 -0.030954
-0.039307 0.043277 -0.000954
0.010933 -0.006696 -0.121602
0.046098 -0.026262 -0.009499
0.048179 0.026818 -0.031639
0.054381 0.049757 -0.031121
-0.001302 -0.030048 -0.034226
0.030830 0.016571 0.058904
-0.003962 0.012787 -0.008718
0.027250 0.030113 -0.093022
0.059743 -0.009061 -0.048851
-0.042784 0.000216 -0.004774
-0.055974 -0.025372 -0.030115
-0.053048 0.039359 -0.040608
0.024287 -0.010900 0.001318
-0.072977 0.012628 -0.027278
0.027506 -0.064424 -0.083293
0.013483 -0.037414 -0.019493
-0.048467 -0.042753 0.010781
-0.048578 -0.016956 -0.039676
-0.040381 0.002183 0.058670
0.028629 0.025383 0.022198
0.057402 0.021495 -0.037759
-0.051439 0.009046 0.000229
0.021289 0.049111 0.022423
-0.045379 0.004413 -0.004566
0.022066 0.022280 0.017084
0.028651 -0.046088 -0.069363
-0.059165 0.019583 -0.021807
0.036643 -0.009445 0.022762
0.002247 0.016992 0.004769
-0.072536 0.001377 -0.109039
-0.020557 0.011610 0.026831
-0.044315 -0.018033 0.089446
0.044699 -0.035665 -0.018050
0.001918 -0.102487 0.030807
-0.050274 0.026904 0.044700
0.048308 0.030808 0.040428
0.035021 -0.056584 -0.044030
0.070333 0.006580 0.064022
-0.089388 -0.044988 -0.046071
-0.010352 -0.018264 -0.016314
-0.034626 0.039697 0.045743
-0.039055 -0.087696 0.051957
-0.052934 0.014705 0.052985
-0.092804 0.001753 0.031194
0.023144 -0.032727 -0.019197
0.008990 0.040180 0.067152
0.023913 -0.018487 0.024531
-0.044614 0.082359 0.026604
-0.066887 -0.003597 0.104894
-0.056191 0.084817 -0.018307
0.050303 -0.020154 0.014714
-0.020354 0.024272 0.074570
0.041641 -0.022342 -0.018499
0.011417 0.012192 0.036584
0.008048 -0.020321 0.033492
-0.047745 -0.017821 -0.019353
-0.003494 0.043921 -0.037518
0.099408 0.010851 0.067636
-0.003710 0.019587 -0.083457
0.054882 0.019397 0.021015
0.077871 0.044091 0.058407
-0.022489 -0.022055 0.047208
0.056827 0.004828 0.011606
0.032490 0.042119 -0.030315
0.088427 0.044191 0.032645
-0.082731 -0.006244 -0.011129
0.012671 -0.045994 -0.013534
0.114096 0.033862 -0.067291
0.027316 0.011485 -0.003257
-0.066520 0.052872 0.039599
-0.041027 -0.021439 0.042412
0.005918 -0.048176 -0.023386
0.049484 0.025731 0.051371
-0.015036 0.045330 -0.031611
-0.062428 0.039228 0.014787
-0.042111 0.005060 -0.037192
-0.002118 0.029768 -0.010880
0.012477 -0.077822 0.002078
-0.019698 0.063613 0.030613
0.024935 -0.057407 -0.006641
0.004993 -0.004076 0.031615
-0.046750 0.020609 0.009801
-0.040424 0.003336 -0.059439
-0.029674 0.087721 -0.083039
-0.017618 0.025605 -0.009035
0.047810 -0.028987 -0.050928
0.020339 0.006701 -0.044957
0.051900 -0.033648 -0.022635
-0.002018 0.002290 -0.001561
0.010447 -0.050467 0.009722
-0.018534 -0.016905 0.024908
-0.001293 0.032478 -0.020972
-0.033328 0.012500 -0.019673
-0.048047 -0.060392 -0.007684
