# 参数名称：backbone.features.18.1.running_var
# 参数形状：(1280,)
# 参数数据类型：float32
# 参数值（保留6位小数）：
0.447271
0.496756
0.410102
0.375213
0.450949
0.349685
0.389412
0.356994
0.293416
0.406516
0.305788
0.330079
0.492788
0.272199
0.261346
0.247802
0.526616
0.332484
0.222899
0.425145
0.304639
0.459132
0.409073
0.288083
0.405641
0.439219
0.309505
0.341370
0.288829
0.349828
0.277914
0.246324
0.347650
0.536466
0.365740
0.350810
0.281168
0.381767
0.416586
0.297256
0.322529
0.402431
0.386505
0.436397
0.447160
0.483960
0.320239
0.296730
0.327079
0.296880
0.382776
0.649024
0.380895
0.291808
0.429462
0.357678
0.335951
0.482225
0.235849
0.321835
0.463228
0.316255
0.316515
0.263357
0.381675
0.456341
0.532447
0.317565
0.435493
0.350700
0.328916
0.480041
0.542567
0.226326
0.309416
0.298505
0.399841
0.427216
0.260535
0.326635
0.367463
0.465730
0.248451
0.262414
0.380648
0.709257
0.248089
0.415364
0.387844
0.433015
0.526487
0.429286
0.317845
0.322803
0.423100
0.523656
0.329136
0.290037
0.428837
0.320421
0.321046
0.541527
0.292390
0.424087
0.416153
0.331005
0.355512
0.251592
0.466557
0.291770
0.223422
0.339726
0.367195
0.468980
0.462201
0.370742
0.325400
0.406942
0.427439
0.292326
0.375596
0.349977
0.564196
0.290561
0.386658
0.370827
0.420642
0.390225
0.445067
0.419884
0.271694
0.231807
0.247352
0.311840
0.365138
0.308097
0.406687
0.330346
0.292867
0.444370
0.326400
0.298389
0.331636
0.371619
0.350986
0.294963
0.447931
0.319977
0.265561
0.325961
0.326461
0.260324
0.248765
0.395974
0.312940
0.303960
0.468443
0.388390
0.331838
0.341148
0.438059
0.298970
0.344999
0.393979
0.381155
0.758639
0.405290
0.434223
0.336702
0.472954
0.360851
0.311365
0.266405
0.345253
0.339761
0.293927
0.334426
0.288306
0.315311
0.331884
0.566519
0.309485
0.347671
0.245089
0.463136
0.334606
0.342436
0.381540
0.301043
0.565991
0.446365
0.396631
0.337498
0.324502
0.347388
0.610735
0.379478
0.392457
0.480205
0.361479
0.266390
0.404221
0.458729
0.376175
0.232672
0.240156
0.557061
0.330306
0.303814
0.286109
0.283046
0.462460
0.342886
0.410627
0.365289
0.388564
0.491729
0.507844
0.300832
0.372012
0.346836
0.255262
0.342530
0.362154
0.521094
0.357004
0.273214
0.319891
0.331015
0.283944
0.674346
0.304643
0.614717
0.287336
0.343499
0.397976
0.312797
0.220599
0.398615
0.460943
0.385226
0.251348
0.326552
0.296356
0.729811
0.263687
0.377986
0.431832
0.622892
0.499795
0.385420
0.260188
0.328970
0.360412
0.260768
0.489357
0.212306
0.389452
0.305151
0.276098
0.304284
0.720156
0.502246
0.373259
0.292229
0.403906
0.302240
0.573657
0.517893
0.323772
0.312859
0.434076
0.465023
0.425760
0.388866
0.427691
0.422661
0.350664
0.321926
0.288299
0.417629
0.371388
0.355582
0.363870
0.427860
0.361513
0.287182
0.362720
0.258167
0.323246
0.409894
0.531536
0.390425
0.457431
0.395458
0.373131
0.295163
0.546373
0.287182
0.337185
0.447881
0.264129
0.382986
0.478923
0.387937
0.609816
0.277777
0.544360
0.410560
0.390048
0.330015
0.392718
0.842613
0.329424
0.278080
0.281112
0.461524
0.458477
0.247210
0.332864
0.500476
0.451070
0.333294
0.270652
0.282245
0.350176
0.363441
0.538903
0.419060
0.376125
0.280261
0.245614
0.448644
0.305749
0.531493
0.474945
0.304098
0.270733
0.331176
0.377823
0.377048
0.297502
0.348502
0.413060
0.344674
0.356775
0.303072
0.318264
0.361726
0.423161
0.260777
0.367286
0.364329
0.334196
0.222317
0.472786
0.587663
0.318214
0.236752
0.449476
0.467255
0.416396
0.333500
0.326160
0.314096
0.272841
0.246934
0.318336
0.340820
0.545331
0.417828
0.419173
0.270325
0.370855
0.495899
0.521259
0.405335
0.219314
0.385421
0.259153
0.350454
0.318924
0.463709
0.311034
0.374861
0.337258
0.376903
0.454862
0.329471
0.296656
0.241908
0.263451
0.414600
0.425747
0.309628
0.488438
0.274298
0.282707
0.293766
0.397999
0.355831
0.352207
0.344173
0.306687
0.508922
0.761965
0.426236
0.415302
0.293157
0.356790
0.569426
0.500000
0.334831
0.432556
0.398689
0.437933
0.381077
0.241380
0.374472
0.229501
0.407594
0.329175
0.549579
0.287184
0.419147
0.266563
0.398643
0.317794
0.365410
0.257438
0.377952
0.340918
0.296040
0.346059
0.782861
0.402670
0.404784
0.328172
0.297645
0.483497
0.437128
0.524149
0.374940
0.282832
0.296985
0.461624
0.364767
0.254739
0.314410
0.236781
0.266626
0.367420
0.362812
0.335530
0.225820
0.366214
0.279683
0.281949
0.340747
0.320301
0.288356
0.334102
0.378415
0.338568
0.356913
0.307610
0.479134
0.362741
0.262399
0.417308
0.319108
0.279650
0.233944
0.435568
0.353475
0.405928
0.318439
0.330001
0.225636
0.379783
0.318306
0.386874
0.244178
0.309581
0.389016
0.360492
0.376890
0.325574
0.412463
0.346008
0.411362
0.405256
0.359161
0.307079
0.426459
0.307259
0.386568
0.325302
0.546996
0.302749
0.309524
0.406991
0.359564
0.358934
0.317646
0.431211
0.293487
0.452094
0.550009
0.373707
0.253053
0.392465
0.633974
0.285695
0.477385
0.333827
0.322299
0.313480
0.392104
0.420548
0.524157
0.434097
0.432751
0.528102
0.511070
0.357985
0.274842
0.341084
0.318944
0.464965
0.351895
0.362927
0.327538
0.335594
0.222639
0.315373
0.524030
0.409160
0.616710
0.419190
0.305094
0.341247
0.359148
0.291200
0.300620
0.430166
0.479576
0.405656
0.273589
0.330604
0.353363
0.276400
0.312242
0.308136
0.397272
0.373365
0.366791
0.366877
0.302944
0.328957
0.467340
0.263322
0.402409
0.363903
0.356817
0.477701
0.553533
0.334220
0.276396
0.358889
0.391690
0.310626
0.345311
0.358541
0.406648
0.344707
0.283818
0.599536
0.276959
0.375021
0.316874
0.311723
0.282089
0.553193
0.322635
0.326360
0.281665
0.253159
0.304152
0.377393
0.347346
0.912965
0.344150
0.515935
0.747796
0.397391
0.344756
0.489794
0.378404
0.375302
0.663985
0.357634
0.279755
0.289832
0.369526
0.322318
0.291141
0.415263
0.205699
0.377416
0.450991
0.443958
0.258079
0.353997
0.397651
0.448829
0.478126
0.384526
0.294178
0.316209
0.773165
0.217339
0.252040
0.365909
0.324156
0.398490
0.325285
0.368249
0.309270
0.402567
0.604768
0.327682
0.246560
0.535362
0.356002
0.493704
0.283654
0.342118
0.250141
0.443442
0.305569
0.356740
0.337544
0.336187
0.368166
0.393150
0.275913
0.343673
0.365034
0.427630
0.342190
0.326911
0.352285
0.275421
0.332504
0.355532
0.401281
0.333892
0.534589
0.340247
0.459195
0.411945
0.336788
0.496536
0.259091
0.427595
0.472007
0.484653
0.287694
0.317721
0.379974
0.396781
0.395799
0.441151
0.458375
0.584050
0.349649
0.291613
0.452064
0.309076
0.340469
0.489245
0.513680
0.261920
0.318794
0.378212
0.476610
0.286333
0.314230
0.368912
0.338009
0.441872
0.368781
0.455766
0.550229
0.345396
0.381177
0.313007
0.850455
0.707544
0.313303
0.340408
0.253360
0.572094
0.272030
0.302407
0.711983
0.383740
0.449169
0.350649
0.315667
0.462359
0.451006
0.265152
0.246804
0.338063
0.442177
0.329288
0.432868
0.275236
0.360245
0.331520
0.372093
0.307575
0.369576
0.217906
0.370565
0.340515
0.343918
0.476969
0.377714
0.351898
0.266704
0.395344
0.355703
0.392846
0.404637
0.264295
0.231188
0.384140
0.293188
0.353313
0.245623
0.307486
0.360660
0.310957
0.221942
0.239573
0.347421
0.399005
0.343684
0.408632
0.484685
0.331479
0.225387
0.471386
0.375688
0.402299
0.392487
0.397920
0.484465
0.429346
0.349655
0.291219
0.474194
0.279654
0.446920
0.312949
0.354218
0.223124
0.645101
0.258623
0.290230
0.506876
0.312465
0.386178
0.356411
0.342316
0.287597
0.362272
0.429822
0.305607
0.725514
0.544524
0.314723
0.374030
0.242852
0.276767
0.562148
0.398687
0.728556
0.314299
0.315475
0.625747
0.526880
0.352949
0.229438
0.373365
0.282013
0.504257
0.481657
0.272117
0.342644
0.378998
0.466210
0.430368
0.402450
0.414850
0.412865
0.321431
0.236136
0.275878
0.383177
0.390444
0.332945
0.724818
0.254236
0.272622
0.370186
0.349415
0.297120
0.304178
0.291954
0.359068
0.315792
0.321654
0.391409
0.271213
0.354298
0.256305
0.385300
0.354640
0.260881
0.414392
0.451451
0.387072
0.387026
0.391133
0.626541
0.216922
0.449621
0.779359
0.359031
0.537122
0.385664
0.246427
0.292320
0.277187
0.423640
0.289424
0.289704
0.267036
0.485723
0.420532
0.249159
0.530394
0.301289
0.282566
0.357071
0.349933
0.272750
0.376343
0.329479
0.743587
0.552473
0.307454
0.188687
0.254527
0.303606
0.318465
0.430149
0.619668
0.280785
0.243293
0.396938
0.487127
0.318927
0.386242
0.485405
0.406050
0.600122
0.310397
0.358268
0.474830
0.347011
0.330369
0.338679
0.284042
0.626260
0.344862
0.351486
0.214908
0.372232
0.565766
0.294876
0.376911
0.572433
0.523438
0.385097
0.621054
0.382899
0.303789
0.254684
0.382934
0.329318
0.395238
0.321290
0.373409
0.462071
0.314631
0.372696
0.302707
0.351476
0.493387
0.334665
0.324905
0.337128
0.393056
0.237447
0.283760
0.408888
0.365824
0.265644
0.293736
0.235428
0.505787
0.392829
0.333503
0.348248
0.599973
0.266400
0.347596
0.312220
0.274655
0.357840
0.341223
0.619562
0.393917
0.289424
0.291286
0.284727
0.644631
0.397422
0.314006
0.391168
0.342801
0.234435
0.326850
0.354785
0.296317
0.357532
0.333645
0.239940
0.342349
0.366694
0.327426
0.351182
0.434836
0.483701
0.381867
0.347298
0.412230
0.283333
0.407660
0.319112
0.404081
0.299520
0.385877
0.462862
0.387205
0.645234
0.284429
0.394251
0.389359
0.382581
0.422379
0.776036
0.335016
0.396796
0.321102
0.306332
0.346802
0.405516
0.450445
0.321841
0.284998
0.318664
0.452904
0.454584
0.337399
0.309873
0.361633
0.577685
0.236003
0.259580
0.392015
0.333424
0.332318
0.923852
0.390318
0.372492
0.319411
0.286991
0.349451
0.257619
0.307981
0.286230
0.432747
0.390522
0.309948
0.477436
0.414573
0.296212
0.328974
0.455641
0.603726
0.297229
0.394712
0.312240
0.345163
0.224504
0.597407
0.234247
0.271041
0.417870
0.365836
0.405181
0.594388
0.284573
0.327018
0.333467
0.347332
0.290526
0.353855
0.343830
0.275017
0.346164
0.370268
0.389285
0.346397
0.444977
0.356308
0.279859
0.302930
0.623312
0.300319
0.307132
0.355608
0.288508
0.352049
0.471605
0.285514
0.292581
0.338733
0.342339
0.282721
0.363057
0.412618
0.328509
0.504809
0.465701
0.408186
0.283152
0.311528
0.386685
0.283082
0.485313
0.280731
0.355235
0.273478
0.660349
0.407431
0.263557
0.367772
0.294457
0.260694
0.240267
0.326222
0.454958
0.655697
0.356447
0.294324
0.364232
0.328114
0.279677
0.316092
0.310076
0.329524
0.398681
0.348340
0.481789
0.326774
0.341596
0.416986
0.282738
0.286721
0.283832
0.451030
0.274656
0.432122
0.396573
0.323437
0.328950
0.357096
0.334327
0.283291
0.322002
0.448410
0.435935
0.363410
0.495142
0.280785
0.294465
0.306640
0.270627
0.235439
0.375608
0.505721
0.415120
0.590232
0.362101
0.404214
0.420034
0.433125
0.409794
0.319661
0.471655
0.348104
0.407926
0.308665
0.324888
0.258863
0.408488
0.272382
0.238320
0.310848
0.305624
0.384917
0.596369
0.237858
0.331929
0.264672
0.266228
0.389823
0.290592
0.242936
0.407027
0.449366
0.337747
0.418108
0.308598
0.373384
0.255826
0.252672
0.436548
0.303279
0.309801
0.578649
0.286708
0.267454
0.298621
0.388893
0.373844
0.323309
0.318674
0.355855
0.274403
0.671633
0.474505
0.318434
0.318294
0.359123
0.299788
0.333093
0.419236
0.235899
0.421424
0.326651
0.457327
0.409172
0.248459
0.383852
0.430931
0.389116
0.380474
0.382160
0.409155
0.403575
0.280089
0.514703
0.392058
0.598019
0.260064
0.525580
0.434210
0.410726
0.377138
0.394543
0.400180
0.345856
0.346516
0.266983
0.319073
0.299950
0.492022
0.337856
0.329403
0.369342
0.366515
0.365454
0.438389
0.391060
0.349430
0.302406
0.461323
0.204135
0.331001
0.225455
0.234245
0.335700
0.268869
0.346594
0.332732
0.405983
0.343895
0.392796
0.312709
0.265642
0.397992
0.350195
0.362334
0.290983
0.339182
0.443876
0.498925
0.277201
0.237904
0.585591
0.333800
0.389367
0.395296
0.279253
0.311456
0.371862
0.240562
0.692237
0.578118
0.254268
0.438369
0.409073
0.329911
0.371211
0.425355
0.487208
0.364961
0.259555
0.283937
0.463294
0.593555
0.291927
0.256048
0.304706
0.354349
0.266805
0.489520
0.401172
0.415228
0.319582
0.281705
0.627493
0.719117
0.489047
0.308006
0.461594
0.341056
0.382098
0.358884
0.393999
0.459327
0.342889
