# 参数名称：backbone.features.15.conv.4.bias
# 参数形状：(960,)
# 参数数据类型：float32
# 参数值（保留6位小数）：
0.001901
-0.007451
-0.002669
-0.004197
0.004727
-0.003275
-0.001896
0.001525
-0.002594
-0.000652
0.009519
0.000572
-0.006482
0.002698
0.002077
-0.001019
-0.003563
-0.001721
-0.002013
-0.002639
0.001482
-0.003224
-0.002455
0.003494
-0.002413
-0.001436
-0.002068
-0.002624
-0.005248
-0.005002
-0.002176
0.006303
0.009284
-0.000860
0.002138
-0.011613
-0.006782
0.005070
0.000304
-0.003302
-0.000551
-0.002484
0.001715
0.004245
0.001796
0.008597
-0.005362
-0.006350
-0.000746
0.006295
0.004866
0.001201
0.002597
-0.001661
0.001855
0.002076
-0.005913
0.007328
0.000318
-0.001046
-0.002469
-0.012273
-0.000867
-0.005133
-0.003533
0.000243
0.005387
0.000446
-0.009213
0.001099
0.001149
0.000215
0.000193
0.004920
0.001136
-0.015491
-0.001761
0.002903
-0.000660
0.001517
0.001007
0.000762
-0.009334
0.002447
0.011364
0.001868
-0.002187
0.000954
-0.004560
0.001963
-0.006622
0.007288
0.007777
0.007119
-0.006486
-0.017334
-0.002613
0.002001
-0.002239
0.010158
-0.004519
-0.002712
-0.004005
0.005287
0.004204
0.000570
-0.008620
-0.006244
0.014887
0.003883
0.007277
0.004026
-0.002631
0.001903
0.009406
-0.001326
0.004479
-0.001724
0.005042
0.000237
-0.012454
0.004584
-0.000435
-0.000045
-0.001478
-0.005662
0.003009
-0.000132
-0.000795
0.002732
0.004957
0.006146
0.005735
-0.002767
0.000852
-0.002626
-0.000838
-0.006182
-0.000261
-0.011491
0.001125
0.002402
0.001608
0.001511
0.001931
-0.000701
-0.004364
0.008941
0.000105
-0.004992
0.008193
-0.001105
0.000960
0.004034
-0.000274
-0.000912
0.004573
-0.002555
0.000707
0.001574
0.006426
-0.001694
0.010931
0.006200
-0.000095
-0.005783
-0.008051
-0.002788
0.005179
0.000792
-0.001476
-0.001642
-0.002645
-0.006138
-0.000643
0.003236
0.003049
0.001474
0.008299
0.004460
-0.000345
-0.005420
0.002875
-0.008425
0.002277
-0.004001
-0.000581
0.007521
0.002483
-0.001489
0.001893
0.007547
-0.003449
-0.007462
0.002723
-0.005674
0.005233
-0.010534
0.002624
0.002917
-0.002804
0.003348
0.003336
0.001820
0.000728
-0.002080
-0.009037
0.007240
0.004371
-0.001192
0.000724
0.001127
0.006900
0.008040
-0.003283
0.001452
-0.003381
0.002485
0.000558
-0.001861
-0.008152
0.005077
0.003142
0.003077
0.004128
-0.000790
0.001022
-0.000828
-0.003256
-0.008148
0.000931
0.001352
-0.003849
-0.000244
-0.004645
0.008912
0.003725
0.000684
-0.002239
-0.003548
-0.001803
0.000683
-0.001711
-0.000226
-0.010018
-0.000368
-0.006120
0.001745
-0.000471
0.010462
0.000499
-0.000045
-0.001882
0.009179
0.005839
0.009326
-0.003546
-0.004665
0.002369
0.002037
-0.001369
-0.001694
-0.014579
0.004480
0.000887
-0.005239
0.002362
-0.003798
0.001037
-0.000895
-0.001210
-0.000422
0.002184
0.007255
-0.001271
0.003825
-0.006395
-0.010734
-0.000191
-0.008897
-0.005374
0.005076
0.005531
-0.003748
-0.009411
0.001754
0.007501
0.003796
-0.003528
-0.000739
0.001570
-0.009451
0.001167
-0.000773
-0.011172
0.012111
-0.000771
0.003884
-0.004019
0.007667
-0.013426
0.000112
0.004546
-0.000274
0.000679
-0.004689
-0.008910
-0.000549
-0.000892
0.001008
-0.000871
0.004773
0.001033
-0.001498
-0.013676
0.001562
-0.007332
0.003882
-0.000633
-0.000042
-0.001020
-0.000159
0.005422
0.005652
-0.002287
-0.001315
0.007382
-0.001833
-0.004803
-0.002882
0.010500
0.000301
-0.000626
0.003454
0.006901
-0.001176
0.002646
-0.002677
0.000780
0.002296
0.003780
-0.006023
-0.001048
0.007105
0.002440
-0.004118
0.000615
0.002015
-0.001902
-0.009094
0.003830
0.001506
-0.004416
0.002499
0.004021
0.000380
-0.001604
0.004967
-0.013788
-0.001158
0.004961
0.002076
0.002060
0.001998
0.000703
-0.002233
0.000730
0.003786
-0.004465
0.003662
0.001116
0.002948
0.007182
-0.005017
0.000388
-0.004119
0.007218
0.000199
-0.001672
0.007418
-0.000885
-0.007019
-0.007481
0.000885
-0.000120
0.001450
-0.002398
-0.004159
0.003700
-0.008266
-0.007583
0.005765
-0.015387
0.007581
0.007227
-0.000801
0.005173
-0.007765
0.008140
0.005186
0.006558
0.002262
-0.005425
0.002990
0.004860
0.006948
-0.000146
-0.000960
-0.003121
-0.014437
-0.000992
0.003683
0.002267
0.007103
-0.007572
-0.001907
0.003397
-0.003999
-0.006184
-0.002038
-0.013565
0.007187
0.006042
0.000073
0.002443
0.003078
0.004586
0.001340
-0.005321
0.001045
-0.003979
0.000298
-0.000999
-0.003869
-0.002944
-0.005230
-0.000490
0.008644
-0.001693
-0.006814
-0.004237
0.000871
-0.003633
0.008415
0.002385
-0.000655
-0.004062
0.000108
0.005878
0.006232
-0.002486
-0.002188
-0.000684
0.000586
0.008777
0.000190
0.006405
0.005688
0.002878
-0.007494
-0.002843
0.002990
0.008128
-0.003970
0.002786
-0.002448
0.001136
0.000207
0.003307
0.002169
0.001904
0.003984
0.006396
-0.002676
0.004420
0.003997
0.003377
0.008856
-0.000117
0.000370
0.000980
-0.004358
0.001215
0.009112
-0.010103
-0.004701
0.003723
-0.006881
-0.004674
-0.000387
0.003504
-0.005280
0.003801
0.008257
-0.004481
0.003464
-0.002360
0.001377
-0.007879
0.005893
-0.005632
0.007400
0.001751
-0.008511
-0.002738
0.005408
-0.006282
-0.004129
-0.006398
-0.001306
-0.001576
-0.008861
-0.001310
-0.002349
-0.004671
0.001350
0.002936
-0.003602
-0.003945
-0.001344
0.003649
0.002271
-0.000106
0.002721
0.001119
0.006662
0.002678
-0.000377
0.000335
0.006359
-0.008603
0.004815
0.005019
0.002932
0.000094
0.001496
-0.008683
0.000415
0.008027
0.003217
0.002929
-0.012743
-0.003789
-0.008945
-0.001660
0.000717
-0.003060
0.001765
0.014173
-0.003184
-0.004172
-0.003038
0.000782
0.002348
-0.000873
-0.002151
-0.003430
-0.000619
-0.000699
-0.008216
0.002349
0.004680
0.005402
-0.000540
-0.001728
0.005984
0.002482
0.007625
0.000175
-0.003547
0.004664
-0.000233
-0.001348
-0.000992
0.001712
-0.009004
-0.001264
0.000434
-0.003018
0.001388
0.001755
0.007345
0.003992
0.002257
0.008182
0.002228
0.001548
-0.004509
-0.001252
0.003171
0.000850
0.004403
-0.005522
0.001450
-0.007604
0.002578
0.001802
-0.004386
0.005305
0.004614
0.007404
0.004709
-0.000754
-0.001781
-0.005748
-0.001406
-0.007533
0.000680
-0.009731
-0.013341
0.004203
-0.006392
-0.002219
-0.013551
-0.003161
0.004070
0.001365
0.001233
-0.005457
-0.000284
-0.002794
-0.001827
0.001076
-0.000701
0.004484
-0.001161
0.003797
-0.000310
0.001466
-0.000248
-0.002031
0.002380
-0.004876
0.004799
0.003179
0.002140
0.007293
-0.004621
0.002695
-0.005629
-0.001942
-0.007914
-0.005092
-0.005543
0.009496
-0.009968
-0.000410
0.001776
0.006141
0.004237
0.005895
-0.002237
-0.001145
0.002732
-0.002974
0.002423
-0.011007
-0.005335
0.000170
0.001785
0.004439
-0.005631
0.012311
-0.006352
0.006429
-0.008982
0.010626
0.005539
0.004767
0.003023
0.009835
0.004348
-0.005771
0.003280
-0.004594
-0.001231
0.006076
0.011211
-0.007077
0.004496
-0.005033
-0.002384
-0.004866
-0.009723
0.003695
0.001303
0.004165
0.002186
0.003906
-0.007651
-0.001823
0.004335
0.005304
0.003241
-0.004778
0.003076
-0.005292
0.000631
-0.005221
-0.007996
-0.008876
0.000491
0.003012
0.004240
0.001516
0.002335
0.001946
-0.001835
0.000530
-0.000837
0.003799
-0.001816
-0.004538
0.002324
0.000352
-0.002824
0.001499
0.003813
0.002525
-0.004010
0.004459
0.003265
-0.003495
-0.002530
0.003591
0.001029
-0.003919
-0.003129
0.005993
-0.003359
0.004635
0.002951
0.005002
0.002372
0.003116
0.001050
0.001172
-0.002362
-0.004108
-0.000434
0.004427
0.001273
0.004834
-0.004414
-0.000656
-0.001128
0.003398
-0.000746
0.002218
-0.000330
0.007913
-0.012146
0.004249
-0.005673
0.008040
-0.000889
0.000997
-0.008322
0.003132
0.003152
0.004675
0.001937
0.006671
-0.001007
-0.001046
-0.005359
-0.003580
-0.001803
-0.001768
0.009042
0.002022
-0.004424
0.001067
-0.008203
-0.007913
-0.003337
-0.001313
0.000229
-0.002521
-0.014859
0.001945
0.009470
0.006395
0.003526
0.001026
0.000449
0.009682
-0.009925
0.003752
-0.000229
-0.003255
-0.001891
0.004513
-0.004335
-0.006008
-0.006673
0.002224
-0.006144
-0.003020
0.003292
-0.002022
-0.000329
-0.000399
-0.000593
0.002892
-0.003528
-0.000119
-0.006655
-0.008659
0.007336
-0.005044
0.006554
0.000617
0.007250
-0.012016
0.002126
0.000738
-0.002287
-0.006551
-0.000648
0.003442
0.009815
-0.000950
0.003196
-0.011303
0.010221
-0.000859
-0.002241
0.001644
0.007121
0.003868
-0.005531
-0.004371
0.004812
0.002380
0.012013
0.007509
0.005071
-0.001123
0.000405
-0.004357
0.005797
-0.005163
0.006566
0.003534
-0.000439
0.002042
0.005299
-0.001369
0.000548
0.003343
-0.002243
0.001238
-0.005498
0.000398
-0.007079
0.000588
0.002287
0.005078
0.005519
-0.008141
0.004371
-0.005605
-0.000166
-0.005231
0.003078
0.004538
0.005232
0.009065
-0.002373
-0.007138
-0.001249
-0.000360
0.010424
0.001936
0.003840
0.002425
-0.003051
-0.000353
-0.006989
0.010972
0.006657
0.000221
-0.004802
-0.006810
-0.001481
0.000557
-0.003901
0.006108
0.007865
0.000475
-0.002311
-0.001048
-0.000739
-0.007220
0.002749
-0.005594
-0.006702
-0.005308
0.000269
-0.004644
0.001650
0.006458
0.002385
-0.007184
0.002404
0.004467
0.004324
0.002203
-0.001062
-0.000443
-0.009601
-0.008659
-0.002499
-0.006706
0.005737
0.006976
0.000269
0.001281
0.003452
0.003634
-0.001335
0.007444
0.003312
0.001414
-0.007752
-0.002587
0.002420
-0.002767
0.000532
0.002525
-0.004515
0.001176
-0.005429
0.003355
0.000403
0.000037
-0.004677
0.005526
0.002211
0.006859
0.002814
0.003119
0.002438
0.005638
0.004437
-0.002363
0.010622
-0.007680
0.003616
0.003140
-0.016059
-0.000406
-0.003242
0.003568
-0.008119
0.002377
-0.003633
-0.000379
-0.000713
