# 参数名称：backbone.features.11.conv.4.running_var
# 参数形状：(384,)
# 参数数据类型：float32
# 参数值（保留6位小数）：
0.004235
0.000657
0.000586
0.004240
0.001345
0.002356
0.001699
0.000692
0.003953
0.000512
0.001158
0.002688
0.002429
0.004958
0.001428
0.000805
0.002073
0.001175
0.003483
0.001060
0.001123
0.000313
0.001940
0.001356
0.001495
0.001509
0.002356
0.000422
0.003814
0.001087
0.002742
0.000899
0.006130
0.000849
0.001766
0.001349
0.001077
0.001994
0.001439
0.001491
0.000535
0.000887
0.001274
0.001457
0.000835
0.000647
0.003487
0.004356
0.000944
0.002083
0.000817
0.001757
0.002097
0.002298
0.004138
0.003785
0.001695
0.000557
0.002031
0.002305
0.001733
0.002199
0.001106
0.001123
0.000887
0.001306
0.001384
0.001782
0.003185
0.001540
0.001391
0.000593
0.000676
0.001662
0.001455
0.000601
0.000102
0.000962
0.000988
0.001368
0.003097
0.002324
0.002379
0.001480
0.003228
0.001295
0.003557
0.003631
0.000599
0.001832
0.001300
0.003223
0.003416
0.000624
0.000759
0.001038
0.001473
0.004746
0.003977
0.001112
0.002512
0.001673
0.001711
0.001017
0.000650
0.001159
0.001493
0.000697
0.001126
0.001063
0.000566
0.000573
0.001368
0.002961
0.005226
0.001184
0.001627
0.001110
0.000677
0.001545
0.001344
0.000626
0.001136
0.000802
0.000966
0.002266
0.001838
0.003705
0.000904
0.003960
0.000716
0.000876
0.000870
0.001117
0.001751
0.000644
0.004621
0.003491
0.000626
0.000456
0.002374
0.001061
0.000443
0.001539
0.002661
0.000883
0.002984
0.001401
0.002430
0.000814
0.000453
0.008448
0.003224
0.001405
0.001615
0.000637
0.002515
0.002044
0.002504
0.004941
0.002185
0.000494
0.003035
0.002944
0.000626
0.001897
0.002033
0.001082
0.002863
0.000160
0.000485
0.002127
0.000559
0.001512
0.000730
0.000229
0.000799
0.000882
0.003048
0.001546
0.000745
0.004425
0.002123
0.000712
0.001100
0.000621
0.000368
0.002758
0.002668
0.003638
0.000638
0.001332
0.000656
0.000801
0.000603
0.003308
0.002879
0.000622
0.002450
0.002766
0.000640
0.001811
0.003217
0.001997
0.000890
0.004310
0.002927
0.001080
0.000894
0.000525
0.002113
0.001651
0.001098
0.001333
0.001419
0.001328
0.009201
0.001828
0.000965
0.002875
0.001082
0.001044
0.001773
0.000389
0.001460
0.001278
0.000914
0.000337
0.001937
0.000316
0.001793
0.000412
0.001526
0.001540
0.001598
0.002320
0.000789
0.001072
0.001529
0.004152
0.002949
0.002620
0.000748
0.002629
0.001063
0.002176
0.000473
0.002467
0.000776
0.004840
0.003307
0.001956
0.001255
0.000671
0.000481
0.001940
0.003058
0.004094
0.000832
0.000439
0.003783
0.000762
0.002825
0.001086
0.002059
0.000548
0.002760
0.001203
0.000636
0.003450
0.000948
0.002433
0.001009
0.000845
0.001431
0.000696
0.001477
0.001130
0.001860
0.001412
0.000380
0.002314
0.000972
0.000733
0.002002
0.001911
0.001915
0.000864
0.000744
0.001804
0.001438
0.001004
0.001752
0.001165
0.001225
0.000683
0.001050
0.002368
0.000649
0.002299
0.003901
0.000636
0.002485
0.000161
0.002389
0.001645
0.000196
0.000779
0.000367
0.000866
0.001745
0.002388
0.000358
0.001619
0.000456
0.001374
0.000972
0.004188
0.001314
0.001580
0.003268
0.001664
0.001484
0.002032
0.000572
0.001552
0.001119
0.000531
0.002005
0.001033
0.002396
0.000933
0.003876
0.002881
0.000717
0.001027
0.000594
0.002025
0.001536
0.000219
0.001558
0.000889
0.000531
0.004318
0.001254
0.001593
0.000335
0.001645
0.001543
0.003042
0.001349
0.000836
0.001215
0.000456
0.002396
0.001823
0.003976
0.002495
0.002678
0.002720
0.000914
0.001019
0.002510
0.001800
0.000897
0.000926
0.000755
0.001110
0.002307
0.000834
0.003972
0.001071
0.000675
0.001546
0.001688
0.004133
0.001280
0.004277
0.002570
0.000911
0.003158
0.000294
0.002232
0.001306
