# 参数名称：backbone.features.8.conv.4.running_var
# 参数形状：(384,)
# 参数数据类型：float32
# 参数值（保留6位小数）：
0.000263
0.000757
0.000408
0.001302
0.003902
0.000667
0.001411
0.003080
0.001137
0.001980
0.000900
0.002887
0.001267
0.004637
0.002332
0.001514
0.000676
0.000956
0.001828
0.000880
0.000855
0.002942
0.011932
0.000196
0.000723
0.001587
0.000543
0.001084
0.000750
0.001876
0.005451
0.002268
0.001352
0.002011
0.003939
0.003096
0.001030
0.001113
0.001125
0.001355
0.000789
0.002707
0.000618
0.002169
0.001364
0.000483
0.001242
0.001046
0.001406
0.000192
0.000386
0.003225
0.000689
0.003390
0.001146
0.001766
0.002590
0.000934
0.001430
0.003419
0.001890
0.001180
0.008307
0.002251
0.002589
0.000711
0.001681
0.001975
0.002305
0.005921
0.003875
0.002539
0.002067
0.002101
0.002927
0.003741
0.000778
0.001010
0.001449
0.000435
0.000921
0.000537
0.001294
0.003947
0.001645
0.001021
0.001276
0.003106
0.001613
0.001886
0.001330
0.001002
0.002442
0.002313
0.004825
0.003006
0.003340
0.001881
0.000468
0.001879
0.002332
0.001240
0.003689
0.001759
0.002389
0.002540
0.001911
0.009702
0.003959
0.002149
0.001540
0.001197
0.000963
0.000828
0.000483
0.001924
0.001332
0.003607
0.001411
0.001514
0.002127
0.000350
0.001036
0.000717
0.001840
0.000491
0.001338
0.000810
0.004661
0.000498
0.002485
0.004054
0.001438
0.002400
0.001008
0.002296
0.004859
0.000544
0.001065
0.005034
0.000736
0.003537
0.001829
0.001278
0.001427
0.000961
0.000453
0.001410
0.001758
0.001045
0.002553
0.004669
0.000573
0.000639
0.009451
0.000881
0.002938
0.002872
0.000308
0.001526
0.003060
0.001365
0.001729
0.001157
0.004149
0.001733
0.000309
0.001774
0.000638
0.001188
0.002310
0.002467
0.001326
0.002172
0.005891
0.003604
0.002035
0.000576
0.000428
0.001967
0.002996
0.001742
0.000651
0.002371
0.000832
0.001884
0.000836
0.003229
0.001882
0.004848
0.000789
0.000450
0.002853
0.003660
0.004979
0.003755
0.001253
0.001323
0.001019
0.001549
0.002444
0.001051
0.000804
0.000247
0.001061
0.000594
0.006847
0.000860
0.001115
0.001901
0.002394
0.000482
0.000804
0.003117
0.001095
0.000983
0.002928
0.003868
0.000799
0.000856
0.000429
0.002928
0.002802
0.002571
0.003309
0.007313
0.000257
0.001441
0.001374
0.001574
0.002350
0.001861
0.002822
0.002125
0.003351
0.000718
0.000602
0.000682
0.000443
0.004695
0.000937
0.001815
0.000553
0.000944
0.000561
0.001730
0.001755
0.000987
0.003564
0.006568
0.000132
0.001231
0.001924
0.003051
0.001521
0.001872
0.000476
0.000313
0.000822
0.000951
0.001672
0.001077
0.001392
0.002020
0.003289
0.002411
0.002749
0.001192
0.000749
0.002329
0.000880
0.002012
0.002198
0.003706
0.001706
0.000880
0.003770
0.002708
0.001776
0.001564
0.001041
0.000687
0.003518
0.000720
0.003650
0.000948
0.000676
0.001181
0.001660
0.000678
0.001143
0.001258
0.001747
0.000953
0.001030
0.004426
0.005949
0.001148
0.001372
0.003133
0.002393
0.001031
0.001564
0.004529
0.000249
0.001032
0.001361
0.002362
0.001210
0.002573
0.001253
0.000557
0.001114
0.002135
0.002384
0.004952
0.001270
0.002383
0.002902
0.001870
0.001246
0.001150
0.001906
0.002009
0.000430
0.000755
0.001957
0.000559
0.001361
0.002873
0.001224
0.000875
0.001271
0.001224
0.000244
0.000882
0.002434
0.004199
0.002982
0.002428
0.002984
0.001016
0.002828
0.004083
0.000996
0.001353
0.002900
0.000988
0.001953
0.000634
0.000804
0.000854
0.003136
0.000862
0.001767
0.000775
0.002225
0.001949
0.002034
0.000633
0.001178
0.001728
0.002420
0.003721
0.001022
0.002612
0.000610
0.002685
0.000704
0.003518
0.005357
0.002241
0.000860
0.004127
0.000701
0.000786
0.000668
0.000931
0.000365
0.003379
0.001131
0.001862
0.002058
0.000312
