# 参数名称：backbone.features.10.conv.7.running_var
# 参数形状：(64,)
# 参数数据类型：float32
# 参数值（保留6位小数）：
3.301403
3.584049
6.890665
4.291555
4.300983
3.763593
3.748322
6.411876
5.776449
3.325408
6.084172
4.285419
6.430519
5.437876
5.380317
6.268998
4.482083
3.482722
4.382412
6.599011
3.320625
3.999425
8.061578
3.810685
5.207784
3.863554
3.253789
6.311130
4.222641
7.295256
3.026029
4.965807
4.131960
4.642825
3.892341
3.976077
3.920892
3.810458
5.485882
4.647192
4.725038
3.693238
3.346877
3.731650
4.893964
3.917574
4.104933
3.570204
3.325678
4.553796
3.698319
5.081906
5.530783
3.580313
3.430862
6.589374
4.424486
5.698497
5.629450
7.090832
4.744196
5.145014
6.050179
4.288755
