# 参数名称：backbone.features.9.conv.7.weight
# 参数形状：(64,)
# 参数数据类型：float32
# 参数值（保留6位小数）：
0.984413
0.979124
0.987051
0.992555
0.985566
0.991350
0.992087
0.991224
0.983530
0.983511
0.986559
0.983884
0.990830
0.987101
0.989637
0.988937
0.989319
0.991153
0.994354
0.979671
0.992914
0.986496
0.984726
0.992523
0.981759
0.979531
0.982386
0.993601
0.988780
0.985769
0.985311
0.982118
0.990412
0.988616
0.987242
0.988288
0.990014
0.990121
0.984717
0.985769
0.985144
0.988166
0.990424
0.986131
0.985833
0.983058
0.986194
0.982709
0.992725
0.982902
0.976732
0.987803
0.988636
0.986278
0.985372
0.996120
0.987794
0.987348
0.996654
0.988456
0.989242
0.991259
0.998075
0.983338
