# 参数名称：backbone.features.16.conv.3.weight
# 参数形状：(960, 1, 3, 3)
# 参数数据类型：float32
# 参数值（保留6位小数）：
-0.021023 -0.002771 -0.009276
0.006162 -0.027841 -0.015351
-0.000139 0.047330 -0.001464
0.004714 -0.005697 0.013611
-0.000731 -0.009748 0.036344
0.026272 -0.017963 -0.018863
-0.007882 -0.002628 0.009190
0.001091 0.022678 -0.000231
0.010826 -0.019741 0.022083
-0.009548 0.017293 -0.004877
-0.017454 -0.023707 0.023240
-0.010049 -0.015220 -0.008130
-0.018957 0.022322 0.005965
0.009238 0.010407 0.023841
0.001237 0.013534 -0.004405
-0.008873 0.002664 0.011631
0.038247 0.005543 0.005743
0.013855 -0.004772 0.017641
0.004012 0.008654 -0.005263
0.004192 -0.022930 -0.000991
0.015177 0.011834 0.001851
-0.004930 0.002147 -0.019886
-0.013004 -0.028901 -0.011080
-0.011839 -0.015128 -0.010382
-0.024717 -0.000551 0.023179
-0.013068 0.023389 0.001686
0.018891 -0.007341 0.014948
-0.013636 -0.014651 -0.005915
0.012162 0.004676 0.000015
0.006882 0.007409 0.013836
0.008502 -0.030715 -0.010560
0.005549 0.011990 0.000075
0.006161 0.010452 0.005610
0.000778 -0.004091 -0.005594
0.015308 0.036507 0.003940
-0.014168 0.009662 0.004385
0.006578 0.008994 -0.021790
-0.020059 -0.002421 -0.029687
-0.005622 -0.000308 0.008342
0.003501 -0.023666 -0.015452
0.007637 0.000586 -0.004854
0.014234 -0.027158 0.017862
-0.013261 0.014887 -0.009537
-0.026203 0.031905 0.014223
0.028238 -0.006202 -0.002484
0.010348 0.008850 -0.024174
-0.007520 0.013022 -0.009735
0.005400 0.011150 0.001646
-0.006825 -0.031078 0.018505
0.022937 0.013541 0.010922
-0.009056 0.024689 0.011900
0.008833 0.003731 -0.000049
-0.006255 -0.016449 -0.017534
0.007008 -0.010836 -0.037937
-0.025130 -0.001250 -0.014060
0.006508 0.020620 -0.012275
-0.002460 0.042450 -0.008530
0.006030 -0.023683 0.015444
0.009961 0.023310 -0.005546
0.025813 0.022177 0.005784
-0.008453 -0.036407 0.000333
-0.014936 -0.043767 -0.020626
0.009453 -0.022984 0.021992
-0.007364 0.007184 0.004503
0.003555 0.016561 0.005442
-0.018144 0.012726 0.019000
0.013704 0.023319 -0.021652
0.004347 -0.003163 -0.001792
0.005310 -0.013078 -0.006221
-0.012115 0.002553 -0.007073
0.010835 0.029699 0.013573
-0.002019 -0.004363 0.003932
0.021978 0.004856 0.010120
0.002265 0.019811 0.038528
-0.000289 -0.026270 -0.003230
-0.000418 0.000371 -0.002848
0.003407 0.024638 0.006141
-0.006954 0.013433 0.012541
0.005793 -0.016984 0.007204
-0.020646 -0.002522 0.020590
-0.009776 0.000228 -0.006648
0.013698 0.037101 -0.011284
0.001274 -0.000363 0.002175
0.002148 -0.001189 -0.000342
-0.026672 -0.006287 0.013148
-0.021701 0.014724 -0.010051
-0.016962 0.006950 0.007809
-0.016449 0.006719 -0.006869
-0.011804 0.000390 -0.015353
0.005287 -0.009056 0.015025
0.021440 -0.020876 0.010936
-0.011304 -0.020271 -0.015888
0.042008 -0.027434 0.026967
-0.002277 0.012989 0.002478
-0.024474 -0.011571 0.007415
0.016215 -0.007981 0.025850
-0.019235 0.004056 -0.016621
-0.006700 -0.035179 -0.012893
-0.013917 -0.000693 -0.029660
0.011664 0.015142 -0.001586
-0.016724 -0.009399 0.008033
-0.011961 -0.009726 0.019042
-0.017955 -0.002917 -0.003284
-0.009213 -0.000085 -0.008995
0.012738 0.004376 -0.000937
-0.021757 -0.006761 0.021079
-0.009743 0.004738 -0.033873
-0.014044 0.021495 0.010016
-0.009999 -0.016211 0.008280
-0.003139 -0.001180 -0.006369
-0.026165 -0.023028 -0.017986
0.006475 0.012273 -0.007647
-0.027347 -0.007681 -0.018985
-0.017063 0.012096 0.007555
-0.004241 -0.022816 -0.008230
-0.013895 -0.010438 -0.007824
0.004243 -0.006135 -0.014251
-0.012674 0.028622 -0.003186
-0.010097 -0.011322 0.003978
-0.030620 -0.015381 0.017172
0.020626 -0.015574 -0.011829
-0.014484 0.032196 -0.004730
-0.006790 0.003544 -0.011109
0.020513 0.006170 -0.001146
0.015104 0.003856 -0.013562
-0.018543 -0.009909 0.011345
-0.009653 0.006987 -0.006979
-0.014732 -0.009123 -0.007499
0.026890 0.004293 0.013696
-0.010148 -0.010404 0.002724
-0.004969 0.003868 -0.013425
0.034234 -0.006958 0.015469
0.018721 0.014181 0.031490
-0.007683 0.000139 0.029899
0.005277 -0.008504 -0.009814
-0.031630 0.010411 -0.026605
-0.013401 -0.005498 -0.001091
-0.000849 -0.009001 0.014034
0.029208 -0.003331 -0.005067
-0.030956 -0.000383 -0.020353
0.001978 -0.007219 -0.021460
0.010659 0.025786 -0.010079
-0.023979 -0.007674 0.020400
-0.018795 -0.005065 -0.006502
0.027375 -0.002693 0.016816
0.004571 -0.024792 -0.026267
0.002106 -0.008160 -0.018137
-0.003275 0.026673 0.016908
-0.000538 -0.030437 0.013157
0.008444 0.000528 -0.030030
0.006743 -0.019011 -0.023413
0.013876 0.029527 0.008873
0.013405 -0.010846 0.000902
0.023211 0.000635 -0.025255
-0.024355 -0.012719 -0.001800
-0.027898 -0.014034 -0.014733
-0.013998 -0.001018 0.019784
-0.016802 0.023898 -0.005540
0.005688 -0.002595 0.015889
0.008921 0.000971 0.014276
0.019008 -0.039434 0.009799
-0.002936 0.017681 -0.010765
0.007730 0.000846 0.020047
0.019840 0.023722 0.001184
-0.010395 0.003949 -0.014341
-0.005213 0.023749 -0.012466
0.030611 -0.009457 -0.006531
-0.022864 0.011987 -0.023328
-0.012058 0.018607 -0.011600
0.009201 0.022435 0.006073
-0.022202 -0.030010 -0.020716
0.007418 0.011677 0.004275
0.015578 0.002896 -0.019563
0.014035 0.006139 0.001108
-0.032313 -0.001851 -0.003225
-0.019473 0.009658 -0.004586
0.021628 -0.001757 0.028596
-0.008741 0.016523 -0.013070
0.004132 -0.008341 -0.000725
-0.021966 0.027836 0.020483
0.005891 -0.003456 0.011744
-0.015564 0.018505 0.019714
0.000852 -0.022472 0.004915
-0.006961 -0.011417 0.005977
0.006036 -0.029934 0.002740
-0.004117 0.022168 -0.007287
-0.007974 0.004752 -0.007071
-0.009352 -0.013249 0.004224
0.012435 0.002726 0.024472
-0.020881 -0.018807 -0.010099
0.012288 -0.001270 -0.019722
0.007672 -0.017903 -0.005300
-0.008640 0.011398 -0.010661
0.012805 -0.014360 -0.005121
-0.004623 -0.031027 0.014878
-0.016262 -0.029565 -0.016742
0.001552 -0.021670 0.002053
0.005715 -0.030254 0.015471
0.009998 0.029665 0.002639
0.008467 -0.011133 -0.001009
-0.007776 -0.000868 -0.011603
0.018952 0.019588 0.005160
0.013183 0.024404 0.006739
-0.000872 -0.008633 -0.010051
-0.010082 0.000215 -0.006223
0.003604 -0.033817 -0.002438
0.010787 0.016468 -0.016350
-0.006110 -0.030667 -0.002975
-0.014237 0.002817 -0.044148
0.010626 -0.013068 -0.007793
0.025313 -0.006987 0.014677
-0.005247 -0.009839 0.015370
0.023738 0.010161 -0.021348
-0.010454 -0.000379 -0.002508
-0.010227 -0.001409 0.012363
-0.015220 -0.000570 0.008900
0.012454 0.008107 -0.006069
-0.001727 0.001567 -0.010373
-0.030388 0.029582 -0.009762
0.008237 0.007136 -0.024344
0.017122 0.011217 0.007619
0.003882 0.012500 -0.021310
-0.021076 -0.007180 0.035011
0.000858 0.015455 -0.010171
-0.016043 0.000420 -0.044890
0.027402 0.015187 0.006979
0.006882 -0.013929 0.013277
-0.011385 0.018666 0.016904
-0.003515 -0.013324 0.009951
-0.023137 0.014917 -0.006591
0.003695 0.005901 0.023192
-0.018398 -0.014197 -0.010513
-0.002269 0.007729 0.033343
0.019032 -0.010970 0.017724
-0.015866 -0.023922 0.001522
-0.003979 -0.011558 -0.001418
0.002663 0.005354 -0.009129
0.025787 -0.005455 0.018315
0.012078 0.026734 0.004313
0.013286 -0.022572 -0.015076
-0.004287 -0.004246 -0.019012
-0.010335 -0.006567 0.011716
0.017366 -0.000399 -0.003060
0.007904 0.023412 -0.008762
-0.003823 -0.010594 -0.025536
0.009544 -0.010588 -0.020779
-0.028333 -0.011612 0.007987
0.020822 -0.018698 0.017800
-0.023476 0.022207 -0.033935
-0.029511 -0.000656 0.015992
0.001372 -0.004988 -0.005182
-0.004290 -0.026798 -0.014755
-0.001003 -0.001392 0.004308
-0.002783 -0.037477 -0.015264
-0.016938 0.029406 -0.013344
0.022332 0.017173 0.013295
0.005154 -0.020233 -0.008397
0.001529 -0.000765 -0.021553
0.002377 -0.000600 -0.006330
-0.032801 -0.001485 0.017841
0.000581 -0.033698 0.007095
0.001699 0.028468 0.020815
0.021412 -0.013950 0.015858
-0.006531 -0.001020 0.003723
-0.009417 0.035146 0.009855
-0.007706 0.001653 -0.018167
-0.022189 0.035067 -0.015549
0.048666 -0.001778 -0.020539
-0.008999 0.002456 -0.000514
0.001211 0.016971 0.015541
-0.003541 -0.009478 0.000798
0.022422 0.009542 -0.022820
0.000116 0.011447 0.006359
-0.003390 -0.020865 0.012987
0.019689 -0.021173 0.004396
0.006116 -0.018824 0.015811
-0.004122 -0.005584 0.022959
0.000101 -0.022868 0.001885
0.003528 -0.006152 0.016598
0.016078 0.010404 0.000132
0.001118 0.004376 0.002924
0.002349 -0.004267 0.009968
0.002786 0.033155 -0.015843
0.000710 0.001641 0.017388
0.011849 -0.031278 -0.005015
-0.014770 0.009367 0.009085
0.000795 0.011785 -0.012650
-0.000777 0.026253 0.025397
-0.004031 0.004103 0.004443
-0.013172 -0.005743 0.001610
0.012507 -0.012297 0.012860
0.013483 0.000124 -0.020781
-0.018640 -0.008241 0.016217
-0.023681 -0.005134 0.001476
-0.025650 0.022517 0.019211
-0.004431 0.032182 0.009741
0.010906 0.000670 -0.014033
0.007499 -0.005463 -0.003207
-0.006211 0.007728 -0.005521
0.012239 0.012528 -0.015615
-0.008491 -0.011690 0.025720
0.010878 -0.010366 -0.016873
0.012964 0.017000 -0.007334
-0.029368 0.008985 -0.003853
0.003834 -0.001410 0.013903
-0.010775 -0.019169 0.006709
-0.001317 -0.008768 -0.006732
-0.010506 -0.001554 -0.007267
0.023085 0.002044 -0.019062
-0.001533 0.003915 -0.030478
0.011455 -0.038267 0.010643
0.003276 -0.014222 -0.013025
0.003756 -0.033172 -0.011052
0.012653 -0.009318 -0.023513
-0.010202 0.007546 -0.026751
0.015756 0.004307 -0.005127
-0.015551 -0.003969 -0.002471
-0.013587 -0.003050 -0.008688
0.006431 0.006621 -0.015830
-0.003385 -0.010988 -0.027336
0.011168 -0.021455 0.015603
0.000354 0.004857 -0.005036
-0.019201 -0.016959 0.007430
-0.011980 -0.008372 -0.022261
0.007792 0.013375 0.010152
0.002384 -0.021301 -0.003109
-0.005087 -0.007471 -0.019726
-0.031370 0.002453 -0.011361
-0.005765 0.005102 0.008662
0.002071 -0.041698 -0.011902
0.009454 0.004330 -0.000284
0.004814 0.011733 0.007418
-0.003810 0.011149 0.010398
-0.004549 0.018050 -0.006636
-0.026751 -0.001818 0.001059
0.033253 -0.004275 -0.011467
-0.019633 0.003869 -0.009650
-0.001918 -0.002079 0.000487
-0.006333 -0.008924 -0.008536
0.011295 -0.020129 -0.024968
0.002909 0.010200 -0.016422
-0.006229 -0.004245 0.001198
-0.006591 0.005300 -0.007924
-0.008760 0.027366 -0.008158
-0.032115 -0.043540 -0.006125
0.013130 0.032013 -0.002945
0.002436 0.005149 -0.005695
0.002415 0.002708 -0.004907
0.017028 0.005164 0.037470
0.000559 -0.021415 -0.002523
-0.025833 0.003364 0.004078
0.005032 0.004459 0.000734
0.026131 0.005363 -0.013535
0.014916 0.006480 -0.017020
0.000332 -0.002520 -0.004150
-0.009358 -0.006159 -0.001065
0.030646 0.009032 0.016984
-0.000211 0.008896 0.001398
-0.022399 0.001759 0.011472
0.010635 -0.012728 -0.013348
0.002986 0.012426 -0.025921
0.028788 0.011949 -0.000578
-0.018978 -0.007490 0.001167
0.017848 -0.001348 -0.015967
-0.030405 -0.001611 -0.018697
0.010876 0.016340 0.005009
-0.013710 0.005157 0.013557
-0.001027 0.008193 -0.033780
-0.023144 0.013831 -0.009597
0.029858 -0.015264 -0.001419
-0.012089 0.024074 0.005481
0.001283 0.024377 -0.001714
0.022058 -0.003994 -0.019036
0.003015 -0.001909 -0.010178
0.032675 -0.000587 0.035897
-0.035901 -0.000901 -0.022225
0.006275 -0.002049 0.011778
-0.009136 0.000314 0.009698
-0.012751 -0.015415 0.012573
0.027855 0.027826 -0.002785
0.003938 0.030373 -0.001946
0.004674 0.009965 -0.017901
0.000053 -0.007224 -0.007360
0.016564 -0.024350 -0.018818
0.011985 0.000352 0.016717
0.020288 0.008202 0.018963
-0.001754 0.027863 -0.003388
0.015711 0.004079 -0.001444
0.012704 -0.016362 -0.004468
0.010158 0.002185 0.002276
0.001427 -0.017258 -0.014745
0.026073 0.010276 0.021368
0.003959 0.001392 -0.001314
-0.003238 0.005702 -0.006824
-0.010091 0.035406 0.014563
0.009161 -0.006087 0.008455
-0.003284 0.006149 0.009845
0.019575 0.020439 0.031564
-0.004847 -0.022755 0.008454
-0.003246 0.001240 0.020724
-0.012644 -0.024346 0.005654
-0.002398 -0.006383 0.012432
-0.006949 0.012046 0.028953
-0.002010 0.001852 0.022407
-0.001936 0.004510 0.017203
0.030262 -0.016336 0.004618
-0.005830 -0.000874 0.013545
0.006230 0.013414 0.021062
0.013971 -0.016479 -0.010822
-0.010049 -0.009835 -0.001947
-0.011311 0.000650 0.003354
-0.008151 0.014702 -0.005175
0.015726 -0.005472 0.021383
0.018245 0.012423 0.009953
0.009520 0.027245 0.002650
0.016138 0.015197 -0.031275
0.011789 0.027465 -0.006299
0.005329 -0.012227 -0.018205
0.003143 0.014503 0.006703
0.004525 0.033008 -0.002457
0.001578 0.009426 -0.006129
0.003047 0.019624 -0.018319
-0.010279 -0.017512 -0.022308
-0.011750 -0.003487 -0.014424
0.013122 -0.001816 -0.000382
-0.004650 0.002581 -0.012678
-0.003534 -0.000265 0.016309
0.012573 -0.004526 0.019675
0.026210 0.021204 0.011521
-0.043990 0.004248 0.017521
0.008677 -0.017815 0.018768
0.004957 -0.003682 0.006295
-0.033879 -0.006904 0.010324
-0.018202 -0.001706 -0.000482
-0.011288 0.018590 0.018616
0.003170 -0.013689 -0.007985
0.002799 0.017994 -0.010726
-0.023151 -0.004873 -0.013445
-0.044962 0.017556 0.007726
-0.024372 -0.003194 0.001561
0.012251 -0.012501 0.006734
0.004899 -0.005506 -0.016334
-0.000208 -0.004315 -0.002183
0.011269 -0.004146 0.010541
-0.005940 0.025261 -0.027419
-0.017540 -0.011187 0.000304
0.016877 -0.001938 -0.001126
0.013312 -0.005571 -0.004334
0.017713 -0.020221 0.015142
-0.004693 -0.006330 -0.008325
-0.034695 0.015901 -0.005928
-0.005479 0.015432 -0.021228
0.006943 0.002928 0.000359
-0.012996 0.021399 0.008548
0.028639 -0.024796 0.042017
-0.047806 -0.022716 -0.009381
-0.024669 0.017652 0.015840
0.010749 0.010164 -0.010576
-0.026990 -0.001219 -0.004032
-0.006260 0.005293 -0.013963
0.022997 0.011260 0.005261
0.018982 0.007272 0.010105
0.020484 0.014967 -0.013123
0.018245 0.009166 -0.004960
-0.004403 -0.004217 -0.018457
0.010903 0.009044 -0.006683
-0.003828 -0.022665 -0.007434
0.030444 -0.031753 -0.026209
0.008906 0.014921 -0.020752
0.011677 0.017423 0.014897
0.018905 -0.002681 0.008322
-0.014478 0.016897 -0.007455
-0.019429 0.001634 -0.003580
-0.008049 0.001485 0.035083
0.003735 0.029345 -0.013236
0.001450 -0.032031 0.007437
-0.005185 -0.011899 0.010170
-0.024185 0.014943 -0.019318
-0.001423 -0.005206 0.006297
0.022350 -0.002282 -0.003876
-0.021078 -0.011481 0.003538
0.003788 0.004397 -0.025087
0.005327 -0.024506 0.009732
0.002094 0.009582 0.003282
0.018889 -0.024003 -0.013020
-0.036469 0.003265 0.006258
0.007173 0.005091 0.013608
-0.003457 0.001166 0.004305
0.043884 -0.001233 -0.007659
0.018070 -0.021591 -0.015309
-0.003254 -0.014422 0.015985
-0.000350 -0.021008 -0.017971
0.007636 -0.000249 0.007325
-0.003241 0.013028 0.011517
0.005992 0.009687 0.015143
0.000897 -0.016390 -0.013808
0.008263 0.004461 0.022711
0.007869 -0.018695 -0.013559
0.002764 -0.014937 0.017421
0.011514 -0.001866 0.003315
0.028969 0.014838 -0.025453
0.004202 -0.018659 0.014963
-0.007804 -0.008421 -0.028732
0.008632 0.012640 -0.002177
0.003823 0.010214 -0.027614
0.005384 -0.005237 -0.009118
-0.004722 0.026571 -0.006096
-0.004290 0.000885 0.014368
-0.003008 0.010644 -0.010932
0.005785 0.003036 0.005752
0.005364 0.004029 0.005875
0.004521 0.021312 0.020970
-0.003633 0.016375 -0.000734
-0.016826 -0.000599 0.016957
0.025145 0.015755 -0.029664
0.025676 -0.006320 0.010430
0.002469 0.013739 0.002690
-0.023926 0.003481 0.021859
-0.015268 -0.009122 0.013071
0.007985 0.005829 0.016764
0.003458 0.006147 -0.016882
0.038440 0.017401 -0.001747
-0.000464 0.007109 -0.016670
-0.008137 -0.023018 -0.005853
-0.001294 -0.021950 -0.010497
0.029457 -0.007138 -0.000596
0.023003 0.001213 -0.018457
-0.011811 0.025865 0.011195
0.015101 -0.005313 0.021959
-0.012431 0.008547 -0.018507
-0.010162 -0.009709 0.009797
0.010745 -0.002815 -0.014402
0.006586 -0.015077 -0.008787
0.024678 0.008444 0.010145
0.006727 0.007697 -0.027728
-0.022267 0.012456 0.000119
-0.011606 0.006991 -0.002606
0.027397 -0.002260 -0.001342
-0.040554 -0.004556 -0.021333
-0.008958 0.020077 0.022327
0.002250 0.038335 -0.001958
0.004660 -0.017406 0.024141
0.007561 0.027464 -0.004502
-0.014017 -0.010895 -0.001653
0.015256 0.024731 0.024238
0.005127 0.002358 -0.000143
0.003867 -0.003469 -0.019014
-0.002943 -0.008279 -0.033000
-0.011357 0.000701 0.014860
-0.004808 -0.003826 -0.029921
0.007315 -0.031190 0.002972
0.009630 -0.002329 -0.000508
-0.003187 -0.016235 -0.032701
-0.003410 -0.023303 0.016707
0.004509 0.020401 -0.031560
0.028261 -0.019124 -0.003158
-0.007608 0.011254 -0.004320
0.009150 -0.020967 0.002856
-0.011541 -0.028513 0.027507
-0.006128 0.016039 0.009074
0.025261 -0.021916 0.003573
-0.031733 -0.001915 0.003029
0.004902 -0.001584 0.013204
-0.010775 -0.018508 0.021003
0.019473 0.016074 -0.038826
-0.013843 -0.005272 -0.013441
0.010660 0.002693 0.011536
0.001572 -0.023630 -0.017415
0.016895 -0.002347 0.016963
-0.020609 0.026065 0.027483
0.018215 0.017503 0.011603
0.016815 0.004723 0.017302
0.009648 0.020475 -0.007043
-0.032128 -0.018269 -0.013151
-0.009133 -0.003305 0.000771
-0.017773 -0.011914 0.021791
-0.003609 0.011948 -0.010653
0.014036 0.007885 0.008214
-0.005301 -0.011573 0.009923
-0.006676 -0.002686 0.008434
0.002299 -0.020996 -0.012181
0.003210 -0.011249 -0.014357
-0.018934 0.001200 -0.009685
-0.003618 0.008031 0.008752
-0.006929 0.017569 0.016187
-0.009894 0.008576 -0.000556
-0.012058 0.011345 -0.018987
-0.019366 -0.024827 -0.004868
0.005260 0.006280 0.005124
0.006177 0.005663 -0.011777
-0.004357 -0.001852 0.022177
0.007190 0.008388 0.026086
0.005214 -0.025998 0.023673
0.008648 0.005751 -0.008369
-0.001921 -0.012837 0.002998
0.014360 0.009324 -0.022056
-0.016255 -0.009328 0.009488
0.005343 -0.000389 0.002763
0.003549 -0.000602 -0.014784
0.003521 -0.034047 0.022880
0.043569 0.002172 -0.011873
0.033702 0.027089 0.001280
-0.009708 -0.000716 0.005583
0.000389 0.010334 0.007417
0.005353 -0.007596 0.023857
-0.013290 -0.022383 0.029112
-0.016049 -0.002592 -0.004851
0.015676 0.000709 -0.022284
0.018383 0.017408 0.006526
0.013538 0.002879 0.009314
0.015083 0.006601 -0.013820
-0.006667 -0.000017 -0.034664
-0.013797 -0.029208 0.019396
0.007659 0.010407 0.019687
-0.003159 0.002533 -0.001346
-0.015715 0.003345 -0.011342
-0.008776 0.008025 -0.006804
-0.010078 0.005355 0.006968
0.014373 -0.006845 0.026816
0.014931 0.008427 -0.011038
-0.002442 -0.001401 -0.020741
-0.000121 -0.014638 -0.005477
0.006077 -0.033302 0.017131
0.011838 0.021673 -0.002336
-0.028097 0.009076 0.001896
-0.003108 0.024916 -0.021323
-0.003446 0.009462 0.012377
-0.001767 -0.015914 0.000332
0.029275 0.002518 -0.009349
0.006398 0.011292 -0.033727
-0.021773 0.048136 -0.017856
0.023224 -0.010871 0.000511
-0.011616 -0.001686 0.010311
0.003403 0.017537 0.021946
0.005483 0.000644 -0.021273
-0.002789 -0.006502 -0.016583
0.011240 0.004390 0.012479
0.027477 0.011011 -0.007167
-0.004482 -0.014101 -0.002066
-0.019271 0.009420 0.029743
0.007153 0.004782 -0.021390
-0.003448 0.018250 -0.007851
-0.013989 -0.010476 -0.006636
0.012075 -0.007636 0.004102
0.002213 -0.011654 0.014758
-0.000922 0.010535 -0.006347
0.007502 0.029964 0.015617
0.021067 -0.044279 0.034467
0.002030 0.018322 -0.023068
0.018877 -0.004934 -0.002774
0.019165 -0.003168 -0.011485
0.000520 0.001954 0.011451
0.014774 0.017060 -0.002424
-0.001397 -0.006929 0.014739
-0.019152 0.029415 0.003906
0.004979 -0.023774 -0.003280
-0.012794 0.019962 0.004618
-0.007000 0.018154 -0.016439
0.003429 -0.017951 -0.013991
0.016771 0.023512 -0.008354
-0.026317 0.006724 0.009799
0.010540 0.021763 0.022203
-0.035590 0.008723 -0.001854
-0.003309 -0.000372 -0.013858
0.031642 0.016330 -0.012810
0.004453 -0.001195 0.000854
-0.017051 0.001104 0.014691
0.024465 0.023636 -0.004288
-0.009700 0.003986 -0.003421
-0.004486 -0.002930 0.016470
-0.011425 0.003618 0.017270
-0.027126 -0.002154 -0.043430
0.011372 -0.000441 0.002957
0.003645 0.024267 -0.006329
0.010245 -0.002450 0.017507
0.011182 0.021721 -0.022038
0.023172 0.020745 -0.021785
-0.040989 0.016280 0.000764
-0.011078 0.028646 0.015784
0.001422 0.014114 -0.022140
-0.008646 0.017605 -0.002355
-0.013847 0.009634 -0.025854
-0.002290 -0.010870 0.018007
-0.004847 -0.000541 -0.024198
0.016904 0.001570 -0.023125
-0.004090 -0.014776 0.006102
0.013001 -0.009433 -0.003157
-0.017012 0.010955 -0.000633
0.021444 -0.015399 0.019729
-0.015066 -0.023104 0.005748
0.011979 0.016782 0.000589
-0.012449 -0.009463 0.011966
-0.008569 0.012561 -0.020611
0.016779 0.009052 -0.011024
-0.001222 0.019113 0.006743
-0.009520 -0.013439 0.044129
0.023617 0.008094 -0.000507
-0.021822 0.003658 -0.017891
-0.017016 0.030622 -0.011514
-0.024469 -0.007645 -0.011917
-0.014435 -0.013795 -0.017367
0.011797 0.003224 -0.007974
-0.012388 0.001466 -0.009499
-0.015798 -0.001147 0.002803
-0.001227 -0.007633 -0.006898
-0.008273 -0.017672 0.037786
-0.019306 -0.008090 0.027743
0.008252 -0.022248 -0.021517
-0.011793 0.004778 0.003842
-0.018695 0.016444 -0.001567
-0.012524 -0.002431 -0.006996
0.008815 -0.021824 -0.007869
0.025317 -0.008086 0.024567
-0.013944 -0.005904 0.009579
0.020759 0.021021 0.004286
0.007598 -0.009920 0.023689
0.016112 0.018995 0.006423
-0.012070 0.009374 -0.029344
0.002829 -0.007293 0.000256
-0.002733 -0.009201 0.008860
-0.016315 -0.006697 -0.026426
0.004465 -0.029542 0.016427
-0.009371 -0.023748 0.012091
-0.005835 -0.005369 0.027602
-0.001985 -0.010601 -0.005479
0.008852 -0.018604 0.025574
0.013994 0.006515 0.001089
-0.025818 0.014744 0.006807
0.003366 -0.007185 -0.011989
-0.017189 -0.029461 0.017137
0.012023 0.018711 0.055820
0.018087 -0.005473 0.006164
0.022859 0.016071 0.022291
-0.017149 0.002410 0.005919
-0.004336 -0.001428 -0.007119
-0.019950 0.022508 0.011926
0.012997 0.007027 0.010329
-0.027396 -0.001666 0.017826
0.020505 0.007207 -0.005366
0.013828 -0.015447 0.001217
-0.021021 0.016143 -0.030129
-0.000699 0.005136 -0.027209
0.033362 -0.016534 -0.005932
0.009242 0.005965 0.024137
0.004529 -0.017038 0.012943
-0.000718 -0.000250 0.013972
0.007185 0.024892 -0.018694
-0.005067 0.018846 0.000302
0.034219 -0.021764 -0.000487
-0.004813 -0.013607 0.017993
0.010297 -0.010816 -0.046374
0.007094 -0.011886 -0.009003
-0.034039 -0.010709 -0.013756
0.007912 0.022549 0.013940
0.016260 0.004000 -0.002416
-0.009184 -0.009018 -0.001326
0.021544 0.029508 0.034097
0.003197 -0.022548 -0.015386
0.004014 0.026681 0.015706
-0.018248 0.010235 -0.008267
-0.016576 -0.040682 0.009340
0.015459 -0.008978 0.004949
-0.014604 0.004085 0.001126
0.014587 -0.001063 0.006870
-0.014759 -0.010722 0.003054
-0.002143 0.007079 -0.015868
-0.014716 -0.002725 -0.014818
-0.019062 -0.028197 -0.017620
0.013388 -0.017238 -0.013895
0.022302 0.000226 -0.040593
0.001425 -0.007349 -0.000751
0.012080 0.011583 0.021123
-0.008350 0.006937 0.037250
0.019134 -0.006201 -0.021112
0.004940 0.018924 -0.005390
0.020953 -0.003725 -0.001368
-0.012834 0.004623 -0.002020
-0.003956 -0.014563 0.011517
0.016239 -0.002268 0.009404
-0.008514 0.014188 -0.000273
-0.029221 -0.011893 0.029901
0.013491 -0.007586 0.012654
0.020180 0.017693 -0.017521
-0.019671 -0.014818 0.002399
-0.004302 -0.014973 -0.005538
0.020063 -0.015757 -0.010441
-0.006086 -0.010531 -0.009501
-0.000872 0.014942 0.003378
0.000795 0.020179 -0.006359
-0.002752 0.023803 0.017251
0.016085 0.011476 0.002774
0.011080 0.016473 0.022595
0.004003 -0.016084 -0.007414
-0.008168 0.017478 0.024470
-0.036337 -0.005305 -0.016435
-0.000479 -0.011602 0.002292
-0.000634 -0.009273 0.013670
-0.017486 -0.000186 -0.018913
-0.007842 0.001702 0.002670
-0.019453 -0.019823 -0.033357
-0.005862 -0.003653 -0.016823
-0.011537 -0.035457 -0.005414
0.005336 0.006238 -0.013679
0.001934 0.001140 0.005971
0.016456 -0.031197 -0.020511
0.003142 0.028881 -0.018343
0.002144 0.033126 0.024044
-0.012666 0.016622 -0.009612
0.014336 0.009160 -0.020222
0.015809 0.024016 -0.012708
0.004078 -0.007837 0.002555
-0.018050 -0.043584 0.016753
-0.015253 0.005297 0.000721
0.025854 -0.009458 0.008600
-0.011905 0.003804 0.005698
0.014317 -0.038433 -0.013734
-0.015914 -0.017632 -0.014935
0.005409 -0.003154 0.016597
-0.023753 0.001039 0.026664
0.004800 -0.029972 0.010557
0.021065 0.014466 -0.002967
0.029203 0.008068 0.002826
0.009180 0.006941 0.009729
-0.007678 -0.002339 0.032721
0.024057 -0.034485 0.018276
0.001094 0.016900 0.026869
0.010572 0.007108 0.015775
0.016220 0.006455 -0.007117
-0.020827 -0.009420 0.027121
0.002479 -0.026048 -0.010769
0.009374 0.017187 -0.026806
-0.008200 -0.022109 -0.026024
0.017290 -0.012271 -0.005343
-0.005199 0.007235 -0.001699
0.009044 -0.008125 0.005127
-0.003385 0.022596 0.000524
0.018243 -0.025046 -0.003348
0.027761 -0.027807 -0.003762
0.000499 0.007226 -0.006635
0.008506 -0.009678 0.010938
0.000583 0.012887 0.029880
-0.021298 0.038623 -0.001274
-0.004189 0.018218 0.022275
-0.004370 -0.004917 -0.011258
0.023636 -0.014455 0.000629
-0.000097 0.004391 -0.019211
-0.010734 0.007592 0.001747
0.005044 -0.023164 0.028773
0.016820 -0.002063 -0.021358
-0.007977 -0.011341 -0.002805
0.004326 0.003773 0.008866
0.011589 -0.001551 -0.006346
-0.012278 -0.005409 0.013028
-0.010858 0.011369 -0.023610
-0.001377 -0.012405 -0.019582
0.010887 -0.015449 0.007607
0.035788 -0.023354 -0.023098
-0.006708 -0.023533 -0.019400
0.002574 -0.004042 -0.020442
-0.010071 -0.019876 -0.006766
0.004852 0.010482 0.011939
0.004198 -0.002222 -0.009017
0.007636 0.007193 0.006817
-0.002294 -0.005826 0.001460
-0.018846 0.000834 -0.017724
0.009923 0.017543 0.012201
-0.018203 -0.010998 -0.007683
0.025678 0.004379 -0.008528
0.001675 -0.032970 -0.001983
-0.000532 -0.016778 -0.027496
-0.017859 0.002573 0.014346
0.019625 -0.016894 -0.012369
0.039918 -0.014096 -0.011206
0.002324 0.007084 0.017267
0.002006 -0.018793 0.022114
0.007363 0.014408 -0.013804
-0.007344 0.001079 0.003457
-0.005587 0.008205 0.008415
0.012151 -0.010786 -0.025465
0.033063 -0.019581 0.006682
0.014412 -0.004635 -0.027245
0.006700 0.017771 -0.005587
-0.028296 0.007734 -0.026850
0.017540 -0.002098 -0.014885
-0.017359 0.015006 -0.019674
0.031623 -0.000641 -0.029265
-0.000087 0.023793 0.003212
0.016338 -0.008101 -0.006647
0.008707 -0.023775 0.011671
0.017419 -0.000628 0.008872
-0.015918 -0.032535 -0.026386
-0.007841 -0.001822 -0.002414
0.000279 0.011196 0.012266
-0.028288 0.020601 0.020642
0.012564 0.001603 -0.008963
-0.005191 -0.019168 0.036301
0.006883 -0.008347 0.005112
0.002629 0.020278 -0.019859
0.001078 0.003699 -0.015867
0.005582 -0.012684 0.002918
-0.035113 0.005488 -0.012069
0.005219 0.010362 -0.003590
-0.021401 0.000106 0.000040
-0.020958 -0.019666 0.017763
-0.000633 -0.014130 0.003666
-0.015385 -0.022270 0.008187
0.000302 -0.000169 -0.018219
-0.002564 -0.002694 -0.001785
-0.009016 0.013451 0.009271
-0.011027 0.016699 0.006016
0.015709 -0.005804 0.000784
-0.000449 -0.040596 -0.005605
-0.002647 0.014116 0.000931
-0.000223 0.000010 -0.024876
-0.012147 0.019579 0.014741
-0.014200 -0.013089 -0.008434
-0.011564 -0.007514 -0.001390
-0.009405 0.021670 0.008756
0.006768 -0.003025 0.009952
0.025878 0.002003 0.013939
0.022861 0.018347 0.013375
0.012443 0.035433 -0.006319
-0.005702 0.031056 -0.015204
0.004793 0.005940 0.025821
-0.025574 -0.005126 -0.028639
0.004398 -0.009049 -0.011817
-0.007245 -0.005116 -0.001953
-0.018609 0.033919 -0.007999
-0.004600 -0.023866 -0.016052
-0.001221 -0.005819 0.002134
-0.011108 -0.007736 0.007527
0.000741 -0.001237 0.028515
0.016760 -0.011065 0.007894
0.001302 -0.002855 -0.034651
0.009214 0.034365 -0.021506
-0.001224 0.036035 0.000186
-0.000838 -0.016884 0.007651
-0.022585 0.019282 0.008580
0.020913 0.002753 -0.025975
-0.002226 0.004745 -0.013781
0.007132 0.000695 -0.040763
0.015371 0.030492 -0.009119
0.012307 -0.000512 -0.017132
0.013554 0.018248 -0.028922
-0.020239 -0.024832 0.006322
0.001148 -0.006955 0.019551
-0.003482 -0.007035 0.014111
-0.023179 -0.012006 0.004525
-0.001970 -0.026299 0.027963
0.013235 -0.000816 0.005811
-0.010777 0.018346 0.009186
-0.021506 -0.015013 -0.005100
0.003249 0.002937 0.009083
0.001592 0.001026 0.002915
-0.019176 -0.007028 -0.024913
-0.006591 0.001515 0.007001
0.016988 0.014612 0.026220
-0.020695 0.016383 0.001365
-0.021371 0.010142 -0.006943
0.008998 0.004305 0.004761
0.009874 -0.001772 0.015802
-0.010345 0.005433 -0.003524
-0.008731 -0.024886 -0.008160
0.007142 0.004931 -0.000783
0.010198 -0.004384 -0.010041
0.001325 -0.020125 0.014280
0.002746 0.020108 0.004882
0.011823 -0.005947 -0.003898
0.013187 0.005302 0.005466
0.020553 0.021686 0.024670
-0.001009 -0.000752 -0.007733
-0.009311 0.012204 -0.035526
-0.024654 0.027439 -0.003130
-0.002943 -0.003254 0.022566
-0.011865 0.022620 0.024053
0.021721 -0.008387 0.007481
0.002505 0.009870 0.012332
-0.005168 -0.014937 0.002596
-0.003738 0.009908 0.011083
-0.009238 0.022790 -0.002707
0.027357 0.019837 0.010998
-0.000332 0.018254 0.024792
0.013867 -0.009482 -0.005480
0.014438 0.003752 0.001835
-0.000750 0.017511 -0.016425
-0.003540 0.011214 0.003975
0.033808 0.001448 0.016358
-0.010077 -0.009197 0.002677
-0.021356 0.031495 -0.009697
-0.001193 -0.014830 0.006984
0.017796 -0.019126 0.013551
-0.016885 0.004680 0.019547
0.010664 0.037079 -0.030808
0.026095 0.009827 -0.008331
-0.022771 0.017235 -0.030303
-0.007800 0.003034 0.004550
0.004328 -0.032196 0.010669
0.003808 0.012513 0.007825
0.021044 0.016652 0.019752
-0.005356 0.018941 0.001378
0.001839 -0.010337 0.003666
0.035625 0.009326 0.005393
0.019300 -0.015066 0.018734
0.017523 0.030067 0.017155
0.003800 0.034296 0.018596
0.014968 0.004331 -0.009898
-0.013414 0.033193 0.012149
0.009400 0.017154 0.000966
0.000317 0.013230 0.014954
0.017061 0.012051 0.015236
-0.003381 0.006059 0.011740
0.009220 -0.008874 0.016368
0.009338 0.000736 0.013995
0.005054 -0.017603 0.000385
0.008012 -0.010680 -0.013890
0.016228 -0.020364 -0.018413
-0.007933 0.011841 -0.007928
0.000784 -0.019671 0.016811
-0.004526 -0.001477 0.028595
-0.008715 -0.001119 0.015763
0.010842 -0.018301 -0.003142
0.020884 0.013669 -0.009271
-0.021060 -0.010992 -0.010407
0.009863 0.008316 0.015483
0.015074 0.001823 0.024218
0.007307 -0.005227 0.001008
0.014472 -0.008977 -0.013029
0.008628 -0.008003 0.023336
-0.027019 0.007740 0.003585
-0.021901 -0.007356 -0.002279
0.014693 -0.002480 0.007144
0.010693 -0.007043 0.027490
0.020955 0.022809 0.009096
0.013681 -0.019295 0.004900
0.022046 -0.012691 -0.043939
-0.002362 0.002653 0.012580
0.013895 -0.002012 0.015981
0.008843 0.017860 0.008079
0.001904 0.014515 -0.026426
0.000594 -0.029825 -0.013134
0.016556 0.011340 -0.048733
0.002516 0.006290 -0.015616
0.002906 0.005788 0.013688
-0.016438 0.007814 0.033220
-0.005466 -0.002795 0.018044
-0.025284 -0.004700 -0.005949
-0.010195 -0.019747 0.008222
-0.001756 -0.014111 -0.007078
-0.008093 -0.008000 0.017600
-0.001570 0.031664 -0.003028
0.015816 -0.019658 -0.014433
0.005751 0.007875 0.010022
0.018646 0.000069 -0.008805
0.048404 -0.000602 -0.011608
-0.000308 -0.011578 0.002336
-0.000394 0.004372 -0.005686
-0.012486 0.005066 0.015445
0.015870 -0.015890 -0.007734
0.003661 0.005255 -0.005519
-0.016484 -0.031548 0.000397
0.010773 0.014784 -0.008225
-0.007053 -0.020210 -0.001567
-0.004925 0.009238 -0.029835
-0.016510 -0.003606 -0.004064
-0.033262 0.019842 0.014804
-0.001626 -0.007500 -0.010117
0.013169 -0.010636 0.004589
0.015085 0.008882 0.003418
0.006099 -0.000306 0.010442
-0.018892 -0.022876 0.013986
0.018568 -0.006852 0.015040
0.020361 0.000990 0.009584
-0.038847 -0.011871 0.012148
-0.007643 -0.000292 0.005848
0.020505 0.008246 -0.014348
0.009987 0.011157 0.021004
-0.012667 -0.009676 0.023294
-0.029800 0.008757 0.007097
0.016749 -0.004832 0.020889
0.005733 0.018039 0.014559
0.037819 -0.003619 0.009373
0.002354 0.008890 -0.014918
0.001018 -0.022059 0.007605
-0.001179 0.001177 0.038109
-0.004944 -0.005791 0.018052
-0.019092 0.012963 -0.014554
-0.011136 -0.004274 0.003680
0.002807 0.010885 0.021962
-0.009031 0.017463 -0.009818
-0.027083 0.008326 -0.014669
-0.011522 0.002713 -0.006615
0.011456 0.016273 0.022791
-0.003705 0.014777 -0.015397
0.019937 -0.005848 0.004283
0.003869 0.011097 0.006031
0.033279 -0.001493 0.004897
-0.010269 0.005178 -0.007145
-0.001922 -0.012469 0.017490
-0.016195 0.004418 0.011148
0.017839 -0.013163 0.007804
0.023451 0.004012 0.013635
-0.006965 0.020889 0.008731
0.028936 -0.020907 0.001619
-0.014859 -0.002268 -0.009789
0.012973 -0.037250 -0.027881
-0.016987 0.006856 -0.007183
0.000698 -0.016464 0.018867
0.002485 -0.007394 -0.015881
0.003049 0.005008 -0.002424
0.018680 0.015095 0.008452
0.025184 0.012420 0.009594
0.012632 0.002800 0.001507
-0.002252 0.027311 -0.014856
0.025649 -0.002448 -0.002414
0.002776 -0.011912 -0.013838
-0.012317 0.010894 0.007753
0.004253 0.005850 0.025404
0.005897 -0.005232 0.001409
-0.021602 0.001994 0.009961
0.007463 -0.008515 0.014970
0.010352 -0.013625 0.011297
-0.009762 -0.012657 -0.025056
0.006093 0.000363 0.020696
0.001693 0.003959 0.011616
-0.007006 0.009865 0.015564
-0.029652 0.010719 -0.017286
0.017455 0.009293 0.008441
-0.041565 -0.021936 -0.006305
0.001018 0.004252 0.027705
-0.000748 -0.004293 0.015862
-0.018351 0.020350 -0.020389
-0.012484 -0.005935 0.010085
0.000696 0.010694 0.034456
0.016072 -0.005397 -0.004993
0.009666 0.014247 0.003712
0.013560 0.014201 0.012770
-0.005066 0.010933 0.005045
-0.000977 -0.011423 -0.024414
-0.000882 -0.017158 -0.000735
-0.004682 -0.005785 0.013042
-0.012741 -0.019471 0.002948
-0.007454 0.014623 -0.009702
0.002281 0.018095 0.015957
0.020634 -0.019430 0.013608
0.012988 -0.019102 0.003315
0.002936 0.010851 -0.001263
0.005640 -0.026817 0.001069
-0.023250 -0.022977 -0.014645
-0.013128 -0.006016 0.015224
-0.006222 0.004950 -0.001081
0.022477 0.003302 -0.015975
-0.040415 -0.021803 0.007456
-0.011041 0.004915 -0.002756
-0.032192 -0.047082 -0.009810
0.016799 0.005024 0.011431
-0.002525 0.001227 0.011628
-0.004836 0.021711 -0.007629
-0.020185 -0.006860 0.001602
0.016963 0.010461 0.018744
0.019747 0.004371 -0.008948
-0.010905 -0.013097 0.001010
-0.004776 -0.018019 0.015276
-0.019833 -0.001334 0.010281
0.031586 0.007873 -0.017077
0.003661 0.011603 0.008386
-0.027282 -0.023747 -0.037466
-0.003599 -0.029585 0.002325
-0.008161 0.002211 -0.034677
0.014849 0.004209 -0.002167
-0.002438 -0.004659 -0.003875
-0.001536 -0.002493 -0.015042
0.004313 -0.002806 0.017495
0.005768 0.002746 0.000105
0.014918 0.018395 0.018962
-0.004468 0.016377 0.033813
-0.002560 -0.005049 0.027814
0.020862 -0.018905 -0.007064
0.013218 0.005457 0.007965
-0.008931 0.015159 0.014181
0.015380 0.001221 -0.006310
-0.017838 -0.004625 -0.006083
0.019404 0.009389 0.023166
0.016991 -0.017800 0.023689
0.006802 0.003764 0.023244
-0.005571 0.022800 -0.010754
-0.012650 0.015880 -0.033482
0.012087 -0.013069 0.002616
-0.001556 0.020454 0.026606
0.026541 -0.011727 -0.004360
-0.001444 -0.002230 -0.008340
0.007426 0.004365 0.035789
-0.004155 -0.001356 -0.001313
0.003889 -0.006963 0.030875
0.014597 -0.005738 0.009724
0.005963 -0.020929 0.006992
0.022108 -0.010342 0.000148
-0.004338 -0.015061 -0.023412
0.007064 -0.024568 -0.005383
-0.037742 -0.007234 0.005394
-0.024957 -0.009365 0.016280
0.029616 0.028030 -0.019318
-0.005671 -0.000161 -0.023567
-0.005235 0.016208 -0.013175
-0.009547 -0.008632 -0.004479
-0.019137 0.012358 -0.018454
0.014275 -0.005385 0.002935
0.015214 0.013306 -0.001280
0.000441 0.000280 0.006965
-0.001643 -0.014571 -0.006334
0.031336 -0.018389 -0.002992
0.010058 0.005382 0.004339
0.017635 -0.021011 -0.010824
0.016191 0.013079 -0.020863
0.013845 -0.013102 -0.009430
-0.003142 -0.022472 -0.012356
0.013484 -0.005606 0.004751
0.015460 0.023819 -0.006691
-0.020592 -0.008964 0.011494
0.016645 0.001544 0.004007
0.000327 -0.011814 0.004049
-0.003848 -0.030493 -0.030161
0.016484 -0.005648 0.005389
-0.003005 -0.002100 0.017268
-0.002856 0.004392 -0.013184
0.017910 -0.000270 0.000786
0.006531 -0.030896 -0.005467
0.029104 0.007503 -0.011377
0.024440 -0.006926 -0.006598
-0.006727 -0.008294 -0.026309
-0.002170 0.007312 0.000230
0.003034 0.005305 -0.002013
0.008331 -0.043560 -0.022676
-0.009761 0.021266 -0.002317
0.006409 -0.037719 -0.009053
0.009252 -0.014521 0.016705
-0.011588 0.022222 -0.011620
0.002096 -0.034789 0.012238
0.025505 -0.004147 0.003341
0.017575 0.014261 0.003910
0.009636 0.000097 0.003732
0.024814 -0.001583 -0.002510
0.009913 -0.008071 -0.013144
0.008978 -0.007938 -0.000173
0.032558 -0.019986 -0.014213
-0.011042 -0.011932 -0.013205
0.011009 -0.011297 -0.016454
0.024462 -0.005997 -0.004428
-0.001576 -0.022523 0.022263
0.000712 -0.003050 0.010294
0.020751 0.000338 0.022522
0.014559 -0.007266 -0.005754
-0.002749 -0.006300 0.011054
-0.006486 0.003009 0.032344
-0.000915 -0.023929 0.007950
-0.005270 0.017538 -0.002372
-0.013736 -0.003005 0.005083
-0.015719 -0.021055 0.013829
-0.022066 -0.004260 0.025200
0.002322 0.019797 -0.008500
-0.012159 -0.011756 0.023112
0.002800 -0.010935 -0.023056
-0.001107 0.023132 0.011451
0.013758 -0.020000 -0.009078
-0.019802 0.009450 -0.014592
-0.001650 -0.016737 0.013738
0.013839 -0.016202 0.017032
0.023346 0.018706 0.013830
0.031218 0.011222 0.016876
0.006267 0.018553 0.004228
0.019533 0.022031 0.021526
-0.025014 -0.020756 0.005833
0.018979 -0.002801 0.017209
0.001279 -0.020874 0.011562
0.008601 -0.002711 -0.009694
0.003526 -0.033769 -0.011962
-0.003336 -0.013723 0.029934
0.007158 0.003701 0.002441
-0.006864 0.004750 0.034685
0.019691 0.022108 -0.004686
0.015930 -0.016027 0.020535
0.031809 0.004018 -0.007159
0.021777 0.002642 -0.000119
0.002070 0.007321 -0.025318
-0.001032 -0.017977 -0.009032
-0.017135 0.008376 0.015034
0.019069 0.001887 -0.013382
0.010890 0.003844 -0.001476
0.004818 0.020825 0.012023
-0.018001 -0.003717 -0.028448
-0.015609 0.011217 0.002106
0.013743 0.019595 0.011064
0.000910 0.001439 0.002844
-0.026930 0.012522 -0.021566
-0.001842 -0.023996 -0.022325
0.024072 0.008692 0.025747
0.010882 0.018734 -0.001858
0.011595 0.001956 -0.000735
-0.002445 0.023274 0.001082
-0.007634 0.001046 0.007076
0.011095 0.019451 -0.033375
0.008002 0.016062 0.006763
0.018537 0.031072 -0.008149
0.019887 0.004830 0.006569
0.014061 -0.005806 -0.027152
0.005444 0.000965 -0.016262
-0.004769 0.012782 -0.016189
-0.003077 -0.005544 -0.007502
0.018108 -0.005291 0.017004
-0.001225 0.003397 -0.007873
0.013187 0.010606 0.017167
0.014639 -0.024780 0.004176
-0.020395 0.009827 -0.006976
0.010961 0.015211 0.010266
0.007328 0.010651 -0.033731
-0.023502 0.028943 0.024129
0.000330 0.028371 -0.007307
-0.029361 -0.013810 0.007475
0.009967 0.005273 0.005737
0.025183 -0.002267 0.014377
0.017455 -0.014253 -0.002654
-0.010009 0.009139 0.025894
-0.010819 0.008451 -0.023585
-0.005043 -0.007615 0.013860
0.004703 0.013682 0.014326
0.006147 -0.002125 0.025765
0.010126 -0.016301 0.000603
0.038238 -0.012398 0.003819
0.025408 0.016903 0.011056
0.016808 -0.005218 0.015360
0.020786 0.014911 0.027955
-0.014400 -0.004656 0.018215
0.000671 0.016630 0.016188
0.007209 -0.009058 -0.001814
0.015053 -0.009738 -0.011671
-0.004135 0.043544 0.015394
-0.000626 0.002125 0.018692
-0.000062 -0.002316 0.017633
-0.003633 0.004385 -0.001460
-0.024508 0.007306 -0.007138
0.007190 0.000894 0.012991
0.010439 0.006084 -0.022556
0.010380 -0.000671 -0.001939
-0.002781 0.001383 0.004851
0.017694 -0.002508 0.025552
-0.006119 0.006837 0.002826
0.015986 0.008673 -0.000072
0.031842 -0.001693 -0.013233
0.001818 -0.022654 0.004758
0.008697 0.014243 0.003781
0.011139 0.012166 0.001711
0.001721 -0.014282 -0.031219
-0.000997 0.011274 -0.002016
0.000046 -0.016745 0.013796
0.001869 -0.005490 -0.003710
0.005425 0.013216 0.019412
-0.024772 -0.012253 0.006239
-0.023644 0.032689 -0.013097
0.009807 -0.002359 -0.018022
0.023693 -0.004040 -0.011881
-0.018717 -0.014706 0.025446
-0.011513 0.018455 0.015870
-0.002496 0.010730 -0.020168
0.015159 0.007805 -0.018278
-0.025439 -0.022491 -0.003659
0.006226 0.004656 -0.023734
-0.006828 0.026337 -0.000267
-0.010654 0.002059 -0.019609
0.001473 -0.027460 -0.019368
0.011163 -0.015231 -0.019733
-0.007094 0.007764 0.013471
-0.002693 0.031198 -0.003397
0.041144 0.021619 -0.014491
-0.012183 0.040789 0.034334
-0.004117 0.021226 0.014422
-0.009867 0.021207 -0.016963
-0.003127 0.004363 0.018264
-0.004121 -0.046054 0.010935
-0.003025 -0.027046 -0.028614
0.005737 -0.004041 0.007994
0.001240 0.003012 -0.014529
-0.007175 -0.005984 -0.016102
0.008802 0.013892 0.003419
0.022780 0.004280 -0.003070
0.000710 -0.005191 -0.010866
0.007062 0.006325 0.021702
-0.009782 0.001299 -0.009752
-0.019446 -0.015836 0.010753
-0.004356 -0.005903 0.016283
0.014263 -0.019621 -0.000485
0.001890 -0.040185 -0.006589
0.005658 -0.002543 0.017094
0.009654 -0.004564 0.016723
0.000572 0.000521 -0.013161
-0.000667 -0.000469 0.004188
0.027952 -0.019803 -0.006039
-0.009966 -0.000053 -0.006382
-0.012101 0.019766 -0.009824
0.007722 -0.000991 0.025431
-0.003914 0.025198 0.001138
0.007690 -0.006588 0.008028
-0.003066 -0.022058 0.008727
-0.027022 -0.009311 -0.001284
0.023586 -0.011627 0.030804
0.036991 0.007314 0.013365
0.001699 0.011969 -0.019960
0.011638 0.014565 -0.011468
-0.015995 -0.003754 -0.010416
0.000037 0.012206 -0.018971
-0.020860 -0.005616 -0.002613
-0.008311 -0.002147 -0.003405
-0.010677 -0.006753 -0.004145
0.039158 0.040095 0.039264
0.014990 -0.000737 -0.002468
-0.020179 -0.022607 -0.008872
0.020776 -0.024291 -0.001930
0.001059 -0.004838 -0.000442
-0.000324 -0.009981 -0.016851
-0.001915 0.019397 -0.010678
-0.010029 -0.021092 -0.001618
0.007003 0.002949 0.016064
0.006053 0.006698 0.003258
0.016057 0.000687 0.009384
0.008184 0.016544 0.003301
-0.000060 0.019964 0.024645
0.002657 0.005938 -0.011501
0.011931 0.011950 -0.011220
0.018220 -0.003034 -0.008943
0.025946 -0.007672 -0.001022
0.012239 0.003454 -0.010346
0.027039 -0.002089 0.010199
-0.004863 -0.031292 -0.011485
0.004416 0.024928 0.029756
-0.010735 0.008234 0.003333
0.014502 -0.004934 -0.010479
-0.012906 0.007176 0.014867
0.016711 -0.017579 -0.009997
0.009919 -0.000980 0.005319
-0.001240 -0.020394 -0.009003
0.012717 0.007236 0.023236
-0.015501 -0.015141 0.001544
0.009102 0.020107 0.020250
0.005907 0.006345 -0.016390
-0.000614 0.002299 -0.006428
0.004499 0.004992 0.004081
-0.004597 0.007052 0.011727
-0.004919 -0.000442 -0.025515
0.011401 -0.021187 0.026489
-0.009454 0.005227 -0.000244
0.000517 -0.007417 0.001984
0.009010 0.028801 0.022803
0.003667 0.011590 -0.000467
0.006653 -0.004454 -0.003057
-0.043546 -0.004601 0.011132
-0.034022 0.016398 -0.015662
0.023482 0.003361 0.006514
-0.024547 0.000266 -0.015431
0.002338 -0.003177 -0.009672
-0.012544 0.019083 -0.022499
-0.015780 0.015763 -0.006972
0.006615 0.026669 -0.006883
0.016555 -0.009615 -0.017352
0.006562 0.014943 -0.003143
-0.022207 -0.019455 -0.018446
-0.006736 0.016838 -0.027781
0.000540 0.027821 -0.007716
-0.014249 0.014408 0.017841
-0.022346 0.005506 -0.030839
-0.036223 0.009259 0.021893
0.000204 0.013607 0.013245
0.011598 0.001227 -0.009297
0.015786 -0.012812 0.007472
0.010939 0.003474 0.028098
0.008280 0.000177 -0.014034
-0.006419 -0.005129 -0.006111
-0.012429 -0.011819 0.008571
-0.011218 -0.004563 -0.007681
-0.001687 -0.001801 -0.030507
-0.016103 -0.006274 0.005757
0.003872 0.000523 -0.018426
0.006151 0.000964 0.019331
-0.029075 -0.012132 0.011009
-0.015710 -0.013896 -0.018833
0.036704 0.019800 0.011155
0.003251 -0.030489 -0.004783
0.028893 -0.007102 0.013167
0.011045 0.003547 0.011222
0.015902 0.009402 0.002703
0.003429 0.009313 -0.029190
-0.004981 -0.002753 -0.042936
0.000370 -0.005588 0.001109
-0.004228 -0.010954 -0.002379
-0.006091 -0.013576 0.004934
0.010310 -0.024489 -0.030784
0.002563 -0.011363 -0.017537
-0.020595 -0.001069 0.002851
-0.006517 0.023089 0.020519
-0.021304 -0.012925 0.001223
0.019837 -0.019867 0.012542
0.013648 -0.010779 -0.003580
-0.026408 0.006407 -0.032811
0.009327 -0.015454 0.022288
-0.013714 0.017777 0.007304
-0.050519 -0.015314 -0.013433
0.015742 -0.013083 0.023372
-0.018814 -0.008045 0.022928
-0.004782 -0.021872 -0.015529
-0.006299 0.004188 -0.006825
-0.007206 -0.009172 0.020043
0.023145 0.003593 -0.011767
0.005849 -0.000042 0.009504
0.011611 -0.010831 0.035228
-0.003317 0.019251 -0.018631
-0.005982 0.012417 0.020079
-0.002307 0.012994 -0.021482
-0.027525 -0.004407 -0.006557
0.031501 -0.030653 -0.006606
0.011915 0.002258 0.000370
0.004801 0.011026 -0.011877
-0.014104 0.001512 -0.018023
-0.008222 0.042630 0.023342
0.006483 -0.004402 -0.014514
0.009084 0.013552 0.010530
-0.010626 -0.002031 0.042941
-0.011883 0.008760 0.009938
-0.025913 0.020593 -0.000115
-0.000623 -0.018281 0.000034
0.006046 -0.029560 0.020060
-0.024790 -0.008759 -0.010940
0.001346 -0.019275 0.004879
0.012193 0.014935 0.001755
0.014484 -0.021708 -0.009295
0.004286 -0.016202 0.028157
0.021180 0.010894 -0.019535
0.000027 0.021475 0.010838
-0.003104 -0.002310 -0.010147
0.028848 -0.001264 -0.008053
-0.005508 -0.022040 0.000968
0.015611 0.008720 0.008515
0.003213 -0.028131 -0.020454
0.018401 0.020044 -0.020931
0.003649 -0.008294 -0.019688
-0.011036 -0.011613 0.002260
0.002708 -0.000436 -0.000947
0.000319 -0.004965 0.021856
-0.021247 -0.013271 -0.003997
-0.003197 0.003010 -0.024124
0.009976 -0.000926 -0.009275
0.002835 0.000764 -0.006196
-0.011764 -0.002104 -0.024482
0.007825 -0.009904 -0.026538
-0.003471 0.002809 -0.023945
0.005160 -0.017694 0.013850
0.018246 0.000963 0.024363
-0.009995 -0.008433 -0.024065
-0.001224 -0.012237 0.020253
-0.026132 -0.002802 -0.000384
-0.008341 0.009084 0.009018
-0.028305 0.016344 0.029540
0.013846 0.006680 0.007772
0.001631 0.004320 -0.001810
-0.007983 -0.003687 -0.006652
-0.008528 0.011840 0.001407
0.021922 0.011341 0.021781
-0.000040 -0.017252 -0.001908
-0.009518 0.006999 -0.011703
-0.012547 -0.012860 -0.024068
-0.006325 0.010643 0.017292
0.007286 0.011873 0.016355
0.000625 -0.003986 -0.000917
0.013665 -0.003656 0.000136
0.001571 -0.006211 -0.005437
-0.013300 0.005456 -0.010583
0.009481 0.013210 -0.001496
-0.001517 0.005763 0.000697
0.005186 0.000639 0.006103
-0.004517 -0.002936 -0.031795
-0.014018 0.005446 0.019847
0.019937 0.025917 -0.012827
0.003110 -0.000572 0.002395
-0.017559 0.000433 -0.011450
-0.020828 -0.012390 0.002137
0.012073 0.009650 0.012053
-0.011744 0.024024 0.009095
0.025054 -0.017959 -0.000439
0.009875 -0.005233 0.007764
-0.006339 -0.012878 0.002513
-0.012682 -0.012999 0.000886
-0.029456 -0.029197 -0.013937
-0.018539 0.020307 -0.025777
0.013719 0.012471 -0.006429
0.007223 -0.003076 -0.002161
0.030884 0.003499 -0.021916
0.032572 -0.011759 -0.022682
0.017697 -0.006986 -0.010464
0.013390 -0.002339 0.002204
0.012619 0.007965 0.004010
-0.003532 -0.008372 0.010247
-0.009775 0.014476 0.037911
-0.015348 0.001030 -0.028457
-0.007009 0.028428 0.011553
-0.011329 -0.010243 -0.008609
-0.020632 0.002541 -0.012115
-0.026420 0.000244 -0.005065
0.018566 0.010688 -0.004215
-0.009130 -0.012098 -0.003894
-0.004713 -0.028324 0.001724
0.016076 -0.002410 -0.018778
-0.008955 0.014990 0.025124
0.025812 0.005892 0.020363
0.014599 0.002142 -0.018413
-0.001599 -0.010836 -0.002615
-0.008165 -0.018236 -0.012341
0.002579 0.002133 -0.003880
-0.006136 -0.020614 -0.001648
0.012926 0.011753 -0.006191
-0.026923 -0.015204 0.016313
0.001105 -0.009193 -0.023955
-0.026443 -0.008070 0.024136
-0.012787 0.019221 0.008279
-0.027460 -0.011776 0.005039
-0.033677 -0.007418 -0.010854
0.012023 0.018965 0.019888
-0.019558 -0.023745 -0.007363
-0.008511 -0.000740 0.024384
-0.027498 0.001986 -0.028388
0.002667 -0.004907 -0.007070
-0.007738 -0.003590 -0.009925
0.003690 0.013890 0.047517
0.014788 -0.014550 0.002306
0.003210 0.000444 -0.004091
0.014564 0.009850 0.021291
-0.006567 0.015198 -0.001324
-0.016823 -0.016808 -0.006675
0.017802 0.014340 0.008018
0.005736 -0.039321 -0.022572
0.003678 -0.001390 -0.009797
-0.019316 0.001326 -0.008539
0.032962 -0.001275 0.008359
0.017240 0.013637 -0.011466
0.006657 -0.010904 -0.002052
-0.020745 0.011426 -0.013852
0.050076 -0.012038 0.001744
-0.021826 0.027628 -0.013327
-0.017612 0.013757 0.024951
0.004976 0.004267 0.031437
-0.000027 -0.011272 -0.018854
0.013892 0.007997 -0.006695
-0.009021 -0.009748 0.019142
-0.008646 0.020824 -0.007769
-0.000022 -0.007434 0.002974
-0.014909 -0.008400 0.003192
0.018551 0.016457 -0.022794
0.016487 -0.009777 0.004831
-0.041234 0.033364 0.001765
0.000044 0.001001 -0.025733
0.010907 -0.020602 0.003937
-0.013673 0.002902 0.011421
-0.026832 0.026820 -0.004359
0.002732 0.001556 -0.029034
-0.000590 0.006529 -0.014909
-0.006220 0.007272 0.005897
-0.002020 -0.033295 0.004730
-0.006784 -0.023143 0.005899
0.011323 0.000473 -0.020800
-0.001474 0.000114 -0.014101
0.010908 -0.002471 0.002134
0.014850 -0.006330 0.034160
-0.023204 -0.025267 -0.009289
-0.015510 -0.000936 0.014853
-0.012355 0.012123 0.009488
0.010399 0.023627 0.015613
0.003824 0.018078 -0.004100
0.005073 0.009764 -0.014425
-0.000485 -0.013142 -0.008228
0.030272 0.001424 0.004834
-0.009592 -0.004552 0.004789
-0.008022 -0.020221 0.003098
0.028595 -0.012850 -0.007886
0.018888 0.006218 0.007932
0.006127 0.000074 0.005505
-0.012473 -0.009383 -0.005958
0.002848 -0.006432 -0.008132
0.013787 -0.017351 -0.003710
0.005885 0.011932 -0.027078
0.018408 -0.014489 0.003185
0.032847 0.011581 0.004078
-0.010360 0.011518 0.018039
-0.027390 -0.021149 0.010324
0.001870 -0.032733 -0.008761
-0.005827 -0.007097 0.017580
0.007302 0.015272 0.013488
0.016852 0.005411 -0.004938
-0.000553 -0.021935 0.009147
-0.000048 -0.018490 0.000242
0.014615 0.002215 0.006241
0.007923 0.015019 -0.032680
0.021144 0.020035 0.004280
-0.024207 -0.017743 -0.009975
-0.007417 0.018561 -0.004480
-0.017021 -0.037519 -0.019159
-0.006062 -0.027059 -0.037278
0.008760 0.010068 -0.009618
-0.009778 0.007132 -0.008026
-0.000486 -0.001257 -0.018023
0.011509 0.031317 0.017399
-0.010672 0.000600 -0.001467
0.019743 -0.003532 -0.019798
-0.005737 -0.008730 -0.014142
0.005365 0.012416 -0.011624
-0.005210 -0.001910 -0.018295
-0.013447 0.027086 0.008311
-0.013806 0.022897 -0.019031
0.029184 -0.000435 0.013747
0.016766 -0.001675 -0.013910
-0.005644 -0.003537 0.004161
0.003995 -0.000386 0.014349
0.017950 0.026219 0.023458
0.005292 -0.006292 -0.010461
0.021871 -0.035312 -0.011678
0.001381 -0.004268 -0.034011
-0.038681 -0.009205 -0.008785
0.008108 0.017558 -0.035866
-0.010236 0.018517 -0.014397
0.005417 -0.013003 0.003807
-0.012586 -0.009580 0.006014
-0.018178 -0.023873 0.033319
-0.024862 -0.011225 0.008551
0.020510 -0.013764 0.029674
0.027412 0.007231 -0.008203
0.005236 0.012508 0.021272
0.007515 -0.012206 -0.026482
-0.018442 -0.017579 -0.015224
-0.021247 0.011348 -0.029465
0.014396 -0.023114 0.000993
0.006409 -0.002891 -0.020206
0.008381 0.003684 0.019580
0.009703 -0.008284 -0.007079
-0.005573 -0.031341 -0.017243
0.003626 -0.001426 0.007092
-0.005460 -0.006251 -0.023779
0.003014 -0.023544 0.012939
0.008822 0.018603 0.012360
0.008227 -0.005443 -0.015895
0.022846 -0.007878 0.024254
0.024444 -0.005505 -0.007131
0.019915 -0.013841 -0.009202
-0.013735 0.005951 -0.009790
0.028601 -0.008302 -0.009282
0.009896 0.004730 0.000894
-0.022297 0.005256 0.027656
0.020017 0.007252 -0.010335
-0.002319 0.013609 0.050747
-0.003273 -0.012173 -0.016680
0.011201 0.001850 0.002001
0.012101 0.010709 0.000256
0.025328 -0.003482 0.011388
-0.001406 0.034020 -0.016430
-0.034581 0.008120 -0.014091
-0.005383 -0.024621 -0.009461
0.004323 0.007501 0.000608
-0.006579 0.007520 0.003649
0.017568 0.006466 0.003853
-0.020355 -0.000470 -0.021080
0.001754 -0.007917 0.014741
0.026320 0.008715 -0.011688
-0.003937 -0.001664 -0.020010
0.027516 -0.019200 -0.018764
0.008969 0.018861 -0.012347
0.003666 -0.034165 -0.007537
0.011917 -0.017562 -0.012442
0.012041 -0.010261 -0.032778
-0.003982 -0.014596 0.010281
-0.027853 -0.012850 0.018969
-0.020146 -0.004193 0.011907
-0.025029 -0.007662 -0.003816
-0.009680 0.012932 0.009147
0.011208 0.013240 -0.014791
-0.007168 0.009868 0.000921
0.001328 -0.023772 -0.020629
-0.010159 0.006939 0.005657
0.012348 -0.021274 -0.011040
-0.027284 -0.004086 0.010924
0.000308 0.004875 -0.009318
-0.003362 0.002615 0.013232
-0.025811 0.002245 -0.009942
-0.002189 -0.012665 0.005331
-0.012252 0.019297 0.005324
-0.023874 -0.002838 -0.011443
-0.008721 0.007219 0.005340
-0.009462 -0.015095 0.008945
-0.030947 0.019220 0.007580
-0.010058 -0.025237 -0.013396
-0.007088 0.008833 0.006643
-0.026736 0.000837 -0.007958
0.027872 -0.002422 -0.022565
0.013794 0.000493 -0.008335
-0.007325 0.015012 0.015276
0.001701 0.021192 0.023287
-0.009804 0.005191 -0.010514
0.006394 0.001954 -0.002150
0.020514 -0.042636 0.003269
-0.008040 -0.014160 -0.013094
-0.002936 0.007633 -0.021246
-0.008019 -0.035895 -0.008978
-0.008414 -0.018331 0.006899
0.025702 -0.007424 0.002520
0.017770 -0.000094 0.011134
0.002055 0.013214 0.024482
0.022759 0.017842 0.000337
0.016162 -0.019389 -0.024330
0.005619 -0.004262 0.001411
-0.021856 -0.028500 0.000062
-0.011738 0.012648 0.010590
0.000868 0.035214 0.008976
0.001550 0.006482 -0.003102
-0.012301 -0.008158 -0.019512
-0.003581 0.011288 0.016110
-0.001587 0.001515 0.011970
0.007657 0.014534 0.004446
-0.009498 -0.010631 -0.029480
0.005375 -0.024925 -0.003780
-0.004924 0.014057 0.009838
0.025135 0.003191 0.023733
0.029707 -0.003166 -0.004958
-0.022643 -0.003585 -0.012904
0.028865 0.022629 -0.013330
-0.017020 0.022605 -0.011236
-0.026420 0.004854 0.017616
0.018169 -0.011930 -0.021808
0.015074 0.016371 -0.029865
0.027512 0.017112 -0.004649
0.010901 0.015246 0.028205
-0.004591 -0.017325 0.006483
-0.007817 0.003678 0.022941
-0.010158 0.013919 0.021534
-0.010912 0.010587 -0.012416
0.011714 0.006246 0.006015
-0.006948 0.012488 0.013124
-0.008424 0.038458 -0.001318
-0.008009 -0.034938 0.016583
-0.000753 0.003270 0.024280
0.004600 -0.018258 -0.030404
0.015943 -0.015596 0.026785
0.003148 -0.000826 -0.011392
0.024257 0.004386 -0.000683
0.015494 -0.025014 -0.015630
0.005539 -0.008860 0.020840
-0.003163 0.028727 -0.008823
0.009505 0.000032 -0.013572
0.004950 0.008445 -0.000732
0.004173 -0.019671 -0.024353
-0.002736 -0.020044 0.003094
-0.008180 0.027462 0.015999
-0.021820 0.009670 -0.013268
0.045531 -0.038591 -0.002254
0.007191 0.024270 0.014181
0.000408 0.009126 0.007393
-0.007214 0.001089 0.007181
-0.006539 0.001752 0.018236
0.033531 0.005740 -0.015833
-0.008244 0.013952 0.003664
-0.024476 -0.011149 -0.011308
0.008583 -0.010126 -0.025752
-0.005600 0.001594 -0.009400
-0.015976 -0.003410 -0.007156
0.011163 0.004969 -0.009234
0.029102 0.003865 -0.019341
-0.000831 0.005254 0.012450
0.003463 0.032079 -0.003714
0.024749 0.018594 0.020199
-0.014227 0.008570 0.007339
0.015659 0.000896 0.013352
0.009720 0.015626 -0.004059
-0.030474 -0.022945 -0.006763
0.029472 0.007698 0.003633
-0.012653 0.016427 -0.013212
-0.001001 0.019312 0.018156
0.002184 -0.006414 -0.022726
-0.006930 0.003638 -0.001748
-0.000423 0.009453 0.018306
0.018651 0.011950 0.014676
-0.020353 -0.016915 -0.008079
0.013746 0.020391 0.003142
-0.011832 -0.010320 0.011994
-0.014333 0.019132 0.004360
0.004662 -0.015510 -0.007138
0.003891 -0.004308 -0.002405
0.020272 -0.022014 0.018171
0.005126 0.006995 -0.003955
-0.022554 -0.027213 0.026017
0.003844 -0.044930 -0.005689
0.022313 0.008921 -0.023491
-0.002381 0.032740 0.001072
-0.007515 0.021194 -0.019229
0.010625 0.014762 -0.020355
0.049163 0.000898 -0.017145
-0.016490 0.004951 -0.021368
-0.024828 0.013097 0.032714
0.021739 -0.027869 -0.014096
0.015171 0.002221 0.018924
0.000444 -0.008502 0.004182
0.039355 -0.002753 0.001098
-0.019473 0.002742 -0.000088
0.004985 -0.016951 0.027218
-0.008385 -0.005832 -0.029475
-0.011000 0.009953 0.020699
0.026416 -0.002649 0.000010
-0.022492 -0.000175 0.004746
0.011705 -0.008859 -0.001937
0.001749 -0.002751 0.010492
-0.003061 0.003609 0.011461
-0.030307 0.003892 0.002022
-0.011492 0.008728 0.005807
-0.031789 -0.005875 0.002720
-0.004623 0.011297 -0.022231
-0.003953 0.011076 -0.002434
-0.010275 0.007159 -0.000815
0.004737 0.007273 -0.000557
0.014324 -0.003590 -0.011486
-0.006009 0.002838 0.003947
0.004201 0.009195 -0.002497
0.014475 0.004717 -0.001938
0.032820 0.015456 -0.012505
-0.006367 0.006972 -0.014030
-0.017049 -0.026801 0.001983
0.025886 0.002740 0.009204
-0.031245 -0.007180 -0.001424
0.000448 0.005619 0.009971
-0.024761 0.004677 -0.001341
-0.010054 -0.000496 -0.010175
-0.016820 -0.004900 0.001457
0.008939 0.024194 0.031626
-0.017788 0.007240 -0.043126
-0.003607 -0.002818 -0.014495
0.025830 -0.015810 -0.007284
0.016970 0.009159 -0.003252
0.001340 0.007760 0.015488
-0.012627 -0.004611 0.006965
-0.001842 0.015397 0.004220
-0.005616 0.011124 0.021307
-0.004085 0.019941 -0.004693
0.018314 0.009374 -0.010807
-0.006684 0.007008 -0.000844
-0.003430 0.003172 0.000801
-0.007907 -0.018991 0.005079
0.002824 -0.002106 -0.004614
-0.009006 0.001335 -0.002558
0.015141 0.003450 0.003185
-0.000454 -0.012762 -0.002615
-0.013808 -0.011582 -0.021157
-0.004587 -0.016075 0.016272
0.040478 -0.031705 0.042773
-0.000981 -0.007381 0.000655
-0.018112 0.003422 -0.010270
0.005856 -0.020642 -0.003920
-0.009702 -0.007405 -0.013687
-0.002798 -0.010032 -0.007120
-0.001192 -0.012036 -0.005879
0.001014 0.003870 -0.009033
0.009817 0.007861 0.005587
0.010856 -0.002291 -0.010266
0.008165 0.009797 0.024910
0.022464 0.015477 0.004612
0.006601 0.008320 -0.000167
0.006480 0.007006 0.000419
-0.014932 0.005352 -0.002158
0.024398 0.008920 -0.000554
0.001177 -0.008423 -0.017021
-0.006841 -0.018241 0.004513
-0.004273 0.011779 -0.011957
0.001526 -0.000137 0.028533
0.023505 -0.000823 0.001941
0.017169 0.010086 0.011080
0.005629 0.002362 -0.003069
-0.013957 0.003062 0.017673
-0.007588 -0.001226 -0.010202
-0.014646 -0.015079 -0.020909
0.005474 -0.021966 -0.018121
0.014105 0.028070 0.025423
0.016272 0.008738 -0.032725
0.007586 -0.030368 -0.024875
-0.018223 0.016649 -0.010125
0.006757 0.001164 -0.003420
0.012608 -0.010182 0.009733
0.005311 -0.030033 0.013773
0.011210 0.001812 0.018077
0.002336 0.001868 0.027198
-0.006900 -0.001215 0.025027
0.003221 -0.035925 -0.013562
0.004448 0.012190 -0.019156
0.015531 -0.020041 0.003261
0.003387 -0.025582 -0.017063
0.015483 -0.002200 -0.008519
-0.001467 -0.022874 -0.000300
-0.006910 -0.013865 0.001490
0.024501 0.014014 0.016769
0.012393 0.010876 0.020382
0.008772 -0.009123 -0.018189
0.016812 0.008574 -0.000165
-0.000673 -0.016701 -0.000397
0.025642 -0.029639 -0.014773
-0.033305 -0.026056 0.009026
-0.011914 0.001318 0.010803
0.011043 -0.009581 0.020852
-0.005359 0.011476 0.013140
-0.004491 0.014447 0.003733
0.015698 0.000526 -0.014018
-0.013349 -0.008509 -0.010526
0.008258 -0.008518 0.000122
-0.020326 -0.005748 0.030422
-0.017635 0.005908 -0.003043
-0.013913 0.017916 0.008838
0.026728 0.013585 -0.002046
0.030069 -0.038269 0.008837
-0.003382 -0.013070 0.000803
0.021785 0.014202 0.003080
-0.022958 0.000729 -0.003032
-0.009321 -0.023828 0.003186
0.007658 0.001921 0.007336
0.013104 -0.006426 -0.012218
0.005591 -0.016634 0.008205
0.002694 0.003691 -0.010599
0.020203 -0.021677 0.010527
0.020918 0.015217 0.005172
-0.002864 0.013726 -0.019556
0.008040 0.009702 -0.006818
0.012813 0.012916 -0.002376
-0.015466 -0.006352 -0.003059
0.004236 -0.007254 0.000602
-0.002040 -0.016484 0.017963
0.005440 0.003498 -0.001902
-0.011663 -0.022500 0.001018
-0.025052 0.003543 -0.014343
0.023754 -0.003110 -0.007250
0.008386 0.029846 0.021142
0.017487 0.005900 -0.004372
-0.029534 0.046351 0.019083
-0.004510 -0.009546 0.027875
0.020157 0.013477 0.005172
-0.014616 0.012656 -0.022515
0.008773 0.012937 0.013905
0.001357 -0.008339 0.027473
-0.006744 0.004738 -0.011498
0.007022 -0.007349 -0.001646
-0.006152 0.005192 -0.008252
0.010176 0.009425 0.029364
0.002512 0.037104 -0.003274
-0.001166 0.022076 0.014089
0.025622 -0.024260 0.038991
-0.013029 -0.008158 0.004855
-0.036097 -0.019366 -0.033933
0.001687 -0.022951 0.006928
-0.000053 -0.026116 -0.003823
0.021240 0.045678 0.012210
-0.018193 0.008316 0.009700
0.005160 0.006715 0.005412
-0.014502 0.013451 0.007582
0.016986 0.023617 0.003823
0.015383 0.005349 0.004870
0.001631 0.017751 0.026705
-0.021770 -0.008014 -0.007286
0.005218 0.009530 -0.016414
0.007153 -0.019977 -0.006139
0.000200 0.000060 -0.020882
0.000931 -0.009812 0.019648
-0.011039 -0.021352 -0.001384
-0.017818 -0.029526 0.016936
0.003035 0.003278 -0.017570
0.014188 -0.011167 -0.013674
-0.015581 0.023629 -0.015279
0.003477 -0.013753 0.018609
0.011040 0.013447 0.004448
0.001664 0.017133 0.000868
0.011889 -0.005354 0.027182
0.000745 0.005491 0.009981
-0.024833 -0.002379 0.000302
0.009479 0.028336 0.001579
0.002133 -0.002194 0.005250
-0.008636 0.024300 -0.015056
0.004116 0.016299 0.029091
-0.017363 0.005552 -0.020330
0.000828 -0.017078 0.010420
0.001631 -0.012559 -0.013370
0.008258 0.011507 0.001141
-0.036269 0.007831 -0.005315
-0.005210 -0.000690 0.002152
0.003022 -0.002133 -0.008930
0.006442 -0.038791 0.004829
-0.004878 -0.001485 -0.021826
0.004237 -0.038507 0.020149
0.004744 -0.011605 0.012736
-0.048488 -0.006471 0.016626
-0.016372 0.010060 0.027419
-0.008833 -0.008284 -0.017704
-0.007089 0.000445 0.002392
-0.015654 0.011257 0.015550
0.015139 0.002711 -0.009006
-0.011512 -0.022186 -0.002697
0.004040 0.020141 -0.017191
-0.016659 0.004231 0.011621
0.009099 -0.003551 -0.018842
-0.000901 -0.006052 0.037402
0.005675 -0.008160 -0.014331
0.000564 0.026889 0.008630
-0.013317 -0.004288 -0.004403
-0.015595 -0.007763 0.003650
0.000128 0.007737 0.009837
0.018022 0.006514 -0.017859
0.007396 -0.000852 0.022321
-0.007176 0.002555 -0.017008
-0.010817 -0.001622 0.016465
-0.003080 0.007260 0.005255
0.020606 0.015919 -0.002741
-0.013094 0.011804 0.016095
-0.010964 0.031309 0.016065
-0.006000 0.004917 0.007617
-0.036063 -0.000327 0.000777
0.000209 0.018651 0.017098
0.002105 0.023873 0.008447
-0.012766 -0.003711 0.021161
-0.022244 -0.001548 0.004214
0.005974 0.012755 0.000602
0.018177 0.034136 0.020358
0.005401 -0.010075 -0.004486
0.007638 0.005099 -0.004834
-0.015840 -0.015536 -0.013702
0.004087 -0.002304 -0.006063
0.020394 0.030089 -0.004640
0.011902 0.030099 -0.021608
-0.002925 -0.003150 0.001391
-0.010657 -0.030011 -0.007617
-0.006469 -0.010237 0.003247
0.001809 0.017469 0.027187
-0.005480 0.000186 -0.007094
-0.009408 -0.000061 -0.011923
-0.014424 0.006930 0.021855
0.004555 -0.024034 0.014292
0.002817 0.014537 0.011358
-0.024445 0.028592 -0.007621
0.005298 0.000881 0.001199
-0.011848 -0.001021 0.007832
0.003473 0.040967 0.021088
-0.004321 0.017445 0.009328
-0.004099 -0.006802 -0.017163
0.012977 -0.027425 -0.005775
0.030005 0.004042 0.008850
0.023287 0.011334 0.000971
-0.002085 0.007276 -0.016767
-0.009310 0.002587 0.010976
0.031751 0.010410 -0.009415
-0.020314 0.013823 0.020423
-0.024353 0.003014 0.036821
-0.029998 0.004950 -0.000020
-0.014337 -0.000839 0.001964
0.007881 0.031251 0.000077
0.001185 0.029849 0.012568
-0.004852 0.035024 0.004082
0.033059 -0.007854 -0.004311
0.001465 0.005659 0.034957
-0.011090 0.011716 -0.002460
-0.019218 -0.010596 0.008258
0.027808 -0.023709 0.008871
0.002672 0.018158 -0.020408
-0.000910 0.022284 0.017212
-0.001508 0.015479 0.020714
-0.016887 -0.024966 0.004062
0.003416 -0.009042 -0.021005
-0.004330 0.024110 0.002572
0.014973 0.009068 0.010226
0.001331 0.007799 0.004303
0.010127 0.031238 0.003022
0.000985 -0.004141 0.001897
-0.023366 -0.002254 0.037196
-0.002058 0.000217 0.006776
-0.024339 0.002306 0.003685
-0.007590 0.004754 -0.020760
-0.025475 0.001706 0.012846
-0.008031 0.003966 0.029112
-0.007880 -0.006687 0.002299
0.000489 0.003988 -0.009038
0.014621 0.008333 0.014640
-0.002691 -0.019703 -0.000293
0.013640 0.003757 0.003337
-0.004821 -0.002288 -0.020380
-0.016930 -0.000416 0.009411
0.014887 0.001485 0.001254
0.017406 -0.023023 -0.005784
-0.010736 -0.012884 -0.026791
-0.003070 -0.031012 -0.014927
-0.015469 -0.003353 -0.010904
-0.024199 0.007096 -0.032519
0.004354 -0.031164 0.005255
0.006559 0.006176 -0.002286
0.013813 -0.026109 0.010547
0.017980 -0.004514 0.013323
0.002735 0.013611 -0.048390
0.000623 0.007320 -0.021812
0.006045 -0.001167 -0.017366
0.022761 -0.007406 -0.005920
0.000705 -0.008606 -0.003520
-0.011026 -0.030599 0.002783
0.011506 -0.021899 -0.012567
-0.025977 0.012711 0.011061
0.005246 -0.000087 -0.022678
0.036619 -0.045627 -0.038754
-0.002977 -0.007886 -0.017988
-0.005546 0.024000 0.008705
0.002318 0.004490 -0.012158
-0.001520 0.025401 -0.018071
0.001741 -0.018523 -0.018931
0.030024 0.000920 -0.009159
0.022189 0.001870 -0.006814
0.004258 -0.012607 -0.012746
-0.006236 0.007710 -0.016905
0.014667 -0.012420 0.004147
-0.019246 -0.016761 -0.015241
-0.026821 0.010734 -0.012873
0.005740 -0.018163 0.022206
0.018756 0.004149 -0.009140
0.025896 0.006293 -0.004588
0.001550 -0.012038 0.005919
0.019282 0.026880 0.007046
0.019634 0.038067 0.010295
-0.021725 0.013835 0.023032
0.010801 0.014795 -0.012672
0.000065 -0.014579 0.004467
0.020414 -0.001305 0.010028
0.006278 -0.019829 0.027698
-0.003550 0.011088 -0.021802
0.013063 -0.020086 0.023178
-0.004257 0.029006 -0.017739
-0.020275 -0.006546 -0.013073
-0.014538 -0.015607 -0.005755
-0.016970 0.000191 -0.016506
-0.026995 -0.000047 0.016135
0.002014 -0.018412 -0.001003
-0.012002 -0.019386 0.043922
0.013441 -0.002954 -0.002025
-0.012846 0.019421 -0.022031
-0.012333 -0.000211 -0.005857
0.023052 -0.012221 0.009916
-0.001502 -0.000821 0.021614
-0.013549 0.011523 -0.011112
0.008884 0.010211 0.030559
-0.029073 0.001275 -0.012892
-0.019251 0.000361 -0.001739
0.001286 -0.004429 0.029577
0.010421 0.011284 -0.004638
0.000330 -0.017533 0.010865
-0.022074 -0.017452 0.013528
-0.013585 -0.001289 -0.019288
0.007993 -0.020980 -0.008414
0.000896 -0.007044 -0.010535
0.003369 0.020370 0.015289
-0.014295 0.005883 -0.013431
-0.021970 -0.016113 0.007289
-0.008664 0.002563 -0.023363
-0.019669 0.000616 0.001943
0.009736 0.004898 0.013634
-0.012030 -0.009205 0.009499
-0.004759 0.018066 0.007231
0.022378 0.019566 -0.011209
-0.014269 -0.018359 0.006300
0.032005 0.018016 0.007657
0.002781 0.003036 0.000185
-0.029626 0.009412 0.015442
0.006200 -0.002623 0.008254
0.021370 -0.002424 0.004679
-0.018203 0.010943 0.030606
-0.004329 0.000501 -0.033020
0.014593 0.028138 -0.025041
-0.005696 0.006427 0.011322
0.007218 0.016042 0.041413
-0.000359 0.008157 0.008991
0.009918 -0.009003 0.011807
-0.022030 0.013234 -0.010507
-0.000608 -0.021444 -0.002082
-0.025216 -0.005751 0.029757
-0.005681 0.012883 -0.007362
-0.016630 0.007195 -0.011289
-0.017126 -0.002562 -0.003367
0.009526 -0.005790 0.011316
0.018167 0.008668 0.013307
0.005816 -0.015178 0.005489
0.018871 0.012791 0.037526
-0.002105 0.013126 -0.001941
-0.008211 -0.009780 0.022359
0.004018 -0.023546 0.001534
0.008302 -0.014183 0.019775
0.000183 0.030438 -0.023301
-0.000819 0.016743 -0.016991
0.021071 0.014005 0.026074
0.000597 0.008958 0.001159
0.014239 -0.002190 0.005816
-0.005418 0.017063 0.017699
-0.020218 -0.011391 -0.027536
-0.004778 -0.004338 -0.009401
0.000636 -0.017593 -0.015677
-0.015991 0.000218 -0.023248
-0.001959 -0.005274 -0.004665
0.004979 -0.029213 0.027952
-0.005313 0.037619 0.022244
-0.013872 -0.003841 -0.017805
0.012928 0.014750 -0.020582
-0.002085 -0.012168 0.002355
-0.019977 0.003544 0.006638
0.010096 -0.018134 0.019910
0.028274 -0.007352 -0.006165
0.007388 -0.007992 -0.005952
0.012425 -0.015445 -0.001429
-0.010037 -0.027730 0.005502
0.023957 -0.012651 -0.002684
0.020573 -0.036541 -0.022428
-0.007404 0.014800 -0.005231
0.011002 0.014529 -0.007716
0.024134 0.028872 0.003474
-0.004227 0.000665 -0.001792
0.018168 0.021909 0.014699
-0.002088 0.009561 -0.002274
0.012801 -0.027406 0.024570
-0.009096 -0.006724 -0.001117
0.018851 -0.005772 -0.013233
0.000551 0.012368 0.010402
0.003257 -0.007008 -0.006411
-0.015363 -0.012297 -0.025769
0.020297 -0.001185 -0.004135
-0.039185 -0.013114 0.007122
-0.019807 -0.014884 -0.002516
0.000916 -0.022702 0.004001
0.007376 -0.016664 -0.018187
0.000047 0.004517 0.027750
0.001339 -0.000918 -0.003431
-0.004895 -0.009014 0.000949
-0.012754 -0.002779 -0.009361
0.014194 0.010487 0.014804
0.009703 0.007055 -0.003059
-0.004789 -0.021608 0.007723
-0.003898 0.004270 0.003875
-0.029782 0.003324 -0.002534
0.012609 -0.008925 -0.022511
-0.003147 -0.012478 -0.022121
-0.006722 0.007222 -0.007243
0.004246 -0.009312 0.001603
0.001168 -0.002391 -0.008102
0.005512 0.028813 0.001708
0.017117 0.010182 0.009834
-0.021515 0.008078 -0.022142
-0.009434 -0.016648 -0.022648
-0.006253 0.013863 0.002485
0.022323 -0.017057 -0.034297
-0.001363 -0.010587 0.002258
-0.005296 -0.002211 0.011174
0.006070 -0.009675 0.008960
0.023554 0.006036 0.006888
-0.026201 -0.000859 -0.042205
-0.014002 -0.019914 0.034118
-0.026739 -0.000401 -0.008512
-0.001528 -0.012946 -0.032531
0.008762 0.031336 0.029538
0.002892 -0.002147 0.000880
0.024324 0.018424 0.006497
-0.012555 -0.030597 0.004014
-0.004364 -0.012826 -0.014540
0.028307 -0.001337 -0.014863
0.002866 -0.004545 0.009805
0.002508 0.035573 0.015396
0.008861 0.018869 -0.002991
0.014389 -0.001814 -0.017173
0.000096 -0.019567 0.010572
-0.016498 -0.022420 0.011137
-0.015434 -0.001100 -0.012904
-0.004648 0.003513 0.024038
0.020881 -0.010066 -0.004316
-0.001024 -0.013803 -0.019688
0.021638 0.020392 -0.000454
-0.013674 -0.011081 -0.000375
-0.001282 0.012973 0.014691
-0.007323 -0.005977 -0.004525
0.008230 -0.000069 -0.002725
-0.009812 0.007286 -0.026969
0.016619 0.008300 0.009680
-0.010054 0.002305 -0.015054
-0.004264 -0.000490 -0.002694
-0.014911 0.017541 -0.001767
-0.006845 0.003853 0.010154
0.003676 -0.011351 -0.012341
-0.042366 0.000206 -0.001649
-0.015710 0.035889 0.029570
-0.005031 -0.036570 -0.024114
0.022736 0.018335 0.005724
-0.002297 -0.013941 -0.004309
-0.007485 0.021330 0.006264
0.010050 0.003287 -0.001770
0.004868 -0.010359 -0.008021
-0.019608 -0.021715 -0.005007
-0.007029 -0.037469 -0.002990
0.004914 0.018603 -0.010891
0.000400 0.006668 0.013025
-0.020043 -0.013037 -0.020529
-0.025256 -0.014970 -0.010453
-0.003981 -0.001331 -0.001681
0.001108 0.031160 -0.005024
-0.008810 0.004239 0.015666
0.023034 -0.007274 -0.007820
0.007924 0.010428 -0.003908
0.016125 -0.016850 0.019777
0.016658 -0.007793 0.007028
0.002130 0.000503 0.005127
0.004476 0.002299 0.005681
0.010650 0.013548 -0.002437
-0.007880 0.004217 -0.003320
0.024772 -0.001093 0.032909
0.053540 0.010021 -0.002834
0.007212 -0.001160 0.005309
-0.002979 -0.009098 0.008954
0.003984 -0.021556 -0.001992
-0.002369 0.010824 0.012170
0.023663 0.012422 0.003389
0.015137 -0.011578 -0.000596
-0.011795 0.002953 0.009210
0.008950 -0.009762 0.013689
0.017588 -0.004026 -0.001301
0.029320 0.001432 0.001441
0.003363 0.001385 0.000518
-0.017621 -0.020710 0.010525
-0.001938 -0.000342 0.023217
0.006934 0.035386 -0.005619
-0.023330 -0.019911 0.004305
0.017382 -0.017061 -0.004778
0.018640 0.002577 0.001494
-0.022459 -0.021577 -0.015022
0.008602 -0.014439 -0.021641
-0.017535 -0.005824 0.007738
0.011855 -0.028083 -0.007939
-0.017367 -0.007953 -0.012155
-0.011324 -0.012844 0.006340
0.005005 -0.026612 0.006157
-0.008595 0.009118 0.034977
-0.007358 -0.004602 -0.016447
-0.003079 0.038116 0.001133
0.001484 -0.026910 0.012330
-0.016965 -0.002963 -0.001020
0.008247 -0.005834 0.016547
0.018771 -0.009489 0.020002
-0.002184 0.014672 0.011992
-0.030162 0.017696 0.008247
-0.014092 -0.011128 0.016042
0.019604 -0.006638 -0.023331
0.009564 -0.015790 -0.019306
-0.005581 0.000119 -0.011116
-0.007730 0.018259 -0.017064
0.008817 0.020374 -0.012017
-0.000574 0.000994 0.000840
0.029322 -0.010295 0.006018
0.008295 -0.021010 0.019711
0.030232 -0.011085 0.006169
0.009062 -0.037020 0.008639
-0.030252 -0.018454 0.006107
-0.018310 -0.007859 -0.005338
-0.000349 0.005543 -0.009896
0.000402 0.016087 0.012628
-0.001641 0.003427 0.034939
0.015912 -0.007838 0.009817
0.034475 0.010946 0.002437
-0.013464 -0.000339 -0.002160
-0.004101 -0.002016 -0.001151
0.011687 -0.021688 0.026904
-0.007832 -0.023036 -0.029336
-0.001460 -0.014726 -0.012196
0.009935 0.009556 0.007005
-0.016214 -0.018607 0.002515
-0.002083 0.021848 0.019149
0.014164 0.001837 0.018994
0.017722 0.013571 0.001392
0.009260 -0.002464 0.013493
0.003706 -0.009233 -0.011483
0.005315 -0.007293 -0.024412
0.027547 0.018044 0.017825
-0.000122 -0.004861 0.004079
-0.019969 -0.013956 0.016551
-0.016747 -0.013972 -0.013989
0.022863 0.004053 -0.002623
0.018353 -0.030281 -0.013919
-0.005784 -0.012325 -0.008713
-0.004291 -0.021918 -0.010108
-0.008615 -0.014003 0.026242
-0.013125 -0.007312 0.002789
0.007725 -0.001297 -0.011988
0.005093 -0.011601 0.000512
0.037845 0.008124 -0.004272
-0.005647 -0.009980 0.018911
0.003580 0.011880 -0.031322
-0.033552 -0.025250 0.003298
0.004358 -0.014391 0.009647
-0.012961 0.018631 0.036186
-0.019980 0.003497 -0.028182
0.005966 -0.023256 0.005591
0.007578 -0.002573 0.018623
-0.010914 -0.011572 0.019348
-0.023220 0.019415 -0.022116
0.023550 0.000184 0.009732
-0.012332 0.016742 0.020090
-0.017849 -0.039000 0.002759
0.037910 -0.018175 0.024517
-0.018307 -0.001309 -0.009340
-0.019240 -0.004507 -0.000835
0.021604 0.014759 0.021194
0.016448 -0.016016 -0.006315
0.000388 0.008976 0.012278
0.035104 -0.007627 -0.010194
-0.008219 -0.013145 0.006133
-0.010563 -0.008971 -0.009050
0.006226 -0.020251 0.018941
-0.005172 -0.027836 -0.005969
-0.006358 0.006111 -0.005612
-0.013852 0.007707 -0.009187
-0.010354 0.005056 -0.028992
-0.002860 -0.001720 -0.002762
0.002456 0.006802 -0.004995
0.011837 0.003583 -0.003849
-0.000005 0.006981 0.020432
0.020245 0.004290 0.015822
0.007983 -0.003087 -0.009670
-0.018898 0.013579 -0.008313
0.015064 0.008334 0.002818
-0.000245 -0.001849 -0.010140
-0.013012 -0.001556 0.018614
-0.050227 -0.018213 -0.006751
-0.008310 0.013265 -0.000528
-0.005519 -0.001957 -0.027145
0.000088 0.002471 -0.017498
-0.026938 0.023620 0.012124
-0.007091 0.008742 -0.008985
0.005363 0.005067 0.009151
-0.011212 0.016476 -0.001009
0.000127 -0.008350 0.004337
-0.002393 -0.023510 -0.003780
-0.003492 -0.003447 0.005194
-0.036615 0.002947 -0.003259
0.002312 -0.013953 0.006021
0.018668 0.004055 0.000588
0.018468 0.009300 0.014328
-0.016000 0.007376 -0.005947
-0.024025 0.002121 0.019746
-0.009822 0.018166 -0.005336
0.004161 -0.014149 0.004452
-0.019817 0.009314 -0.017287
-0.002134 0.002867 0.011080
-0.018374 -0.019582 -0.032812
-0.003708 0.008838 0.020605
-0.017276 0.004333 -0.004440
-0.007159 0.001767 0.029269
-0.027586 -0.003114 0.014860
-0.025472 -0.010350 0.008246
-0.013912 0.008616 -0.013732
0.012056 -0.012900 -0.001008
-0.019346 0.029764 -0.015486
-0.018475 0.009913 -0.008424
-0.009160 -0.005746 0.018337
-0.012404 0.016107 0.018285
-0.035024 -0.026166 0.021430
0.013007 0.005035 -0.006199
-0.011184 -0.001078 -0.023211
-0.011339 0.007691 -0.009434
0.000602 -0.018794 -0.007125
0.017387 0.011983 -0.011654
-0.018272 0.023756 0.002874
0.010366 0.003175 -0.028594
-0.004320 0.006708 -0.023257
-0.004721 -0.000032 0.003633
-0.016508 0.002024 -0.034054
0.020740 0.016708 0.008654
-0.012289 0.005666 0.001431
0.019098 0.000207 0.006902
-0.010558 0.025071 0.009816
-0.016249 0.013487 0.012013
-0.026770 -0.002305 0.016739
-0.018329 0.013368 -0.012218
0.005133 -0.003410 -0.002913
0.030820 -0.007369 0.009406
0.007160 -0.029780 0.029636
0.026446 0.032035 0.008442
0.018664 0.016446 -0.010791
-0.005818 0.024362 0.017860
-0.003323 -0.005888 0.005606
0.020557 -0.021000 -0.015053
-0.002947 0.003907 -0.020265
0.003286 0.016844 0.007516
-0.014414 0.006496 0.007753
-0.027785 0.005825 0.015583
0.003763 -0.015484 0.022848
-0.029770 0.002417 -0.000735
-0.021497 0.022398 0.008111
-0.001104 -0.019749 0.003833
-0.014307 -0.005150 0.022867
0.033409 0.007618 -0.009725
0.010585 -0.019379 0.034915
-0.002495 -0.011247 0.002177
0.008338 -0.022796 0.032290
0.017238 -0.032901 -0.000806
-0.016912 -0.001412 0.005982
0.007432 0.020001 0.021885
-0.006911 -0.006970 0.025085
0.029134 0.001160 -0.024900
-0.002755 0.005598 0.006458
0.013326 0.000822 0.031685
-0.022248 0.010754 0.007019
-0.031335 -0.005447 0.012607
-0.014291 -0.005507 0.016515
-0.026121 0.018142 -0.016313
-0.008979 0.003332 0.001915
0.029462 -0.012578 -0.007146
0.004639 -0.040374 -0.012098
-0.014188 0.001102 -0.000278
-0.004322 0.004145 -0.016041
0.013186 0.014211 -0.018967
-0.011794 -0.008519 -0.026655
0.026561 -0.022005 -0.008249
-0.005174 0.013923 -0.001511
-0.004438 -0.002565 0.005150
-0.019499 -0.015019 0.029956
-0.005999 0.011777 -0.007122
-0.008336 0.006912 0.019537
-0.011294 0.006716 0.019263
0.015092 0.027987 -0.005479
-0.000950 -0.024890 0.009773
0.012672 0.032057 -0.031495
0.001110 -0.007178 0.016692
-0.019815 0.001670 0.004448
0.016353 0.001676 0.002039
-0.011008 -0.011056 0.014856
0.021285 0.001867 -0.000095
0.022436 -0.004253 -0.006355
-0.013187 0.009419 -0.032818
0.019013 0.004036 0.002085
-0.029790 -0.031290 -0.011463
0.012512 -0.005955 0.013243
0.021232 0.019263 0.003230
-0.005391 -0.015670 -0.001382
-0.016444 0.026647 0.027539
0.012678 0.024701 -0.001479
0.008412 0.007096 -0.008326
-0.006042 0.004274 0.009667
-0.019839 0.002602 -0.013267
0.003933 0.005566 0.016692
0.013493 -0.008363 -0.013232
0.005924 0.005415 -0.004033
0.003171 -0.002112 -0.012132
-0.012513 0.018176 0.011337
0.006360 0.009193 0.016837
-0.010067 -0.005701 -0.014473
0.018191 -0.020993 0.008429
-0.002295 0.015652 0.005268
0.004807 0.037679 0.014645
-0.014151 0.002394 0.010578
-0.012498 -0.004804 0.010014
0.015663 -0.011422 -0.008325
0.009430 -0.007711 0.006450
-0.000709 -0.019063 -0.005786
-0.007922 0.018310 0.013636
-0.011448 0.013002 0.001250
-0.024235 -0.016455 -0.004957
0.008383 -0.027314 0.006706
0.012584 -0.024948 0.014823
0.006810 0.001680 -0.014283
-0.013896 -0.008084 -0.001438
0.019869 0.008858 -0.006097
-0.011796 0.005333 -0.002446
-0.006994 0.012709 -0.019599
-0.010162 0.016651 0.010045
-0.023028 0.008283 -0.008265
0.002325 -0.016621 -0.008554
-0.008188 0.012402 -0.024452
-0.010964 0.010872 -0.027691
-0.015592 -0.005035 0.017004
-0.002379 -0.021505 -0.013616
-0.008693 -0.020969 -0.002040
-0.003221 -0.007758 0.012734
0.008944 0.024121 0.014654
-0.007072 0.004039 0.019774
0.026129 0.016498 -0.024999
0.011024 0.002315 0.003414
-0.005376 0.010565 -0.015242
-0.017621 0.015458 -0.005345
0.003352 0.004230 -0.025122
-0.017384 -0.020784 -0.000968
-0.003894 -0.005765 -0.003796
0.023909 0.008060 -0.003287
-0.022840 0.017144 0.016456
-0.029863 0.009606 -0.025114
0.021472 0.004795 0.002394
-0.015097 -0.007736 0.004507
0.002754 -0.016122 -0.005107
0.010772 -0.001063 0.023129
-0.007911 0.002250 0.006220
-0.035355 0.011666 0.009011
0.009135 -0.001574 0.004048
-0.002190 0.024257 0.012038
-0.000497 0.012616 -0.006657
-0.012430 -0.001600 0.010071
0.021166 -0.001661 -0.020715
0.001896 0.008608 -0.004144
-0.025100 -0.008933 -0.013209
-0.025663 0.025177 -0.018707
0.004954 0.014279 0.015830
-0.005971 -0.005967 0.007522
0.003231 0.024992 0.021467
-0.006335 0.010970 -0.015453
0.003984 -0.002455 0.000155
-0.006147 -0.010874 0.007621
-0.011988 -0.034302 0.001267
0.025210 0.020361 -0.027616
0.003983 -0.016645 0.003457
-0.008750 -0.035693 -0.001524
-0.041788 0.014515 -0.003458
0.014784 0.023921 -0.006046
0.016703 -0.012900 -0.009004
-0.022835 0.008073 -0.006881
-0.007299 -0.005436 -0.015119
-0.027770 0.022840 0.021444
0.011203 -0.013788 0.028328
0.046424 0.002856 -0.005006
0.000638 -0.016185 0.007991
0.017702 -0.003491 -0.012829
0.010423 -0.004231 -0.007157
-0.018788 0.015168 0.008990
0.018115 0.015161 0.010234
0.008709 0.034087 0.000136
0.024198 -0.009193 0.024170
0.000837 0.005591 0.006948
0.003419 0.023026 0.020363
0.001444 0.022851 -0.020792
0.009254 0.005856 -0.009256
-0.001334 0.008768 0.027852
0.012213 -0.005912 0.019909
-0.018331 -0.010032 -0.014635
-0.025435 0.014792 -0.000020
-0.001651 0.007445 -0.021029
0.016726 0.032469 0.007872
0.030140 0.011994 -0.028096
0.003789 0.017838 -0.001546
0.012242 0.002531 -0.022034
-0.006752 -0.005985 -0.002972
-0.009238 0.001484 0.003721
-0.020162 0.040765 -0.024506
-0.018155 -0.006968 -0.025086
0.006400 0.017889 -0.001981
-0.015867 0.015931 0.001249
0.008103 0.000109 0.024729
-0.006887 0.000758 0.013021
-0.016998 0.012799 0.002840
0.008305 0.031539 -0.012180
0.026671 0.020506 -0.001440
-0.013852 -0.007984 -0.011044
-0.031983 -0.007954 0.006458
-0.022721 0.002856 -0.002427
-0.005017 0.009592 0.023087
-0.016072 -0.012568 -0.015244
-0.005793 -0.007533 -0.015480
0.002029 0.011047 0.008884
0.003380 0.006281 -0.007681
-0.009407 -0.009833 0.003081
-0.016042 -0.008843 -0.027869
0.002088 -0.008330 0.020812
-0.016660 -0.012354 -0.020855
0.004463 0.012647 0.008124
0.006154 0.007500 0.012884
-0.015907 -0.001041 0.000099
-0.008933 0.004729 0.001694
0.012191 -0.007454 0.009149
-0.014329 0.015792 0.038190
0.017646 -0.010593 -0.029184
-0.011287 -0.001991 -0.002227
-0.013667 0.016102 0.019941
-0.005876 -0.012755 0.010500
0.006951 -0.008704 -0.001057
-0.000077 0.008623 0.005020
0.000313 0.040070 0.020038
-0.013248 0.012405 -0.011944
0.005250 0.005780 0.020391
-0.004779 -0.011727 -0.009028
-0.021484 -0.021133 -0.018104
0.002106 -0.002692 -0.000701
0.003594 -0.009986 -0.003307
0.016431 0.004116 -0.000997
-0.019683 0.014272 0.012957
-0.014603 -0.012608 -0.015584
0.029614 -0.008751 -0.008971
0.009292 -0.008569 0.005443
0.005850 -0.009410 0.017194
-0.002699 -0.023800 -0.007569
0.002488 -0.009540 -0.026101
-0.003045 -0.036714 0.032147
0.023052 -0.032259 -0.007937
0.012322 -0.006831 0.009958
-0.009898 -0.005845 0.009356
0.003739 0.004488 -0.007286
-0.003420 0.012844 -0.001721
0.007267 -0.000565 0.029303
-0.021096 0.011204 0.000301
-0.013810 0.006861 0.009118
0.007556 -0.012523 0.022589
0.000187 0.011777 0.015625
-0.013705 0.027205 -0.012653
0.016745 0.008297 0.007480
-0.022891 0.017251 -0.003435
0.007000 -0.015644 0.024996
-0.013950 -0.002139 -0.005357
-0.020720 0.008214 -0.015104
-0.011259 0.024141 0.001705
-0.013508 -0.006462 -0.010167
0.002568 -0.000497 0.014019
-0.007328 -0.013935 0.018367
-0.006542 0.001236 0.020637
-0.019708 0.003526 0.007513
-0.014310 0.008144 -0.000905
0.013185 -0.001204 -0.015765
0.011800 0.016463 -0.018781
-0.003395 0.028963 -0.028989
0.003170 0.017460 -0.028143
-0.000265 0.023252 -0.008094
-0.002696 -0.006657 0.016588
0.000496 -0.000232 -0.018361
-0.018104 0.007081 -0.008665
-0.005178 -0.019422 0.006441
-0.027077 0.008318 -0.005837
-0.034124 -0.021542 0.009521
-0.032965 0.008412 0.027079
-0.009467 0.007570 0.009487
0.010316 0.020505 0.005831
0.011058 -0.022043 -0.019168
0.002761 -0.010212 0.009450
0.004737 -0.024275 -0.010066
-0.009759 -0.008672 0.014681
-0.026126 -0.002084 0.023974
-0.012164 0.014049 -0.024761
-0.004633 -0.007844 -0.028434
0.006035 0.009236 0.021993
-0.014063 0.007478 -0.016290
-0.007685 0.002658 -0.011350
0.001712 0.024139 -0.000542
-0.027702 0.008663 -0.000021
-0.008644 0.013436 -0.004192
-0.006897 -0.006211 0.018863
0.019271 0.014278 0.013553
0.001837 0.018519 0.022211
-0.009105 -0.034863 0.001513
0.027776 0.008518 -0.021867
0.022718 0.001317 0.000780
0.008082 -0.005581 -0.013815
0.002995 0.013283 -0.007717
0.031172 0.017193 -0.033988
-0.024080 0.006214 -0.006419
-0.012371 0.017541 0.009818
0.009978 0.037663 0.004675
0.012889 -0.005608 0.013093
-0.036985 0.044009 0.000472
0.006966 -0.001256 0.031334
-0.001299 -0.003670 -0.012160
0.007432 0.010611 0.008529
-0.000841 0.002889 0.009626
0.005843 0.017651 0.005302
-0.001338 0.007685 0.019806
0.003687 0.013582 0.004025
0.036340 -0.024351 0.034633
0.007088 -0.041305 0.000880
-0.013074 -0.025944 -0.010450
-0.001828 -0.008079 -0.003252
0.000194 0.011265 0.015033
0.008229 -0.003221 -0.004529
0.000156 0.021166 0.001222
0.008664 0.012492 -0.006664
-0.006481 0.015390 0.000738
-0.007761 -0.009181 0.000452
-0.006416 0.002444 -0.002117
0.002908 -0.006342 0.005159
0.003648 -0.013959 -0.007878
0.012085 0.017665 -0.024587
0.001143 0.032127 -0.001981
0.023277 0.027917 -0.001977
