# 参数名称：backbone.features.11.conv.4.weight
# 参数形状：(384,)
# 参数数据类型：float32
# 参数值（保留6位小数）：
0.979138
0.970926
0.965883
0.987538
0.980505
0.995805
0.968454
0.977129
0.965282
0.967654
0.981137
0.987343
0.981283
0.986395
0.965826
0.975024
0.963450
0.963213
0.993422
0.984301
0.974509
0.966602
0.982345
0.958983
0.965283
0.973413
0.991284
0.970096
0.989409
0.980418
0.987223
0.970105
0.977708
0.966887
0.966152
0.974697
0.980554
0.984383
0.951489
0.984309
0.978879
0.985274
0.965812
0.987599
0.971625
0.972410
0.987483
0.979684
0.972751
0.983661
0.974377
0.966032
0.987790
0.973111
0.961314
0.964265
0.970096
0.969409
0.967560
0.991318
0.993229
0.988814
0.968250
0.967773
0.973450
0.970512
0.971006
0.964800
0.958565
0.982773
0.978657
0.974981
0.979966
0.984153
0.961019
0.980966
0.973998
0.965156
0.978948
0.960524
0.980232
0.974126
0.979757
0.980859
0.974549
0.988732
0.982545
0.975144
0.978532
0.990667
0.984637
0.979835
1.000114
0.976091
0.959487
0.968686
0.978640
0.994819
0.983626
0.975129
0.975303
0.966267
0.973429
0.978515
0.977651
0.982413
0.981705
0.980423
0.977133
0.986319
0.964862
0.961616
0.990273
0.985323
0.986439
0.966832
0.970164
0.970957
0.975590
0.976472
0.973696
0.977532
0.976253
0.964978
0.973296
0.961473
0.972672
0.975094
0.977343
0.970738
0.976828
0.971223
0.982196
0.977586
0.986497
0.975149
0.998667
0.975706
0.962553
0.974872
0.961202
0.973849
0.963582
0.959378
0.965523
0.987016
0.988491
0.971857
0.989045
0.986093
0.980772
0.988117
0.960514
0.978086
0.981223
0.962532
0.957000
0.973839
0.985133
0.983250
0.986308
0.970725
0.988174
0.990678
0.967972
0.970866
0.974796
0.978609
0.987094
0.964991
0.980572
0.980328
0.970443
0.977241
0.970620
0.975583
0.971849
0.979506
0.985697
0.979488
0.967869
0.962919
0.987305
0.971888
0.991873
0.970935
0.981037
0.957920
0.969331
0.958830
0.984631
0.978285
0.983095
0.975651
0.969262
0.977713
0.981572
0.987036
0.984054
0.962327
0.968472
0.962726
0.989482
0.983772
0.984405
0.993842
0.983921
0.965073
0.967285
0.971946
0.963183
0.979878
0.975870
0.973069
0.981301
0.984786
0.993817
0.978598
0.969776
0.966771
0.967416
0.971186
0.961800
0.969214
0.964514
0.993625
0.971095
0.972557
0.970190
0.970740
0.980619
0.965269
0.971425
0.987442
0.982933
0.973530
0.980901
0.964300
0.968623
0.953963
0.981414
0.990572
0.970275
0.982618
0.966578
0.969082
0.970721
0.990735
0.985715
0.988853
0.994087
0.988095
0.987949
0.959090
0.968223
0.984518
0.980848
0.988813
0.972217
0.973394
0.971871
0.962668
0.992676
0.960299
0.981345
0.975336
0.978785
0.974476
0.971870
0.957397
0.966873
0.967467
0.980380
0.967625
0.965657
0.973406
0.971793
0.968113
0.988601
0.963574
0.976516
0.945896
0.982109
0.968853
0.987649
0.989711
0.961787
0.979637
0.982774
0.989859
0.973067
0.955561
0.988350
0.988389
0.982861
0.978243
0.970462
0.998322
0.961722
0.990597
0.984770
0.974132
0.985846
0.989575
0.955726
0.990882
0.957946
0.973355
0.970612
0.967246
0.970729
0.969556
0.970162
0.963523
0.973979
0.982130
0.965009
0.995227
0.979231
0.991826
0.960963
0.981365
0.953007
0.987886
0.972591
0.965077
0.974062
0.966148
0.969113
0.969555
0.974604
0.964099
0.960967
0.973846
0.983769
0.976599
0.969667
0.982364
0.964022
0.971629
0.976332
0.975892
0.971285
0.994103
0.969588
0.974958
0.979846
0.977799
0.962730
0.961580
0.972352
0.987055
0.974882
0.967670
0.982497
0.987365
0.966056
0.980331
0.983788
0.964700
0.992050
0.973032
0.991658
0.988686
0.964832
0.969910
0.984469
0.977651
0.956340
0.982472
0.963477
0.970488
0.982113
0.970023
1.003441
0.969254
0.965595
0.982703
0.967137
0.976327
0.971769
0.977454
0.977510
0.987033
