# 参数名称：backbone.features.12.conv.4.weight
# 参数形状：(576,)
# 参数数据类型：float32
# 参数值（保留6位小数）：
0.970944
0.952273
0.957160
0.981360
0.972804
0.952888
0.978040
0.965002
0.968755
0.983964
0.947327
0.969293
0.979093
0.956635
0.954462
0.960372
0.939776
0.957696
0.955887
0.938953
0.943314
0.965901
0.952317
0.970057
0.936723
0.950819
0.973051
0.955093
0.941679
0.949263
0.939163
0.939426
0.972391
0.938178
0.957619
0.961789
0.972831
0.976531
0.947473
0.966724
0.970249
0.963267
0.968226
0.962516
0.945815
0.960441
0.954895
0.967431
0.946396
0.954482
0.968735
0.944209
0.950831
0.933331
0.951916
0.956293
0.950136
0.960157
0.948773
0.945656
0.953269
0.936505
0.949170
0.972025
0.954119
0.974365
0.982153
0.946483
0.955816
0.970530
0.937354
0.973318
0.958258
0.963884
0.946226
0.946269
0.954655
0.963555
0.953286
0.957740
0.981241
0.955648
0.960827
0.954449
0.950454
0.942741
0.985081
0.969043
0.974177
0.941893
0.954367
0.960622
0.947364
0.959481
0.920019
0.957769
0.956891
0.948329
0.945221
0.949508
0.968333
0.950407
0.977932
0.968915
0.970193
0.946759
0.966186
0.974094
0.943648
0.942600
0.941701
0.960023
0.975446
0.966194
0.971100
0.946180
0.949393
0.979381
0.966155
0.960096
0.949069
0.941297
0.948758
0.976541
0.971418
0.960453
0.964458
0.958068
0.969197
0.969970
0.935782
0.959182
0.947757
0.953776
0.948536
0.959198
0.961180
0.961906
0.978138
0.965597
0.944049
0.949524
0.962160
0.964533
0.958090
0.966440
0.974571
0.960518
0.960781
0.952646
0.954633
0.967649
0.962341
0.946957
0.964915
0.948736
0.961554
0.959731
0.970038
0.929392
0.945034
0.967957
0.955363
0.924202
0.976348
0.928608
0.967919
0.977377
0.960434
0.987223
0.936903
0.933185
0.936055
0.940631
0.961333
0.949851
0.968548
0.942933
0.965560
0.956370
0.942748
0.966876
0.943353
0.968547
0.951559
0.957745
0.953512
0.962984
0.958282
0.955113
0.945261
0.933129
0.950423
0.949990
0.946505
0.970841
0.945764
0.949179
0.959140
0.957416
0.961245
0.956962
0.983045
0.950806
0.986546
0.971499
0.968741
0.930625
0.920607
0.968328
0.956572
0.978179
0.954922
0.977530
0.958409
0.959415
0.951094
0.942859
0.965214
0.959897
0.963191
0.963873
0.952380
0.955369
0.978260
0.947638
0.964533
0.975778
0.966198
0.940423
0.953572
0.946537
0.940008
0.934740
0.955946
0.963138
0.961614
0.968281
0.961341
0.952722
0.953775
0.967208
0.979404
0.947868
0.956600
0.975843
0.943663
0.963684
0.952451
0.951598
0.971151
0.921273
0.961444
0.977144
0.958265
0.947891
0.970668
0.976186
0.950192
0.965129
0.941720
0.965416
0.956643
0.978517
0.969217
0.971318
0.964987
0.952555
0.968321
0.949307
0.972877
0.970620
0.959928
0.977633
0.935799
0.939396
0.945855
0.963770
0.959057
0.971732
0.961747
0.959361
0.942593
0.954761
0.960601
0.978397
0.949898
0.926710
0.941396
0.949985
0.983268
0.949097
0.968386
0.955166
0.940974
0.974953
0.974604
0.973572
0.977930
0.952200
0.960704
0.954088
0.969806
0.942743
0.937825
0.968003
0.937695
0.950697
0.959652
0.961688
0.951585
0.949406
0.964232
0.961478
0.944948
0.950808
0.958883
0.954673
0.971991
0.979448
0.976144
0.981308
0.923355
0.952440
0.948314
0.958977
0.945283
0.960358
0.939219
0.956310
0.962540
0.963403
0.945680
0.958453
0.952265
0.978950
0.946719
0.941165
0.957687
0.978021
0.951561
0.954034
0.970185
0.948986
0.946543
0.946652
0.977853
0.959008
0.950739
0.970945
0.974174
0.949256
0.975739
0.939765
0.949327
0.957659
0.952404
0.955807
0.956932
0.963330
0.976010
0.946680
0.941887
0.960329
0.973626
0.943691
0.937922
0.957592
0.938380
0.950754
0.950104
0.964681
0.951449
0.956030
0.962152
0.962302
0.975981
0.938604
0.970643
0.941249
0.948003
0.964326
0.948990
0.950968
0.977368
0.954690
0.972633
0.945775
0.952271
0.954308
0.964834
0.965344
0.951936
0.971448
0.940766
0.961034
0.951486
0.953449
0.944313
0.971393
0.962326
0.951363
0.946226
0.954994
0.950598
0.944227
0.933220
0.967481
0.962659
0.979981
0.970583
0.962800
0.950984
0.970474
0.977040
0.965587
0.954594
0.974369
0.935939
0.946416
0.945419
0.949171
0.960253
0.948201
0.956689
0.941019
0.957876
0.957981
0.964334
0.961032
0.933867
0.963116
0.970624
0.951796
0.963666
0.960202
0.942574
0.961388
0.956429
0.958048
0.953599
0.971030
0.927054
0.968692
0.954616
0.960697
0.972473
0.978631
0.967355
0.959671
0.944925
0.944465
0.931662
0.982135
0.972625
0.957801
0.973387
0.969851
0.965355
0.948574
0.952194
0.947755
0.986600
0.942870
0.969843
0.952672
0.934121
0.960299
0.950680
0.941207
0.948089
0.955295
0.976260
0.952612
0.953524
0.970844
0.923437
0.935990
0.956959
0.979789
0.944098
0.950842
0.954164
0.945150
0.960408
0.962758
0.963734
0.961729
0.949706
0.958148
0.942608
0.959320
0.967248
0.937877
0.973813
0.922072
0.934327
0.961348
0.960892
0.955698
0.955867
0.956335
0.960573
0.956273
0.963186
0.964241
0.949974
0.947052
0.939791
0.955431
0.954269
0.944203
0.963570
0.926140
0.951417
0.968938
0.964627
0.957481
0.950800
0.965307
0.964327
0.943060
0.939054
0.970724
0.965995
0.956805
0.946281
0.965458
0.942701
0.948024
0.959987
0.946876
0.954781
0.972837
0.965354
0.959388
0.941411
0.946209
0.941726
0.966967
0.963416
0.957782
0.939061
0.954064
0.931129
0.958598
0.961819
0.961509
0.952536
0.974935
0.942319
0.938890
0.939853
0.973997
0.933012
0.960851
0.942868
0.969224
0.974716
0.948500
0.945653
0.946581
0.955614
0.977095
0.974265
0.977391
0.980732
0.940282
0.940390
0.963661
0.941798
0.970797
0.955521
0.960632
0.954145
0.961582
