# 参数名称：backbone.features.5.conv.4.bias
# 参数形状：(192,)
# 参数数据类型：float32
# 参数值（保留6位小数）：
0.007387
0.001201
-0.001572
-0.001075
0.006489
-0.002465
0.004611
0.000617
-0.005929
0.001971
-0.005576
0.000140
-0.003154
0.004118
-0.001390
0.003244
-0.004353
0.000436
-0.003048
0.003437
-0.001355
0.005188
0.005656
-0.002230
-0.004716
0.008371
0.007094
-0.000212
0.007576
0.000232
0.003765
0.000877
-0.002502
0.008657
0.001996
-0.007727
0.002367
0.003766
0.003768
0.006372
-0.000978
-0.000617
-0.002519
-0.002727
-0.002135
-0.008795
-0.013287
0.010444
0.000242
-0.000624
0.011253
0.008154
0.010333
0.006273
0.001685
0.000724
-0.001696
-0.002125
0.008998
0.007575
0.000454
0.000768
-0.000468
-0.005797
-0.005638
-0.006164
-0.000253
0.005161
-0.008145
-0.000611
0.014585
-0.002687
0.003375
-0.002858
0.000363
0.008758
-0.006310
0.006131
0.000563
-0.001976
0.003645
-0.004458
0.000567
-0.005528
0.012790
0.000294
-0.001780
-0.005239
0.001238
0.003088
0.003658
0.002583
0.003440
0.009896
-0.005824
-0.003369
-0.000458
0.001032
0.003289
0.012986
0.005429
0.002070
-0.004212
0.003258
0.002226
0.003721
0.001367
0.002588
-0.001862
-0.004633
0.000594
0.006771
0.007480
0.004383
-0.004307
-0.003402
-0.004692
-0.003109
-0.010287
0.009486
-0.005102
-0.004821
0.007393
-0.006555
0.004429
0.000074
0.000791
-0.001243
-0.010210
-0.003019
-0.006285
0.006857
0.006592
0.000666
0.011724
-0.001461
0.002188
-0.000207
-0.005519
0.000998
0.008188
0.012247
0.002769
0.014954
-0.000207
-0.008497
0.001234
0.004095
0.001763
-0.000759
-0.011597
-0.000521
0.009643
0.008784
0.004515
0.000609
-0.004312
0.003184
0.006928
-0.002727
0.003326
0.001908
0.007519
-0.002416
0.000433
0.000014
0.008820
0.003492
0.011339
-0.008003
-0.000691
0.001655
0.016412
0.003766
0.000932
-0.000440
-0.001529
0.010108
0.002219
0.003606
-0.008588
-0.007166
-0.002955
0.009736
-0.006649
0.000930
0.005921
0.016243
0.001937
0.007775
0.008652
-0.000131
