# 参数名称：backbone.features.1.conv.3.weight
# 参数形状：(16, 32, 1, 1)
# 参数数据类型：float32
# 参数值（保留6位小数）：
-0.331443
-0.552759
-0.011821
0.136504
-0.504794
-0.342925
0.101903
-0.560299
0.205426
-0.271949
0.036654
-0.222863
-0.559583
0.394064
0.587100
0.217829
-0.013110
-0.038088
0.299330
-0.017874
0.080093
-0.384691
0.149124
0.510136
-0.120671
-0.376670
0.211002
0.203334
-0.082459
-0.136930
0.220890
-0.130552
-0.120925
-0.796544
-0.434183
0.108577
0.864627
-0.311522
0.360580
0.171663
-0.290884
-0.334945
-0.061684
0.027087
-0.552397
-0.184292
0.002633
-0.563988
-0.239857
-0.352991
0.388967
0.330114
-0.213425
-0.437823
0.408081
0.623870
0.075019
-0.406677
-0.145716
-0.280731
0.137388
-0.282716
0.052270
-0.323150
-0.181683
0.677011
-0.007302
0.768334
0.395022
0.329015
-0.035174
-0.018603
-0.166190
-0.086591
0.179756
-0.534229
1.106961
0.320712
0.766939
0.172671
0.364603
-0.111311
-0.057406
-0.164279
-0.038970
-0.493880
0.001693
0.879088
-0.589883
0.152285
-0.488687
0.045350
-0.009220
-0.292147
0.258935
-0.148414
-0.512171
-0.425363
0.323780
-0.302872
0.671578
-0.244270
-0.065648
0.030967
-0.007645
0.162632
-0.575488
-0.547439
-0.005224
-0.293799
0.683013
-0.269378
0.522352
0.252165
0.026106
-0.225897
-0.208724
0.146999
0.344267
-0.026894
-0.500575
0.027446
0.158702
0.277108
0.283689
-0.379354
0.246712
0.463747
-0.232657
-0.408501
0.642252
-0.366626
0.131846
0.435793
0.179778
0.260267
0.409072
0.128225
0.327243
0.390817
0.123087
0.067263
0.001766
-0.157894
-0.370851
-0.293337
0.448895
-0.281034
-0.542158
-0.426637
0.395979
0.831199
0.391406
-0.377774
0.807184
0.571530
0.443562
0.634877
0.292146
-0.156555
-0.182128
0.671912
0.158862
-0.449249
0.371306
-0.146889
0.271857
-0.243729
-0.276333
-0.035624
0.324740
-0.409481
-0.222664
-0.849136
-0.210747
-0.170908
0.208354
-0.042682
0.463507
-0.605155
-0.432544
0.253810
0.186799
-0.313687
-0.017285
-0.412419
0.515629
-0.377058
0.531052
-0.091126
-0.200641
-0.061174
-0.144018
-0.639701
-0.105736
0.022663
-0.475617
0.029517
0.212289
0.041745
0.052230
0.021511
-0.275423
0.423707
0.073643
0.649820
-0.297397
-0.128383
0.177674
-0.315450
0.063558
0.109143
-0.449792
-0.734394
-0.152358
0.020821
-0.143996
-0.470729
-0.135544
-0.258418
0.022997
-0.489402
0.354851
0.193383
-0.001996
0.327685
1.068089
0.090682
0.132997
-0.342797
0.097629
0.348057
-0.096219
-0.060323
0.023646
0.195788
0.095494
-0.125032
-0.331507
-0.326899
0.268645
0.613999
-0.419194
-0.406070
0.186882
-0.266631
-0.480772
0.092038
0.203824
-0.014900
-0.344618
0.246338
-0.267297
-0.016070
0.184707
-0.236365
0.007695
-0.368417
-0.785610
0.393415
0.394199
0.056351
-0.316290
-0.273159
-0.316871
-0.357373
0.357652
-0.196118
-0.494167
0.234195
-0.294409
-0.548120
-0.208511
0.670276
-0.368464
0.479854
0.105561
0.197941
-0.170233
-0.342210
0.023466
-0.101219
0.587630
0.257167
0.568062
-0.046005
0.102573
-0.115306
0.568087
0.677206
-0.000016
0.523801
-0.791396
-0.163209
-0.124937
-0.175689
0.492757
-0.334662
0.163148
-0.450962
0.012074
0.177924
0.163079
-0.586400
-0.313320
-0.322668
-0.227608
-0.869136
-0.132096
-0.285943
0.161903
0.010853
-0.191805
0.238647
-0.067025
0.093847
0.012986
0.661928
-0.361577
0.157760
0.309527
0.353641
-0.295777
-0.219815
0.313740
-0.162173
-0.124660
-0.101510
0.181952
-0.000430
0.582551
-0.076150
0.205113
0.098783
0.291730
-0.376005
-0.052727
-0.614183
0.394248
0.315389
0.368180
-0.048327
-0.167879
0.607668
0.303325
-0.102017
-0.262443
0.312883
-0.197173
0.138166
0.269562
0.177467
-0.175135
0.307980
-0.006565
-0.569178
-0.295927
0.653105
0.152038
-0.241146
0.263533
-0.566948
-0.347198
0.772841
0.795249
-0.153961
0.500463
-0.004364
0.061987
0.078770
0.247165
-0.278103
-0.237824
-0.319659
-0.725824
0.289425
0.105575
0.234490
0.377584
-0.284577
0.640074
-0.442148
0.279002
0.000805
-0.119814
-0.391505
0.523998
-0.151569
0.059553
-0.188778
0.527910
-0.299991
0.312676
0.220062
0.203293
0.160424
-0.365347
0.281186
0.211161
0.380039
0.238613
-0.486182
0.095491
0.170723
0.149444
0.036779
0.243994
0.170895
0.034326
0.247522
0.278634
0.288153
0.237728
0.224561
0.116648
0.003895
-0.552027
-0.369476
0.556849
-0.157778
0.442528
0.097268
-0.044832
-0.237626
0.126341
0.067457
-0.029421
-0.129669
0.277173
0.765456
0.212377
0.318677
0.101705
-0.543468
0.260561
0.032601
-0.383673
0.418061
0.048236
-0.578131
0.049047
-0.094187
-0.550452
0.287202
0.137246
-0.044397
-0.038177
0.161129
0.593711
-0.368240
0.097694
0.339533
-0.189823
0.542753
0.019104
-0.233909
0.029749
0.360511
0.438120
-0.183058
-0.268189
-0.037433
0.187276
-0.084811
0.198195
-0.873524
-0.171285
-0.448381
0.337035
0.009898
0.080035
0.193575
0.415435
0.468306
-0.113923
0.559243
0.301135
-0.145223
0.059309
0.427624
0.479082
0.025101
0.174873
-0.197735
0.778329
0.435669
-0.100970
0.176430
-0.208123
-0.136981
-0.188754
0.214125
-0.209213
0.032739
-0.137188
0.077085
-0.299621
-0.127237
-0.030591
-0.113035
-0.341169
0.275271
0.040411
-0.241609
-0.017092
0.859217
0.485064
0.337906
-0.017841
0.368445
-0.182803
0.364588
