# 参数名称：backbone.features.16.conv.7.weight
# 参数形状：(160,)
# 参数数据类型：float32
# 参数值（保留6位小数）：
0.964543
0.952155
0.956856
0.955348
0.956697
0.951300
0.953550
0.955319
0.955171
0.947460
0.968981
0.955661
0.963857
0.962913
0.967294
0.952983
0.959804
0.963752
0.955809
0.967674
0.960552
0.965873
0.955904
0.958651
0.964671
0.958834
0.955286
0.960957
0.961303
0.955497
0.958385
0.949671
0.949973
0.966192
0.951099
0.963738
0.962069
0.961944
0.950263
0.959897
0.955537
0.950076
0.958917
0.962315
0.951935
0.953736
0.950024
0.951146
0.953981
0.959970
0.959324
0.952489
0.954579
0.956931
0.960813
0.946041
0.956511
0.954858
0.970565
0.960724
0.960054
0.955426
0.953705
0.969875
0.946101
0.966992
0.955735
0.958163
0.961063
0.958826
0.952026
0.955002
0.951517
0.953276
0.955008
0.965823
0.965092
0.966338
0.951236
0.947154
0.948415
0.960271
0.959891
0.955218
0.951335
0.958113
0.963345
0.956570
0.955893
0.947476
0.950112
0.947699
0.961485
0.953786
0.953668
0.966387
0.955803
0.958842
0.959420
0.958564
0.955744
0.964909
0.960946
0.951162
0.959613
0.969136
0.957002
0.955954
0.965797
0.965590
0.962714
0.960966
0.949047
0.960497
0.963269
0.955677
0.946905
0.947649
0.969567
0.967246
0.962156
0.959406
0.958635
0.965980
0.948530
0.950789
0.946875
0.960528
0.955374
0.949472
0.963340
0.953174
0.968063
0.961414
0.958045
0.962135
0.960717
0.963596
0.952200
0.954547
0.958230
0.960381
0.963224
0.959926
0.963530
0.951171
0.959466
0.959916
0.962942
0.966994
0.970250
0.969225
0.953204
0.956153
0.954457
0.967105
0.959921
0.977846
0.949194
0.956877
