# 参数名称：conv_last.weight
# 参数形状：(3, 16, 1, 1)
# 参数数据类型：float32
# 参数值（保留6位小数）：
-0.586294
0.091376
0.086880
-1.138504
0.727483
-0.943345
0.909402
-1.091861
1.158595
0.662717
0.046972
-1.132071
-0.900875
-0.150636
-1.911158
0.458821
-1.370739
-1.603312
0.364491
1.468251
0.180919
0.775237
-1.267381
-0.786748
1.121437
1.675002
0.639577
-0.090503
0.044505
0.117022
-0.411062
-0.727401
-0.103037
-1.203339
-0.470940
0.156663
-1.236721
1.629044
0.843371
-0.654436
0.116423
-0.870496
0.209142
0.491214
-0.158467
0.956010
-0.032306
0.476242
