# 参数名称：dconv4.weight
# 参数形状：(24, 16, 4, 4)
# 参数数据类型：float32
# 参数值（保留6位小数）：
0.088691 -0.009873 0.023555 0.090986
0.262871 0.128223 -0.096344 -0.000075
0.148557 -0.031760 0.006842 -0.128247
-0.124751 -0.218189 -0.048807 -0.004212
0.086783 0.029777 0.034405 0.042557
0.010217 0.027974 -0.087736 0.039754
0.006632 -0.060468 -0.081951 0.149098
0.094576 -0.040321 -0.022145 -0.118833
0.011221 0.112080 -0.021167 0.023385
-0.033485 -0.037383 -0.117686 -0.030056
-0.032982 -0.063848 -0.164901 0.005986
0.051386 0.124978 0.031797 -0.001560
-0.015285 0.203424 -0.052500 -0.147882
0.119039 0.098177 0.048109 0.100404
0.151591 0.016584 0.028917 0.070177
0.004269 -0.078928 0.037090 -0.099183
0.102157 -0.177302 -0.019856 -0.128783
0.023793 -0.035186 -0.035723 0.173399
0.068297 -0.236872 -0.145932 -0.133599
-0.100291 0.024880 0.009226 0.066002
-0.036086 0.101673 0.161198 -0.127216
0.046278 -0.129002 -0.030843 0.014034
0.086270 -0.065892 0.050772 -0.001587
0.117209 -0.015203 0.006925 -0.138139
-0.045908 -0.014812 0.019285 0.134772
-0.220367 -0.192556 -0.039645 0.079834
-0.162634 -0.075165 -0.179180 -0.030231
-0.014940 -0.173581 0.058212 0.034729
-0.005499 -0.062297 -0.119634 -0.072544
0.212978 -0.129763 -0.204480 0.047019
-0.083199 -0.099206 -0.122108 -0.047131
0.076756 -0.021614 -0.053819 0.067508
0.187727 0.089817 0.170715 -0.162987
0.083326 0.237734 0.121398 0.064763
-0.076043 0.024300 0.047763 -0.060391
-0.012871 -0.070130 -0.162045 0.004183
0.011733 0.043096 -0.116997 -0.010893
0.087832 0.005067 -0.052032 0.050543
-0.008852 0.189327 -0.058207 0.154135
-0.001989 -0.083294 -0.115867 0.013636
0.003293 0.001999 0.045487 0.079812
-0.065403 -0.190689 -0.001817 -0.024526
-0.093647 -0.011464 -0.083539 -0.094259
-0.011692 -0.077950 0.059238 0.012417
0.034396 0.023221 0.007773 0.079652
0.142846 0.056945 0.010677 0.109904
-0.132404 0.229082 0.122340 0.090639
-0.095060 -0.035408 -0.109950 -0.080488
-0.062613 -0.076788 0.003341 0.118751
0.062322 0.046970 -0.103318 -0.045408
-0.034358 0.041799 -0.000772 0.139301
-0.040311 -0.017939 0.104339 0.046859
0.046493 0.032576 0.019678 -0.005243
-0.066619 -0.042437 0.039991 -0.127954
0.117900 0.086973 -0.033262 -0.205061
-0.014588 0.026100 -0.063460 0.090755
0.142661 -0.033712 0.036997 -0.068935
0.075274 0.109914 0.083399 -0.007327
0.010526 0.073211 -0.275518 0.052278
0.018527 -0.007432 0.077441 0.036112
-0.040497 0.065055 -0.198388 -0.030174
-0.116367 0.075034 0.020008 0.103270
-0.021497 0.142555 0.075689 0.000363
-0.031490 -0.047285 -0.010519 -0.193095
0.113883 0.085052 -0.103882 0.203600
0.015145 -0.051935 0.043657 0.044881
-0.114588 -0.002748 0.095401 -0.136337
0.072520 0.091625 0.076737 -0.038276
0.093499 0.113079 0.002784 -0.008384
-0.012736 0.047176 -0.047325 0.002352
0.054763 0.101086 0.062262 -0.021590
0.101232 -0.016511 0.007650 0.021847
-0.083044 -0.008046 0.059880 -0.004833
0.091493 -0.012015 0.077739 -0.027565
-0.027470 0.141726 -0.237517 0.179350
0.005128 0.043739 -0.234338 0.128116
0.061769 -0.076778 -0.031885 -0.061331
-0.024223 -0.052163 -0.017513 -0.131493
-0.122595 0.074638 -0.039239 0.014689
0.069963 0.171809 0.011137 0.124454
-0.018207 0.035300 0.012325 0.021628
-0.049781 0.027720 -0.012919 0.113749
-0.012027 -0.072563 -0.088328 -0.139854
-0.026380 0.007087 -0.020047 0.024761
-0.108463 -0.042521 -0.007899 -0.056836
0.101571 -0.122525 0.009345 -0.083471
-0.082658 -0.010549 0.076411 0.015667
-0.006194 0.009201 -0.146995 0.032406
0.023494 0.040051 -0.029695 0.040929
-0.083323 0.017719 -0.023769 0.009066
0.093291 0.025826 0.051413 0.036736
0.077278 0.098229 0.141959 -0.150703
-0.179778 -0.138869 0.112722 -0.040324
0.011473 0.011463 -0.070572 0.022612
-0.076670 0.016426 0.004486 0.067584
0.001430 0.034530 0.081017 0.026397
0.018866 0.148518 -0.069247 0.019520
0.006008 0.050226 -0.018727 0.025020
0.062684 -0.122086 -0.023235 0.051895
-0.119556 -0.211412 0.021918 -0.045608
-0.025997 -0.056052 0.064548 0.006742
0.106516 0.074536 0.021667 0.037346
-0.064063 -0.087798 0.109084 0.072493
-0.017180 -0.147777 -0.042717 0.118249
0.155250 -0.088464 0.044870 0.057522
0.152303 0.041563 0.008378 0.045998
0.047140 0.111017 0.007678 0.015898
0.142572 0.007407 -0.057515 -0.167584
0.132584 0.035221 -0.052194 0.040880
0.116285 -0.026876 0.069089 -0.064229
-0.116017 -0.057186 -0.019646 0.009670
-0.011014 -0.020833 0.068897 -0.091237
-0.065072 0.071616 0.021861 0.071731
-0.014083 0.005579 -0.015891 -0.146176
0.115591 -0.054234 -0.076092 0.052383
-0.231232 0.086838 -0.033268 -0.148297
-0.042157 0.004336 -0.035677 -0.035455
0.069278 0.062936 -0.076464 0.097808
0.106532 0.033730 -0.004998 0.053773
0.168607 0.099665 -0.027813 -0.105158
0.005173 0.129217 0.091704 -0.116702
-0.167003 -0.016462 0.004599 -0.095581
-0.036839 -0.117984 0.056151 0.062814
0.007630 -0.001129 0.007736 -0.054894
-0.051658 -0.096368 -0.098704 -0.073111
0.061513 -0.059174 -0.080267 0.071595
-0.042227 -0.028153 -0.092272 0.099747
-0.170679 0.112917 -0.087831 -0.104573
-0.089273 -0.036936 0.062422 0.070984
-0.140244 0.076884 -0.035760 0.039592
-0.165572 -0.067984 -0.033339 0.055614
0.051668 -0.130410 -0.019355 0.044095
0.150666 0.014639 0.095444 -0.004219
-0.094964 -0.056308 -0.006000 0.075531
0.009170 0.100639 -0.003898 0.025343
-0.005665 -0.058153 0.002069 0.064512
0.094624 -0.109691 -0.019560 0.026892
-0.026848 -0.026110 0.001585 -0.061985
0.026239 -0.049486 0.113778 -0.110139
0.023732 -0.035619 -0.074210 0.007569
-0.026574 -0.013274 -0.175143 -0.008398
0.021002 -0.077314 -0.042840 0.024700
0.018676 -0.008349 -0.148479 0.080244
-0.071667 0.008813 -0.191142 0.071187
0.032615 0.027625 -0.135123 -0.134512
-0.055832 -0.092376 -0.033779 -0.044999
0.007946 -0.022356 -0.027008 0.098063
-0.023261 0.024095 0.046505 0.019646
0.059146 -0.040896 -0.197164 0.021204
-0.101932 0.022777 -0.096158 0.096306
-0.027098 0.008650 0.181335 -0.103559
-0.092273 0.032520 0.036177 -0.010644
0.123483 0.012482 0.052669 0.138452
-0.257171 0.047092 0.038651 -0.005613
0.030972 0.144051 -0.074134 0.111098
0.045581 -0.086727 0.087977 -0.079708
-0.075524 -0.088817 -0.017241 0.171390
0.028596 -0.089606 -0.011953 -0.079359
-0.153570 -0.119487 -0.097874 0.007835
0.057680 0.028418 -0.009942 -0.145002
0.064338 -0.051084 0.065463 0.094534
-0.031522 -0.118768 -0.004796 -0.107353
0.064777 0.012904 -0.117805 0.124858
0.220167 0.055487 0.026488 0.007820
-0.031545 0.024805 -0.050902 -0.046651
0.075533 0.107434 -0.053162 0.007064
-0.112015 0.031085 0.032981 -0.115456
-0.193965 0.037474 -0.083170 0.020409
-0.049691 0.012984 -0.028461 -0.024492
0.028481 0.124370 0.009153 0.079069
0.011042 0.042479 0.041888 -0.302236
0.018343 0.004929 -0.019870 -0.029783
-0.029433 -0.024558 0.024433 -0.063553
0.012448 0.056347 -0.030119 0.042448
-0.033740 -0.143502 0.106699 -0.140090
-0.075295 -0.030247 0.116415 0.101582
-0.017552 -0.095040 0.001944 -0.048579
-0.029655 -0.061024 0.108717 0.010761
-0.147511 -0.167766 0.081694 0.010504
0.022064 0.040705 0.017252 0.056697
-0.036905 0.090603 -0.039624 0.083885
0.114714 0.154442 -0.132848 -0.017987
-0.051565 -0.122061 -0.022316 -0.033064
-0.031132 -0.086757 -0.025953 -0.202665
-0.029638 -0.057330 -0.033079 0.030233
0.062996 -0.021700 -0.113499 -0.093794
0.024411 -0.006624 0.091939 0.163180
0.010645 0.088774 -0.025889 0.184633
0.075936 -0.021974 0.166214 -0.042399
-0.081833 -0.100306 0.045090 0.002533
0.064833 -0.035886 -0.035962 -0.045728
0.043984 0.045390 0.023822 -0.203706
0.034153 -0.141891 0.046357 0.052754
-0.154776 0.034530 0.126093 -0.103434
-0.105521 0.055941 -0.012116 -0.091063
0.043481 -0.101711 -0.005156 -0.074650
0.142305 0.020914 -0.134420 -0.087692
0.097937 -0.033918 0.189375 -0.211472
-0.089444 -0.037742 0.035463 0.006975
-0.115976 0.061831 0.026609 -0.143822
-0.006357 0.022137 -0.126917 0.034425
0.035952 0.084947 0.066649 0.056463
-0.038759 0.008307 -0.012250 0.063616
-0.121002 -0.067340 0.037485 0.029290
-0.024428 -0.033548 0.088909 0.011899
0.122887 -0.102262 0.023557 0.014539
-0.087027 -0.046950 -0.164768 -0.075061
-0.027914 -0.120864 0.073031 -0.056064
0.021649 -0.092396 0.184088 0.001585
0.180250 0.065212 0.015411 0.048652
0.082633 -0.081368 0.015027 0.145586
-0.099667 0.132007 0.109789 -0.018760
-0.168619 -0.043698 -0.009523 -0.162905
0.075087 0.144518 0.034089 -0.115355
-0.109903 0.000022 -0.049840 -0.033361
0.089728 -0.133489 0.043306 0.021665
0.074651 -0.013195 -0.120363 0.050944
0.058784 0.051949 -0.050413 -0.104100
0.047684 0.040865 -0.041485 -0.059623
0.026576 -0.108704 0.120177 0.039070
-0.093739 0.013829 -0.086038 0.064900
0.035399 0.129214 0.054373 0.115461
-0.043584 0.061943 -0.063706 -0.039772
0.110805 0.103181 0.042165 -0.027521
-0.000018 -0.052577 0.013920 -0.021275
0.032140 0.076224 -0.083438 0.036719
0.073196 -0.176264 0.036394 -0.049412
-0.019163 -0.027934 -0.077159 -0.098623
-0.089829 0.089748 -0.081441 -0.011532
-0.047410 -0.119527 0.047070 -0.013286
-0.038069 0.012359 -0.040249 0.161978
-0.050910 -0.078000 -0.092776 0.032936
-0.070647 0.100365 -0.054025 -0.017207
0.037449 0.075095 -0.115639 0.108959
-0.094281 -0.021648 0.021836 0.133840
0.031969 0.029799 -0.009878 -0.129614
-0.110157 0.067258 -0.099619 -0.082393
-0.098914 -0.033081 -0.046085 0.030170
-0.039680 -0.008305 0.039014 0.138761
-0.003611 0.062512 -0.049473 0.056961
0.139159 0.102831 -0.028431 -0.044407
0.136546 0.045933 -0.047337 -0.091390
-0.054802 0.151092 0.190808 -0.069373
0.102148 0.017171 0.057958 -0.107698
0.017300 -0.169289 0.046390 -0.058630
0.034990 0.121434 0.007097 0.167623
0.138112 -0.160062 -0.069147 -0.219105
0.019846 0.019971 0.069434 0.112805
-0.009616 -0.088950 0.010719 0.035076
0.004299 0.020555 -0.109766 -0.094979
-0.154035 -0.017723 -0.103592 -0.088983
0.115672 -0.052858 0.000939 -0.065989
-0.064086 0.087443 -0.098513 0.103562
-0.123461 -0.064313 0.075080 0.080019
-0.077738 -0.059424 -0.050109 0.089967
-0.027482 -0.008652 -0.067012 0.089116
-0.010460 0.080865 0.106951 -0.114842
0.005016 -0.141073 -0.018644 -0.199706
0.008450 -0.062310 0.157612 -0.000401
-0.297149 0.009474 -0.057091 0.093999
-0.083787 -0.099916 -0.128349 -0.036665
-0.034577 0.170932 0.120260 -0.062289
-0.071870 -0.122740 -0.094917 0.028790
0.028902 -0.210774 -0.048662 0.022713
0.007421 0.052856 -0.136805 0.020895
0.012493 0.026312 0.084366 -0.080181
-0.165202 0.067524 -0.003323 0.096049
0.079172 -0.017382 0.068626 -0.109151
0.133948 0.091508 0.177990 -0.105074
-0.003866 -0.040841 -0.045107 -0.081533
-0.158181 -0.136987 -0.007728 -0.033272
-0.096763 0.063575 -0.146112 -0.044501
0.041593 0.094492 0.024446 -0.019597
0.059069 0.022609 -0.104589 0.054777
0.099680 0.143512 0.060517 0.061581
-0.018361 0.085545 -0.038663 -0.145275
-0.097310 -0.116246 -0.010780 0.048033
0.110292 0.045534 -0.012722 -0.095332
-0.028491 -0.206343 -0.164713 -0.105141
0.042350 -0.112548 -0.029593 -0.087311
0.082953 -0.009949 -0.181613 0.023955
-0.020188 -0.052708 -0.010157 -0.072154
0.082947 0.035960 0.057131 -0.031023
0.017950 0.107758 0.138844 -0.189734
0.025208 0.027555 -0.053922 -0.044479
-0.206089 -0.014529 0.102238 -0.018138
0.042323 -0.131723 0.121541 -0.046320
-0.037741 -0.019711 0.214187 0.103109
-0.045577 0.026122 0.081134 0.006087
-0.007232 -0.141852 0.046198 0.083985
-0.080948 -0.018225 -0.183188 0.108002
0.049745 -0.042274 -0.174535 -0.017689
0.084208 0.088204 -0.088538 0.048799
-0.027605 -0.002687 -0.020826 0.089060
-0.100703 -0.033267 -0.135641 0.161782
0.012230 0.025933 -0.192873 -0.097070
-0.091367 -0.041168 -0.157093 0.153801
0.043369 -0.064805 0.051448 -0.067000
0.094930 0.164233 -0.036392 -0.046128
0.122778 0.111895 0.031059 0.022188
-0.095629 0.110419 0.057226 0.112502
-0.076118 -0.142272 0.079777 -0.153647
-0.074015 -0.023748 0.092003 0.082308
-0.193497 -0.270776 -0.017600 -0.066639
0.037569 0.085488 0.027727 0.114565
-0.081956 0.051303 0.021152 -0.136839
-0.102259 0.286445 0.028877 0.171054
-0.108406 -0.103762 -0.040370 -0.114833
-0.025160 -0.002268 -0.088368 -0.050686
0.010131 0.078138 -0.104148 0.005620
0.023834 -0.040442 0.046739 -0.145057
0.002939 -0.004649 0.139183 0.086939
0.064393 -0.009282 -0.113642 -0.084533
-0.104092 -0.171074 -0.212430 -0.087174
-0.023950 -0.012791 -0.040345 -0.008906
0.282554 0.044238 -0.067952 -0.088234
-0.025756 0.066243 -0.023269 0.006551
0.114229 0.032512 -0.003776 -0.054545
0.056774 -0.124527 0.036619 0.070903
-0.021768 0.046799 -0.095374 -0.059751
-0.009514 -0.020814 -0.044319 0.100255
-0.034861 0.013958 0.079874 0.115133
0.035981 -0.028066 -0.089397 0.173701
-0.017323 -0.044510 -0.071799 0.200824
0.026379 -0.062165 0.090915 0.019862
0.011902 -0.046081 0.046069 0.034332
0.045777 -0.169298 -0.101300 0.001498
-0.038940 -0.056734 -0.024607 0.031203
0.010550 -0.063893 -0.027786 -0.103495
0.129294 0.008004 -0.025998 -0.103725
0.082947 0.002269 -0.050255 -0.005299
-0.011666 0.137100 -0.055501 -0.022383
0.102702 -0.052271 0.015720 0.067074
-0.017505 0.000355 -0.141120 0.055593
-0.069225 -0.139784 -0.005999 0.007421
0.075327 -0.023015 -0.127246 0.062368
-0.085115 0.000967 -0.089540 -0.076237
-0.210619 0.001219 0.027151 0.009842
-0.178203 0.028535 0.147434 0.104388
-0.038681 0.039357 0.161134 0.088718
0.066254 0.100952 0.040317 0.126490
0.157100 -0.036242 -0.159637 0.016011
0.050184 0.072963 -0.286851 0.012764
-0.079499 -0.096071 0.032340 0.002614
-0.189262 -0.010307 -0.101915 0.069376
-0.108504 -0.111461 -0.085883 -0.013272
-0.124254 0.135898 -0.005580 -0.003871
0.125300 -0.076165 -0.003970 0.028908
0.082840 -0.006420 0.122893 0.042386
0.012795 -0.041363 0.073703 -0.013502
-0.104944 -0.077391 -0.125176 0.060500
0.061169 -0.164049 -0.093571 0.170489
0.056125 0.022322 0.161538 0.137557
-0.036510 -0.045266 -0.045880 -0.105123
-0.131480 -0.086267 -0.171895 -0.013900
0.126866 0.018289 -0.171743 -0.082173
0.098473 0.068650 -0.011605 0.009470
-0.072980 -0.074501 0.037344 0.033922
0.146588 -0.141868 0.039735 -0.136354
0.070977 -0.085848 -0.039226 -0.022735
-0.137048 -0.069720 -0.064523 0.059734
-0.048336 0.100868 0.087411 -0.096287
0.044577 0.051364 0.073804 -0.010515
-0.059940 0.180942 -0.197405 -0.134522
0.103972 0.050171 0.124113 -0.066477
0.137446 -0.112130 0.002404 0.031592
0.033171 -0.028924 -0.081061 0.050382
-0.010588 -0.057679 -0.111211 0.132522
-0.002943 0.044740 0.056387 -0.017543
0.045284 0.121044 0.176085 -0.081214
0.011439 -0.082312 0.073583 -0.035923
-0.186184 0.000813 0.125039 -0.015878
-0.066314 -0.029620 0.032289 -0.000270
0.165711 0.019478 -0.041961 0.010366
0.125117 -0.041631 -0.079250 0.007259
-0.019967 0.020248 -0.007306 0.095554
0.136502 0.168275 -0.097004 0.040031
-0.026640 -0.079117 -0.001894 0.046362
0.001679 0.015288 -0.152674 0.065185
-0.025492 0.227524 0.041957 0.074291
-0.017178 -0.010675 0.051289 -0.009049
0.051104 0.137465 0.158528 -0.034014
0.106481 0.055767 0.089140 -0.064061
0.013959 -0.059701 -0.071794 0.046819
0.137965 -0.098232 -0.032659 0.030892
0.012543 -0.096351 -0.061879 -0.026965
-0.086477 0.028235 0.090638 0.050131
-0.098639 -0.059847 0.251864 0.178032
0.071478 -0.037968 -0.069297 0.174445
0.086935 -0.106188 0.111881 -0.099780
-0.090641 0.105445 0.038933 0.125385
0.046886 -0.026624 -0.039044 -0.038140
-0.201603 0.105043 -0.024122 0.085570
-0.088255 -0.028979 0.074315 0.018180
0.086573 -0.012656 0.126909 -0.043445
-0.040038 0.026428 -0.072819 0.114257
-0.038898 0.069747 -0.232880 -0.067093
0.009254 -0.015358 -0.068561 0.036121
-0.074297 -0.026215 0.063695 0.022872
-0.102949 -0.002914 0.109875 0.077955
0.125769 0.133982 -0.036418 0.059200
0.033161 -0.162908 0.015309 -0.094419
-0.048834 0.039567 -0.017002 -0.088391
-0.152698 -0.071582 -0.054476 0.010844
-0.069986 -0.022332 0.159732 0.015248
-0.040396 0.010974 -0.041607 -0.087979
0.112470 0.015543 0.015268 -0.039076
0.143770 0.049689 0.019103 0.005843
0.038474 0.020262 0.008904 -0.146928
0.123123 0.011624 0.141586 0.046417
0.008928 0.053301 0.220542 -0.000408
-0.042863 -0.037147 0.001015 -0.093952
0.047518 0.205916 0.022779 0.043884
-0.127543 0.037378 0.086991 -0.117086
-0.141498 -0.139246 -0.027345 -0.012024
-0.108140 0.107494 0.077147 0.105352
-0.022619 -0.094451 -0.001191 -0.007200
-0.061215 -0.122133 -0.066273 -0.014679
0.136342 -0.107902 0.085367 0.019786
-0.106360 0.080336 -0.077674 0.103003
-0.126807 0.065070 0.061679 -0.078638
0.130187 0.017274 -0.060688 -0.013535
0.027524 -0.013548 -0.020045 -0.006214
-0.037228 0.030064 0.053032 -0.074085
-0.014471 0.208172 -0.195088 0.040155
0.045652 -0.037791 0.021711 -0.156983
0.203839 0.064112 0.120544 0.005968
0.060021 0.002057 -0.001849 -0.116705
-0.171571 -0.052036 -0.020092 0.121172
0.031857 -0.222648 -0.069367 0.051258
-0.162089 0.061908 -0.009863 0.066119
-0.179161 -0.086189 -0.013346 -0.038499
0.022569 -0.049387 0.027910 0.170576
-0.170158 -0.045405 0.004203 0.009288
-0.141247 0.040335 0.015359 0.126479
-0.135495 -0.072105 0.081630 0.061380
-0.011345 -0.088015 -0.113589 -0.036427
-0.161143 0.002509 0.063105 0.007282
0.170738 0.123523 0.064394 0.136083
-0.012023 0.100244 -0.029731 0.096102
-0.037536 0.104165 0.019749 0.187963
0.079053 0.017668 0.019752 0.082521
0.205808 -0.100635 -0.056443 -0.077407
-0.024841 -0.178935 0.030582 0.038290
-0.044888 0.104186 -0.233113 0.021282
-0.066289 0.035925 -0.014759 0.072851
-0.035261 -0.053948 0.156852 0.014386
-0.007134 -0.037366 -0.106011 0.152248
0.082760 -0.052984 -0.110345 -0.022135
0.073929 -0.084444 -0.142870 -0.091100
0.011862 -0.116565 -0.008616 0.011571
-0.028913 -0.053203 0.124681 -0.036871
-0.091944 0.083268 -0.009362 0.063595
-0.048199 -0.135781 0.093676 0.038493
-0.009227 -0.028569 0.073416 -0.005911
0.080636 0.095074 -0.029778 -0.091437
0.049204 0.024617 -0.036332 -0.044675
-0.074088 0.039583 0.134012 -0.039894
-0.044309 0.018917 0.054487 0.043412
-0.020276 0.098978 0.076488 -0.028683
-0.004313 -0.019817 -0.068877 -0.105552
-0.009933 -0.018923 -0.052385 -0.050599
-0.091499 -0.030964 -0.078548 0.092462
-0.041899 0.073255 0.094116 0.038429
-0.106205 -0.017264 0.027011 -0.009089
0.064282 0.018178 0.030137 0.039534
0.057147 -0.099010 0.072183 0.073170
0.081938 -0.021271 -0.048492 -0.013429
-0.094007 0.011943 -0.138500 0.067838
0.173734 0.164067 -0.159194 -0.234497
-0.184487 0.039201 -0.192605 0.125927
-0.036629 -0.051331 0.029638 -0.127433
-0.034230 0.100263 0.097983 0.056670
-0.030028 -0.012697 0.067728 0.068690
0.062141 0.097749 0.055549 0.070915
0.083936 0.063662 -0.112414 0.159949
-0.117030 0.013910 -0.140481 -0.067338
-0.023443 0.015904 -0.138879 -0.012833
0.131959 -0.168901 0.101451 0.036129
-0.135973 0.081510 -0.064787 0.039211
-0.020224 0.065676 0.199011 -0.109524
-0.057562 -0.062343 -0.146518 -0.013016
0.055192 -0.111855 -0.002131 -0.114534
-0.018517 -0.007836 -0.099545 -0.003200
0.018994 0.110523 -0.222945 0.067133
-0.025376 -0.088804 -0.043324 -0.056095
-0.039495 0.137897 0.047860 0.006700
-0.040894 -0.041418 0.145297 -0.021067
-0.153152 0.052694 0.056439 -0.138306
-0.005290 0.164793 0.140073 0.017150
-0.056060 0.146543 0.036636 0.079185
0.130919 0.025645 -0.062264 -0.142937
0.212246 -0.003591 -0.004407 0.131274
-0.142324 -0.255481 -0.034645 -0.036490
0.007290 -0.085929 0.047550 0.050284
0.009982 0.060763 -0.020758 -0.055016
0.202168 0.020086 0.117526 0.087263
-0.021325 -0.134076 0.064871 0.124320
-0.105521 -0.051599 0.256096 0.072490
0.048390 -0.080444 0.052695 0.027712
-0.000593 0.039034 0.119780 0.018046
0.004039 0.021879 -0.055786 0.066155
-0.003021 0.074479 0.075513 0.003492
0.036371 0.060173 0.124736 0.041353
0.018447 -0.209703 0.079071 -0.017975
-0.023733 -0.047252 -0.131100 -0.120992
0.036310 0.092362 0.016965 0.003128
-0.163357 -0.015708 -0.051855 0.188426
0.002901 0.001411 -0.045852 0.021266
0.098639 -0.097457 -0.124288 -0.131395
-0.010583 0.082988 -0.214567 -0.082019
-0.051828 -0.058093 -0.049960 0.095389
0.102801 0.097552 0.036043 -0.044722
-0.045688 0.050885 0.079269 0.127620
-0.121034 -0.052528 -0.045343 0.244879
-0.142457 -0.100548 -0.097198 0.084116
-0.095227 0.033423 0.057086 0.072335
-0.120593 -0.076732 -0.153089 -0.121794
-0.004385 0.032173 -0.112806 -0.003435
-0.032330 -0.186930 0.006549 -0.011198
-0.069563 0.022836 -0.085774 -0.010435
-0.108975 -0.067391 -0.124484 -0.015577
0.012373 -0.061611 0.043919 -0.096639
-0.039577 0.096975 0.030626 0.082689
0.038484 0.007025 0.072779 0.092068
0.032398 -0.018334 0.072995 -0.087516
0.028243 -0.117198 -0.018661 0.002326
-0.056132 -0.131990 -0.018911 -0.083875
-0.011523 -0.001656 0.072451 0.104078
-0.079201 0.034438 0.015807 0.066375
-0.178639 0.009270 0.081722 0.114887
-0.002502 -0.068962 0.065356 0.059926
0.087998 0.024562 0.065257 0.040566
0.110012 -0.047772 -0.160400 0.047412
0.081725 -0.072717 -0.018656 -0.065590
-0.009278 0.129644 -0.120288 0.057341
-0.057583 0.026700 -0.014660 -0.128312
-0.129916 0.020718 -0.008014 -0.079828
-0.121658 0.111200 -0.184242 0.013799
0.061887 0.057471 0.033061 0.021558
-0.011218 -0.005164 -0.126700 0.090044
0.021131 -0.128059 0.137422 0.085115
-0.176747 0.046424 0.071548 0.084006
-0.093045 -0.047411 -0.056916 0.049552
0.101775 -0.014518 -0.135687 -0.090749
-0.005655 0.018319 0.019297 0.012813
-0.042080 -0.066249 -0.083402 0.002951
0.107343 -0.146200 -0.092775 -0.115359
-0.036817 0.140175 0.090742 -0.134557
-0.010739 0.065645 0.078792 -0.003027
-0.038182 0.069734 0.008341 -0.127396
0.016386 -0.042370 -0.031311 -0.035088
-0.163641 0.070247 0.007657 -0.091678
-0.019131 0.003425 0.031735 -0.072686
-0.110831 0.095242 0.127571 -0.014610
-0.045920 0.089096 0.036579 -0.066527
0.051416 0.064845 0.038708 -0.050526
0.040009 -0.053321 0.190550 0.017702
-0.040298 -0.004775 0.040712 -0.073494
0.180493 -0.177595 -0.067668 -0.124005
-0.086529 0.105554 0.152471 -0.162319
-0.082547 0.037972 0.171078 0.034868
0.030318 0.050880 0.055522 0.085350
-0.016231 0.109051 0.014203 0.022656
-0.147402 0.000617 0.039802 0.076119
-0.016593 0.017375 -0.159137 0.062514
0.062783 -0.100456 -0.063890 -0.022043
0.001837 0.066712 0.005852 -0.053733
0.092237 0.005156 -0.035198 0.091978
-0.044639 -0.083092 0.004849 -0.023067
0.073027 -0.027287 -0.033876 0.053088
-0.012540 -0.058207 -0.084477 -0.038560
0.021352 0.062164 0.191626 0.091459
0.241628 0.100907 0.018286 0.133890
0.000933 0.081498 -0.080462 0.071951
0.050475 -0.069539 -0.082401 0.007089
-0.036422 0.040041 -0.065766 -0.091024
0.059223 0.137662 -0.040165 -0.094591
0.046687 -0.096609 -0.173195 -0.086540
0.025496 -0.046905 -0.017177 0.155477
0.031169 -0.054090 -0.145649 0.052063
-0.057090 0.072874 0.006842 -0.034026
-0.043945 -0.051036 -0.152526 -0.015222
-0.032514 0.108265 -0.077054 -0.118302
-0.065806 0.072618 0.004476 -0.019579
0.110751 0.006342 0.029306 0.091601
0.023536 0.011069 -0.023156 0.066935
0.086627 -0.093745 -0.011788 0.053529
-0.164048 0.085642 -0.080316 -0.060695
-0.133558 -0.019238 -0.001453 -0.050614
-0.023081 0.066826 0.057012 0.152692
0.008814 0.059569 -0.012437 -0.051555
0.124947 -0.001737 -0.018523 -0.049865
0.073967 -0.022439 -0.113394 -0.064010
-0.046753 0.051278 0.005116 -0.176338
0.149928 0.150488 -0.023084 -0.030229
-0.074473 -0.091960 0.069879 -0.098449
0.022397 0.039458 0.004177 0.136626
-0.031211 0.148366 0.096509 0.139033
-0.188568 0.023995 -0.054039 -0.016918
-0.031383 -0.000352 0.007468 0.023201
-0.089273 0.046195 0.001784 0.109698
-0.082193 0.115773 0.006137 -0.047657
0.006939 0.117913 0.060103 0.053565
0.024254 0.047954 -0.018795 -0.010867
-0.036433 -0.052123 -0.084853 -0.086730
0.045145 -0.001043 -0.052880 -0.089233
0.007721 -0.052323 0.006957 -0.017287
-0.127793 0.140529 -0.021296 -0.099301
-0.001588 -0.011757 0.095837 -0.088840
0.027178 -0.005227 0.054234 0.147138
-0.001708 -0.100475 0.049145 -0.070854
0.145155 -0.024539 0.152811 -0.051087
-0.049400 0.000655 -0.046752 -0.065247
0.012460 0.001581 -0.168448 0.106749
0.084954 -0.091431 -0.037766 -0.202560
0.044526 0.086299 -0.008966 -0.049409
-0.111949 -0.025225 0.000035 -0.127529
0.066478 0.061384 0.081585 0.109027
0.067615 0.169341 0.114167 -0.015844
-0.062120 0.021538 -0.039556 -0.172835
-0.034712 0.045882 -0.079072 -0.176969
0.043910 0.069866 -0.086378 0.160074
0.039535 -0.168187 -0.000456 -0.099300
0.004246 -0.220094 -0.006656 -0.000918
-0.012151 -0.042684 -0.032130 -0.047504
0.043563 -0.095627 -0.048622 -0.056440
0.147435 -0.110429 -0.088114 0.035131
-0.111401 -0.058971 0.028194 -0.162840
0.031134 -0.062522 0.031018 0.018408
-0.013709 -0.098734 0.066557 -0.011129
-0.042769 0.073063 -0.015302 -0.113532
-0.075859 -0.058102 0.068199 0.043311
0.084605 0.044595 0.064470 0.008448
0.066330 -0.105782 0.053162 0.044936
-0.004076 0.141591 0.027414 -0.070061
0.077693 -0.048417 -0.015020 0.157271
0.002495 0.065739 0.107493 0.002489
0.096816 -0.031285 0.022073 -0.146361
-0.011386 0.174423 -0.057759 0.133891
-0.035817 -0.066379 -0.023622 0.013429
-0.024893 0.079003 -0.042294 0.106594
0.126963 0.107437 0.062546 0.074253
-0.016086 -0.097409 0.188842 0.009003
0.013402 0.091923 -0.111859 -0.096750
-0.075872 -0.003966 -0.021102 0.051451
0.084549 0.133318 -0.030056 0.027588
0.098408 0.034993 0.094493 -0.077278
0.148021 0.080033 0.003925 -0.014002
-0.149035 0.158446 -0.064064 0.010984
0.013155 0.034094 0.056318 0.008447
0.089687 -0.000674 -0.065277 0.016944
0.070296 0.042727 -0.045768 -0.034336
-0.088779 0.037497 0.039481 -0.006381
-0.056542 0.012323 0.163360 0.009726
0.138060 -0.042990 0.161995 0.050693
-0.054618 -0.099715 -0.164631 -0.150597
0.004614 0.020618 -0.019066 -0.116719
0.139272 0.075860 0.067102 -0.015148
-0.014092 0.077597 -0.039212 -0.066706
0.080969 -0.065099 0.026278 0.232235
-0.288503 -0.131278 0.128156 0.130477
-0.104105 -0.009795 0.040283 0.024719
0.041450 -0.145624 0.099889 0.002176
0.067526 0.058569 0.005634 -0.171469
0.170540 0.125356 0.052086 -0.109608
0.038484 -0.118432 -0.078486 -0.182063
0.041150 -0.150491 0.112967 -0.070241
0.046808 -0.060711 -0.070731 0.036678
0.080279 0.151141 0.046714 0.095211
-0.001375 -0.025399 -0.036389 -0.079358
0.089914 0.090656 -0.155761 -0.003940
-0.039365 -0.041643 -0.004775 -0.090495
0.072047 0.002531 0.022611 0.103488
0.006637 0.056648 0.199097 0.165889
0.002917 -0.151028 0.199002 0.012838
-0.048616 0.188199 0.044022 0.207149
0.114972 0.002324 0.007897 0.025944
-0.027349 0.215743 0.091372 -0.013385
-0.055210 0.027787 -0.070203 -0.075456
0.187992 -0.052364 0.011883 0.040898
0.081449 -0.019442 0.108965 -0.084928
-0.014168 0.064519 -0.253673 -0.219220
0.056140 -0.015286 -0.020616 -0.085734
-0.103112 0.055748 0.035879 -0.093529
0.081156 -0.087668 0.055270 -0.047963
0.090102 0.124200 -0.035233 0.154715
-0.025149 -0.084393 0.016403 0.013736
0.060032 -0.163363 -0.199301 -0.092274
-0.125522 0.053974 -0.038921 -0.171731
0.062492 0.041130 -0.056953 -0.073137
0.077387 0.073724 0.012670 -0.033683
-0.086313 -0.057582 0.048686 0.012290
0.064097 -0.050808 -0.064708 -0.140262
-0.072071 0.100545 0.043873 0.013793
0.176705 0.003754 -0.113843 0.105225
-0.071459 -0.039049 0.074492 0.012152
-0.042132 -0.014692 0.066675 0.006778
0.050176 -0.050350 0.030831 -0.021697
-0.051134 -0.006920 0.025690 -0.043851
-0.093239 0.054483 -0.101092 0.097993
-0.096911 -0.069483 0.037787 0.084051
-0.165336 0.014148 0.112805 0.085887
-0.146012 -0.073320 0.067461 0.098217
0.060919 -0.034894 0.099217 0.030261
-0.027132 0.053611 0.175361 -0.055994
-0.001000 0.052981 0.099761 -0.027586
-0.042240 0.104297 0.094957 -0.002842
-0.018599 -0.031486 -0.122424 -0.029893
-0.024278 -0.014614 -0.044276 -0.027426
-0.044353 0.076385 0.110377 -0.011107
-0.062104 0.125183 -0.044690 -0.012616
-0.069185 0.100729 0.154935 -0.127439
-0.034880 -0.126478 0.128219 -0.055458
-0.096323 -0.022939 -0.066717 -0.007722
0.134268 0.016161 0.071606 -0.137912
0.040499 -0.069346 0.066919 0.159382
-0.134398 0.012878 0.051371 0.173192
-0.013372 0.108183 -0.019031 0.165438
0.070194 0.113630 0.079094 0.021384
-0.110182 0.009115 0.170485 -0.033006
-0.010569 -0.022460 -0.214865 -0.122479
0.097012 0.025878 -0.138810 -0.096795
0.049139 -0.021963 0.047583 -0.023743
0.032460 0.036763 -0.144120 0.081578
0.094785 -0.059462 0.009804 -0.001246
-0.146325 0.219801 0.130617 0.287588
-0.017167 0.075277 0.035650 0.033716
0.082773 0.037358 0.019853 -0.045586
0.101759 -0.049539 -0.157727 -0.044247
-0.084961 -0.166242 -0.129669 -0.030815
-0.079001 -0.046791 -0.063516 -0.229001
-0.110186 0.158245 0.188786 0.049453
0.031263 -0.021630 -0.010696 -0.070379
-0.060098 0.254714 0.030468 -0.123474
0.037615 0.196608 0.158106 -0.055278
0.019328 -0.075842 0.033926 -0.145452
0.148238 0.030676 0.203653 0.087349
-0.100734 -0.026436 0.027793 0.138534
-0.159355 0.094171 -0.056345 0.118354
0.061662 -0.059535 -0.002553 -0.003179
0.046627 -0.038860 0.083543 -0.007437
-0.082062 0.132280 -0.016188 -0.012060
-0.109322 0.081962 0.036124 0.129389
-0.161942 0.083252 -0.064013 -0.062740
0.010536 -0.118614 -0.051753 -0.007020
-0.001218 -0.163463 -0.151917 0.084934
-0.036347 -0.087915 -0.076674 -0.039634
-0.059473 -0.062818 0.027822 -0.020936
0.077414 -0.086318 0.031138 0.005135
-0.081812 -0.045980 0.174930 -0.178801
-0.012010 0.118004 0.143200 0.122058
-0.007796 -0.067669 0.127436 0.100640
0.099961 0.060054 -0.098165 0.022057
-0.046612 0.047925 -0.067334 -0.165156
0.114940 -0.015298 0.006444 -0.024063
-0.002452 0.024482 0.068533 0.111107
-0.034368 0.027414 0.073160 0.050946
0.118855 0.091597 0.024023 -0.060530
0.012419 -0.019069 -0.025217 -0.082082
-0.024521 0.039914 0.054511 0.086402
0.075735 -0.044103 -0.011607 0.105064
0.070654 -0.030959 0.104972 0.001152
0.053492 0.058032 0.097535 0.194726
-0.061779 -0.061297 0.050152 0.023423
-0.020340 -0.065706 -0.021279 -0.089972
-0.069604 -0.155236 0.083626 -0.016556
-0.040674 -0.064799 0.148663 0.129733
-0.043774 0.201125 -0.008331 -0.059976
-0.017426 0.121384 -0.187380 0.089567
0.080617 -0.107187 0.103529 -0.084635
0.049168 0.047661 -0.025489 -0.116117
0.139745 -0.035385 0.155178 0.077068
-0.001885 0.084728 -0.078295 0.007242
-0.140120 -0.035953 -0.168647 0.105461
-0.043750 -0.005782 -0.121388 -0.072960
-0.025136 -0.211488 0.116755 0.077156
0.036882 0.027333 -0.148828 0.167515
0.045863 -0.000264 -0.057430 -0.068292
0.046839 -0.033528 0.106676 -0.008736
-0.016779 0.099105 -0.040174 -0.092068
-0.032505 0.073573 0.067687 -0.072009
-0.114924 -0.075154 -0.131253 -0.181305
0.076865 -0.035306 -0.096562 0.043278
-0.074264 -0.133038 -0.086141 -0.064843
0.063671 -0.050591 0.085085 0.040934
0.113735 0.114112 0.094124 0.212433
0.071356 0.024896 0.016657 0.094594
0.032782 0.018408 -0.039387 -0.019933
-0.071851 -0.006428 0.051336 0.119090
-0.109513 0.038746 -0.150243 -0.128453
-0.056613 -0.230308 -0.136694 -0.071352
-0.062029 -0.031950 -0.075814 -0.094188
0.005076 0.008083 0.050912 -0.094601
0.089311 0.013202 0.076080 0.017035
0.111680 0.092437 0.029703 0.086954
-0.047544 -0.051514 -0.133976 -0.005886
-0.095944 -0.118687 -0.081035 -0.071658
-0.180078 0.042282 -0.047083 0.037978
-0.141270 -0.026830 0.114376 0.103491
0.090015 -0.119208 0.002586 0.026798
0.105776 -0.000962 -0.043087 0.103073
0.049522 -0.020784 -0.022944 -0.092423
-0.191089 -0.032103 -0.101404 -0.025969
-0.012542 -0.066814 -0.131813 0.062064
-0.096725 -0.039071 -0.043674 0.030915
-0.093380 -0.100896 0.007373 -0.044297
-0.063028 -0.041847 -0.019761 -0.014023
-0.014363 0.066599 -0.092451 0.103078
0.069255 0.013604 -0.133032 0.001144
0.177795 0.182661 0.105462 0.107017
0.024546 0.105384 0.017674 -0.070140
0.053145 0.100146 0.125684 0.131843
-0.098274 -0.032570 -0.013852 -0.085317
-0.047680 0.070767 -0.002464 -0.029606
-0.017354 -0.019678 0.091255 -0.195783
0.041657 -0.100150 -0.136169 0.088804
-0.065154 0.021767 -0.143505 0.011551
-0.001995 0.043467 0.053185 -0.009301
0.023612 0.165159 -0.051451 -0.015392
0.035552 0.008380 0.051142 -0.124881
0.054063 -0.055870 0.119729 -0.021048
-0.071169 -0.001373 0.048958 0.109091
-0.044816 0.107055 -0.000016 -0.066363
-0.085523 -0.049217 -0.027144 0.094686
-0.094929 -0.017441 -0.011039 0.144181
0.015290 -0.177981 -0.121403 0.014031
-0.101515 -0.037622 0.087226 0.047107
0.008915 0.105891 0.091846 0.129371
0.013913 -0.020384 -0.093971 0.042740
-0.118431 -0.029913 -0.004324 -0.029172
-0.022664 0.009386 0.091935 -0.081801
0.107876 0.074241 0.044253 0.036049
0.030802 -0.037674 -0.024247 -0.100960
-0.039142 0.052002 -0.070401 -0.019099
-0.120056 -0.212170 -0.076820 0.096226
0.094532 0.009547 -0.127001 -0.149233
0.025599 -0.004516 -0.026103 0.063503
-0.076204 -0.176345 0.063277 0.068723
-0.096090 0.001896 0.018994 -0.063367
-0.072275 -0.096227 0.031426 -0.171411
0.030921 0.034965 0.088383 -0.049330
0.011339 -0.020558 0.078867 -0.002807
0.034158 0.138911 0.069833 -0.077590
0.033060 0.000954 -0.027653 -0.093533
-0.014446 0.018891 -0.213159 -0.029275
-0.110156 -0.087038 -0.090668 0.063805
0.034647 0.035446 0.100158 0.144200
0.194074 0.090525 -0.069424 0.071401
0.073297 0.045837 0.061395 0.076823
-0.162500 -0.075513 -0.101703 -0.076286
-0.024734 0.040721 0.144805 0.016706
-0.148172 0.068356 -0.134547 -0.031010
-0.129507 -0.038232 0.043582 -0.152204
-0.170782 0.020201 -0.131042 -0.113227
0.128189 0.122535 0.036933 -0.110687
-0.007925 -0.077183 -0.129923 -0.018679
0.030576 0.113361 0.123825 0.060044
0.052469 0.049800 0.211040 -0.035722
0.021512 0.122794 0.051523 0.013310
0.046178 0.000143 0.016691 0.006284
-0.045851 -0.045908 0.037997 0.198450
-0.034249 0.011455 0.022830 0.042755
-0.168233 -0.031482 0.003108 -0.025802
-0.224389 0.036699 -0.055640 -0.107198
-0.111954 -0.061923 -0.032165 0.035047
-0.090273 -0.058784 -0.093494 -0.111413
0.008426 0.071205 -0.025753 -0.095849
0.092512 -0.095786 0.174342 -0.051120
0.056088 -0.157579 -0.035182 -0.048141
-0.002148 -0.045207 -0.070931 -0.108138
-0.019634 -0.155586 -0.191878 -0.211252
0.118886 -0.125618 0.199430 0.114086
0.095213 0.108897 -0.181769 0.034743
0.150488 0.021750 0.019275 0.087940
-0.031227 -0.027179 0.030717 0.021702
0.013830 0.113826 0.000833 0.070235
-0.119223 -0.020203 -0.051693 0.080586
-0.174820 -0.017245 0.187272 0.023531
0.003822 -0.103283 -0.081551 0.055451
0.033833 0.110327 -0.096147 -0.087498
0.200560 0.015289 0.057114 0.008885
-0.091391 -0.033414 0.197129 -0.015484
-0.223592 -0.121076 0.088807 0.014211
0.004172 -0.000841 -0.009360 -0.079623
0.011432 0.002986 0.002388 -0.038061
-0.128081 0.171132 0.026093 -0.007372
0.065516 -0.166333 0.026163 -0.066311
-0.237172 0.030307 -0.172856 0.032410
0.039993 -0.067803 -0.055852 -0.059343
0.130489 0.021267 -0.008420 0.011241
-0.040409 0.050026 0.056204 0.078552
0.187888 0.162053 0.054071 -0.074061
0.052500 0.011562 -0.091360 0.098854
-0.195552 0.045369 0.105769 0.019391
0.071478 -0.003703 0.012026 -0.020840
0.101943 0.170429 0.153526 0.061202
-0.068905 0.031423 -0.048863 0.043969
-0.182218 -0.026879 -0.089649 0.018980
-0.032868 -0.107619 -0.059070 0.070384
-0.110958 -0.088129 -0.013626 -0.062735
-0.035923 0.068085 0.212278 0.049381
0.038445 -0.078655 0.030678 -0.003360
0.080156 0.174662 -0.056683 -0.101130
0.264340 -0.034288 0.098007 -0.078699
0.112474 0.059774 -0.054142 -0.063933
0.058755 -0.032611 0.034756 -0.003171
0.073044 0.126232 0.006596 -0.116596
0.088278 0.004574 0.208732 0.037815
-0.137078 -0.196546 0.069670 0.074464
0.049811 -0.094942 0.173406 0.117454
-0.043488 -0.054737 -0.123663 0.029651
-0.101888 0.182451 0.038978 -0.111393
-0.111034 0.031688 0.192423 -0.073190
-0.033012 0.036291 -0.141937 -0.023500
0.045103 -0.095511 -0.112614 -0.072264
-0.085455 -0.024696 0.159541 0.179269
0.056105 -0.134180 -0.015508 0.102340
-0.036060 -0.127342 -0.087252 -0.032169
0.007884 0.053913 0.049023 -0.068971
-0.038074 -0.068009 -0.042431 -0.156339
-0.022826 -0.058854 -0.318694 -0.071238
-0.022062 0.039359 -0.150101 -0.052151
0.055755 0.048905 0.148118 0.141868
-0.138797 0.090856 0.078703 0.079720
0.060590 -0.033577 0.095957 -0.220837
-0.004273 -0.104554 -0.073912 -0.067287
-0.006203 -0.119953 0.031958 -0.153104
0.099519 0.023540 0.100222 0.210772
0.102870 -0.212014 0.005959 0.278680
-0.095994 -0.147311 -0.129519 -0.052154
0.008794 -0.002464 -0.127097 -0.201753
-0.023928 -0.045149 0.018222 -0.140786
-0.003064 0.037984 0.049266 0.030432
0.076605 -0.044464 -0.012866 -0.039568
-0.082440 -0.129232 -0.060786 0.018638
0.044727 -0.019159 -0.020148 -0.098833
0.169111 0.023460 -0.165050 0.069752
0.142713 0.031017 0.085666 -0.097058
0.047233 0.048993 0.039583 0.003482
-0.023764 -0.006523 0.130781 0.074498
0.079836 0.013834 0.153011 0.184675
-0.075987 -0.016804 0.013937 -0.043966
0.006776 -0.017482 -0.057982 -0.084239
0.013626 0.048212 0.052704 -0.127742
-0.016764 0.253320 0.069637 -0.087228
-0.108407 0.125673 0.005906 -0.115706
0.024447 0.028891 -0.042926 -0.025747
0.051411 -0.016570 -0.126793 0.216188
-0.099650 -0.029662 0.147838 -0.012654
-0.196386 0.010806 0.036847 -0.119908
0.087903 0.132745 0.078658 -0.002414
0.028155 -0.086753 0.253973 0.155333
-0.017211 -0.070246 -0.049297 0.061217
-0.019155 0.008730 -0.002800 0.078310
-0.164171 -0.005376 0.006026 0.038364
0.004942 0.074678 -0.148016 -0.027968
0.016029 -0.120537 0.202689 0.053881
0.140206 -0.157590 0.020892 -0.009569
-0.008406 -0.050317 -0.033219 0.083501
-0.064557 0.056434 -0.097966 0.029298
-0.092530 -0.053972 -0.003736 0.043828
-0.011434 -0.133725 0.030246 -0.066893
0.092660 0.137845 -0.043982 0.032764
0.011274 -0.019155 -0.038015 0.117244
-0.163397 -0.026238 -0.026255 -0.019234
-0.077358 -0.036253 -0.028110 -0.079065
0.001707 -0.006429 -0.055347 -0.036668
0.009390 0.158333 -0.098261 -0.019908
-0.078385 -0.077858 0.003594 0.102669
0.033594 0.149085 -0.052757 0.042462
-0.137226 0.186935 0.004438 -0.028666
0.080089 0.097251 0.052181 0.028032
-0.111847 -0.172473 0.052963 0.011429
0.049806 -0.087248 -0.086522 0.081190
0.008092 0.177063 0.025872 0.020334
-0.057914 -0.057180 0.094820 -0.152522
0.014748 -0.141886 -0.052787 0.036296
0.023284 -0.059817 -0.133447 0.105685
-0.016010 -0.159113 0.109241 -0.154645
0.097630 -0.123538 0.031797 -0.102144
0.020727 0.017975 0.126967 -0.009494
0.176875 -0.003203 0.246384 -0.010353
-0.103330 0.017010 0.003862 -0.115915
-0.011242 -0.114735 0.043030 -0.026295
-0.022759 0.085574 0.021122 -0.036344
-0.007836 -0.001286 0.102851 -0.040705
-0.070719 -0.140061 -0.009795 0.028098
-0.047466 -0.077667 -0.087096 0.010240
-0.120452 -0.036805 0.125673 -0.087295
-0.165132 0.103228 -0.046933 -0.004288
-0.116563 0.011302 -0.077717 0.237328
-0.049875 -0.109950 -0.005830 0.160126
0.113673 0.012302 -0.037031 -0.024692
0.087161 0.004990 -0.030827 -0.055873
0.086516 -0.116182 0.056457 -0.012130
-0.047814 0.093112 -0.130880 -0.070216
-0.088451 0.003227 0.128837 0.059150
0.091612 -0.029675 -0.104787 0.161404
0.059584 0.047662 0.090992 0.105212
-0.165316 0.068722 0.040897 0.102916
0.042301 -0.258586 0.168161 0.022250
0.019925 -0.027414 0.041817 -0.051360
0.035904 -0.045477 -0.067433 0.095833
0.124922 -0.118485 0.032367 0.192229
0.050548 -0.086518 0.001708 0.038040
-0.036209 0.040710 0.120192 0.220506
-0.012063 0.147059 -0.053260 -0.082837
-0.014683 -0.066436 0.025520 0.155748
0.102683 -0.082309 0.017130 -0.042995
-0.079357 0.009721 -0.013018 -0.031192
0.020488 -0.109900 0.009428 0.020579
0.005687 -0.089845 0.171372 0.014060
-0.190990 0.034548 -0.002530 0.115377
-0.020861 -0.009296 0.090984 0.032532
0.030715 0.059606 -0.047101 -0.020684
0.002303 -0.009573 0.059968 0.072693
-0.039448 -0.078989 -0.034571 -0.010472
-0.226466 0.192659 0.006314 -0.129012
-0.017474 -0.125525 0.093893 0.113614
0.010674 -0.065347 -0.103977 0.003285
-0.041978 -0.035281 0.011118 -0.102699
0.032588 0.073360 -0.025363 0.000896
-0.010696 0.060785 -0.099221 0.029052
0.028101 -0.251484 -0.114155 0.011917
-0.209746 -0.126412 -0.103462 -0.149424
-0.068524 -0.080025 -0.119649 -0.003917
-0.055662 0.082152 -0.053386 0.059514
-0.020130 0.023857 0.030426 0.070790
0.015917 -0.031978 -0.022231 0.087415
-0.026542 -0.089998 -0.092448 0.102605
0.101387 -0.034466 -0.002089 -0.054523
-0.042688 0.087194 -0.026345 0.075736
-0.077748 0.060028 0.079406 0.064878
-0.169478 -0.135784 0.126638 -0.011790
-0.041799 0.044961 0.014119 -0.098467
-0.061771 0.045002 -0.104858 -0.029186
-0.062338 -0.155236 -0.020739 0.101033
0.003439 -0.092943 -0.121640 -0.059875
0.078324 0.101583 -0.068385 0.034530
-0.107340 0.169675 0.108966 0.042516
0.019646 0.110483 -0.011496 0.017092
-0.065557 0.013740 0.123973 -0.010252
0.019943 -0.001652 0.096421 -0.068054
-0.091800 -0.071015 0.056154 -0.106402
0.134670 -0.181864 0.005507 -0.061845
-0.056843 -0.118462 -0.104120 0.056826
0.100701 0.061224 -0.050726 -0.118353
-0.014103 0.138000 0.073339 -0.040883
0.129831 0.117313 0.253011 0.139640
0.030678 0.194101 0.123873 0.163258
-0.002529 0.088702 -0.025585 0.260472
0.028544 -0.006717 0.090816 0.002215
-0.056018 -0.135452 -0.052002 0.180396
0.067799 -0.032540 0.016817 -0.155469
0.057054 -0.056877 -0.010861 0.025061
0.130465 -0.169043 -0.161482 -0.147371
-0.028790 -0.168661 -0.152817 -0.016641
0.035056 -0.010916 -0.064421 -0.019561
-0.066581 -0.003429 0.110529 -0.070412
-0.027116 -0.052947 -0.215835 0.052324
-0.118793 -0.003941 -0.087502 -0.045085
0.061166 0.082131 -0.242849 0.011466
0.127796 -0.096831 0.107254 -0.063694
0.049570 0.140991 0.062813 0.057953
0.089188 0.080448 0.143866 -0.137773
0.085901 0.120014 0.001474 -0.061347
-0.119100 -0.066912 0.027820 0.061889
-0.200972 0.099498 0.009082 0.036284
-0.168483 -0.061430 -0.185514 -0.078190
-0.067143 0.033435 0.061446 0.037635
-0.059081 -0.085983 -0.045864 -0.020137
-0.176077 -0.017093 0.113467 -0.016026
-0.111502 -0.064131 0.154738 -0.119821
-0.037421 0.089969 0.120845 0.066705
-0.076769 -0.070558 -0.172827 -0.135055
0.080636 -0.127606 0.033794 0.009830
-0.244650 0.042005 0.022433 -0.098784
-0.067242 -0.246525 0.079397 -0.083505
0.031450 -0.028208 0.000610 0.038144
-0.019764 -0.000689 -0.076162 -0.067088
-0.100852 -0.046914 0.021823 0.078344
-0.088538 -0.142280 0.013833 0.064036
-0.045674 -0.107435 0.049542 0.088118
0.076222 0.063506 -0.179775 -0.014317
0.127315 -0.131378 -0.098471 -0.015198
-0.134811 -0.046983 -0.036568 -0.121767
-0.119616 0.092619 -0.030775 0.055628
0.073380 0.049501 0.109527 -0.103594
-0.031150 0.146126 0.056685 -0.029988
0.075089 -0.045411 0.028397 0.037500
0.225064 0.181948 -0.017114 0.078388
0.028128 -0.056855 0.028101 -0.002591
-0.182569 0.030227 0.026602 0.056737
0.079148 0.022951 -0.028209 0.069466
-0.051486 0.149201 -0.081566 0.003300
-0.001138 0.016934 -0.067573 -0.078779
0.051044 -0.008533 0.036687 -0.112866
0.186646 -0.056112 0.033945 -0.000351
0.013843 -0.005166 -0.001978 -0.022156
0.099169 0.269217 0.126777 -0.106566
0.237927 0.083439 0.170338 0.153329
0.145551 0.040132 0.217638 0.061918
-0.024054 -0.071673 0.008436 -0.012601
0.049589 0.030482 -0.034686 -0.209987
-0.049050 0.037963 -0.078849 -0.001050
0.034329 0.046194 -0.010642 -0.181071
-0.097104 -0.056072 -0.177582 -0.084566
0.090809 0.091642 -0.039682 -0.038844
-0.054901 0.046671 -0.044606 -0.025019
0.050433 0.038581 0.067967 0.036175
-0.087053 0.127984 0.025133 -0.051509
-0.159352 0.063964 0.004117 0.025003
0.112285 0.025622 -0.082679 -0.108180
-0.082256 -0.018759 -0.212896 0.090640
-0.147313 -0.043501 -0.122198 0.203036
0.166955 0.034273 0.002341 0.108084
0.180460 0.061959 -0.056586 0.095504
-0.015469 0.135796 0.099981 0.025762
0.101798 0.025994 0.066437 -0.050872
-0.067607 -0.214210 -0.133782 0.075038
-0.040698 -0.040153 0.087298 0.121706
-0.031466 0.163397 0.101910 0.146673
-0.213893 -0.043777 0.151539 0.135162
0.071337 -0.011736 -0.034057 -0.066036
0.020005 0.176637 0.165035 0.019181
0.209196 -0.047849 0.092680 -0.016194
0.002868 -0.032001 0.127882 -0.034925
-0.049222 -0.053752 -0.109977 -0.092695
-0.088771 -0.177963 -0.067760 0.024175
-0.088525 -0.016322 0.002974 -0.190046
-0.013216 -0.013211 -0.008876 0.086972
-0.053431 0.042401 0.054203 0.064499
-0.034376 0.063233 0.008612 -0.005841
-0.025295 0.014784 -0.012829 -0.030354
0.002116 0.068676 0.122477 0.022127
0.009801 -0.078675 -0.026579 -0.012631
-0.167472 0.064403 0.112715 0.107702
0.000660 -0.012683 -0.102817 -0.212471
0.092772 0.091801 0.027686 0.006626
0.001951 0.086213 0.033100 0.047639
0.040932 -0.012294 -0.045295 -0.104022
0.033558 0.136661 -0.010252 -0.108709
-0.000348 0.099526 0.010994 -0.123800
0.010940 -0.038603 0.028924 0.122659
0.085792 -0.023155 0.035928 0.052221
0.040068 0.027473 0.060672 0.133898
0.035184 -0.153655 0.164504 0.075363
0.129063 -0.202066 0.051664 -0.016107
-0.036526 0.112668 0.055300 -0.036514
0.097792 -0.146665 -0.133841 -0.056313
0.054049 -0.055198 -0.113370 0.174207
0.067518 -0.036962 -0.006769 -0.081681
-0.090836 -0.065477 -0.085213 0.032285
0.097324 -0.107986 -0.225182 0.108881
-0.014175 -0.007697 -0.008040 0.035070
0.102654 -0.005914 -0.198200 0.041819
-0.076841 -0.206409 0.054532 -0.100046
0.222603 -0.222692 0.008677 0.035259
-0.008960 -0.130599 -0.197317 -0.019518
0.044974 0.054401 -0.053861 -0.045009
0.088283 -0.033301 0.021739 -0.012157
0.111469 0.063936 0.103952 0.123561
0.144514 -0.115032 0.190537 -0.001768
0.211508 -0.171144 0.034541 -0.006639
-0.011861 -0.120763 0.016219 0.037318
0.022334 -0.034098 -0.187017 -0.105729
0.052637 -0.051494 -0.055349 -0.198958
-0.010329 -0.105409 0.126401 -0.020409
-0.000190 0.020106 0.073573 -0.056864
0.041945 -0.011016 -0.035021 0.045181
0.127337 -0.004575 0.074353 0.040962
-0.037293 0.081661 -0.119495 -0.061494
0.045231 -0.081971 -0.085242 -0.100514
-0.126269 0.053699 0.111800 -0.049274
-0.012720 -0.107959 0.061220 0.063510
0.013088 0.028908 -0.050562 0.071333
0.043340 0.072433 0.063273 -0.050950
0.144194 0.120414 0.076254 0.279555
0.000075 0.255953 0.273313 0.094800
0.021666 -0.044917 0.033178 0.035634
0.022763 -0.095128 -0.181736 0.140670
-0.053793 -0.133109 -0.104624 -0.094676
0.113839 0.068258 0.111311 -0.062630
0.186682 -0.089037 -0.178816 -0.126896
-0.012940 -0.014319 -0.113719 -0.050700
0.008370 -0.127120 -0.303091 0.020397
0.016968 -0.034332 0.040669 0.043430
-0.113423 0.000676 0.037259 0.165893
-0.037559 -0.105198 -0.057075 -0.166341
0.044177 0.033567 -0.073100 0.108048
-0.138428 -0.034734 -0.023801 -0.016001
0.086028 0.109004 -0.010342 0.050758
0.042106 0.032732 0.070560 -0.089130
0.052512 0.123904 0.081892 0.052268
-0.031511 -0.019148 0.012170 -0.063477
-0.075749 -0.160878 0.003382 -0.133019
0.084959 -0.024788 -0.054840 0.044480
-0.027764 -0.091068 -0.140793 -0.017413
-0.063062 -0.062160 -0.127916 0.017833
-0.001520 -0.077007 0.043880 0.091360
-0.173612 0.005846 0.091334 0.200561
-0.026465 -0.134778 -0.106309 0.208505
0.002227 -0.192141 -0.081125 0.020230
0.049451 -0.017529 0.022782 0.059059
0.058256 0.003099 0.027256 -0.074063
-0.025024 -0.124269 -0.065713 -0.113007
0.033289 -0.023162 0.087466 -0.087121
0.118146 -0.082208 -0.115685 -0.052748
0.088019 -0.238895 -0.148419 -0.067764
0.081095 0.085180 -0.180526 0.035754
-0.087651 0.207233 -0.127997 -0.049984
0.071371 0.016861 0.123132 0.067096
-0.004931 0.125409 -0.184437 -0.047311
0.044308 -0.127297 -0.207958 -0.180600
0.122557 -0.098953 0.012720 -0.111991
0.188423 -0.015973 -0.067409 -0.119228
0.022395 -0.000982 0.040720 -0.068251
0.082932 0.009726 -0.025252 0.023210
-0.008824 0.174248 -0.088734 -0.033761
0.123993 -0.036752 -0.074769 0.106100
-0.128216 0.092740 -0.052093 -0.218001
-0.023552 0.037637 -0.098825 -0.004624
0.020228 -0.016913 0.085051 -0.051115
0.007880 0.012149 -0.011431 -0.074225
-0.081656 0.030768 -0.134898 -0.064341
-0.105263 -0.050018 -0.087932 -0.204528
0.026284 0.058017 0.028631 0.046820
0.128478 0.083436 0.094041 0.010005
0.186636 0.083597 0.055030 -0.031939
0.095416 0.042843 -0.093544 -0.135267
-0.031340 -0.036542 -0.126323 -0.094729
-0.002503 0.010765 -0.024641 0.055467
0.221342 0.023962 -0.054459 -0.140634
0.047863 0.006012 -0.034778 0.050629
0.027613 0.000074 0.032396 0.056586
-0.106483 -0.027940 0.037802 0.006020
0.070259 0.076176 0.019888 0.087489
0.070332 -0.028953 0.163565 -0.029728
-0.146781 -0.071462 -0.023744 0.101283
-0.106489 -0.058122 -0.139066 -0.065038
-0.122001 -0.159570 -0.059809 -0.042510
-0.000949 -0.268357 -0.038462 -0.019457
0.098226 0.010652 -0.029652 0.037099
0.225246 0.117871 -0.092843 -0.198502
0.164708 0.077932 0.092631 0.053813
0.161457 0.105749 -0.031293 -0.099265
-0.003898 0.251006 -0.082596 0.026321
0.131414 0.073191 0.103700 0.125483
0.033056 0.204873 0.123287 0.088968
-0.093438 0.060468 0.132042 0.147687
0.008599 0.009715 -0.027268 -0.053430
0.003693 0.108080 0.122894 0.050808
-0.101273 0.161399 0.154855 -0.122500
0.094369 0.054550 0.053408 -0.037220
-0.011651 -0.029615 0.088528 -0.085555
-0.179752 -0.174930 0.128678 -0.031535
-0.072206 -0.245463 0.038369 0.156276
0.100226 -0.052796 0.042055 0.023167
0.024480 0.082073 0.010951 -0.076797
-0.007694 0.092678 0.133697 -0.060420
0.131973 0.162147 0.242380 -0.006035
0.013469 0.051306 0.053894 0.007316
-0.142433 0.021594 0.015226 0.111875
-0.051955 -0.025527 -0.022171 -0.023973
-0.067403 0.002868 -0.199313 -0.058267
0.039366 -0.062599 -0.087719 0.026963
-0.085919 0.113840 -0.138541 0.061176
0.030376 -0.044443 -0.215174 0.041661
-0.175456 0.014932 -0.021016 0.012974
0.054234 -0.031630 0.110667 -0.042091
0.049957 -0.041788 0.209621 0.056680
0.195203 0.214867 0.057110 0.184649
-0.094128 -0.142845 -0.014141 -0.002941
-0.078093 0.021747 0.058902 -0.023517
0.086126 -0.052233 0.006121 -0.012776
-0.045908 0.058109 0.008226 0.153520
0.040949 0.133463 0.042905 -0.004645
-0.028824 0.035787 0.206084 -0.053629
-0.034114 -0.044713 0.163944 0.085417
0.040888 0.045848 0.009168 0.075408
0.164031 -0.062103 -0.107761 0.079847
0.008293 0.034985 0.084674 0.016821
0.070904 0.068246 0.189751 -0.023307
0.113926 0.009989 0.031641 -0.024169
0.107122 0.163684 0.041231 0.002702
0.124710 0.008173 0.114540 0.147475
0.012757 0.006047 0.033542 0.133123
0.052697 -0.001294 0.057705 -0.024874
0.063950 0.079835 0.064919 -0.093025
-0.027001 -0.061349 0.042915 -0.067028
-0.131483 -0.122718 0.095864 -0.065792
0.025332 -0.097833 -0.015859 -0.030886
0.147000 0.086085 0.058053 0.047156
0.075248 0.241437 0.037185 -0.047196
0.117177 0.012579 -0.113782 0.061327
-0.016206 -0.012212 0.002025 -0.016629
-0.167326 -0.098411 0.002618 0.139569
-0.110414 -0.057540 -0.035992 0.044308
0.084237 -0.089124 -0.097961 -0.075076
0.123421 -0.030153 0.127906 -0.037004
0.101451 0.171527 0.152886 0.033256
0.063341 0.102425 -0.001998 -0.054420
-0.145943 0.033902 0.061863 -0.011277
0.076422 -0.030938 0.122291 -0.003619
-0.064070 -0.076296 0.113586 -0.053306
-0.173014 -0.102603 -0.018165 -0.213917
-0.014532 0.014245 -0.139583 -0.012893
-0.130237 0.023794 0.001576 -0.126078
0.117060 -0.161946 -0.097921 -0.160358
0.146376 0.084206 -0.265347 0.112388
-0.070324 -0.006553 -0.184845 -0.088418
-0.015624 0.131817 -0.050566 -0.079410
0.039744 0.071394 0.091430 0.217306
-0.028139 0.174606 0.181051 0.047308
0.071976 0.163366 0.101664 0.040614
0.029798 -0.099378 0.075336 0.065657
0.115194 0.119187 0.122134 0.120578
0.120759 0.005973 0.073051 0.254594
0.038642 -0.027343 -0.040749 -0.030720
-0.058246 -0.049983 -0.074209 0.003654
-0.040384 -0.051104 -0.159714 -0.012308
-0.116216 -0.149240 -0.115987 0.087288
-0.147553 0.035508 0.003836 0.077231
0.011869 -0.035046 -0.001333 0.071927
0.044425 0.048640 -0.042583 0.152949
0.061496 0.026908 -0.039181 0.133373
0.152607 0.029601 0.005422 -0.009682
-0.107930 -0.026202 0.113392 0.035224
-0.001682 0.044210 -0.089546 0.037830
0.003696 -0.071910 0.094497 0.036800
0.124092 -0.035954 -0.074843 -0.002751
0.260893 0.069790 -0.005281 -0.155833
0.104346 0.088183 -0.063529 0.029350
0.165041 -0.031536 0.123385 0.052785
0.024210 0.113303 0.051365 0.114522
-0.159931 -0.041033 0.005373 -0.056789
0.024400 0.086624 0.013842 0.021023
-0.029500 -0.152352 0.162910 -0.026682
0.004573 -0.025857 -0.035365 -0.024699
-0.058688 0.094774 -0.063962 0.033774
-0.023616 -0.222470 -0.044717 -0.094158
0.080424 0.134393 0.150577 0.085048
-0.133908 0.003547 0.085389 -0.008749
-0.011975 0.031746 0.010233 -0.031593
0.070760 0.170644 0.058336 0.041163
0.270893 0.010778 -0.050091 -0.067120
0.058567 0.065135 0.134844 -0.157820
-0.007806 -0.085504 -0.027135 0.031543
0.013761 0.219239 0.058788 -0.051889
0.107486 0.067634 0.017674 -0.022940
-0.001559 -0.152348 -0.035395 -0.098052
0.099147 -0.018527 0.057078 0.124730
-0.074162 -0.010806 -0.070290 0.102845
0.016097 -0.293544 0.121505 0.013078
-0.044053 0.021605 -0.020537 0.043030
0.095352 0.045701 0.125647 0.016360
-0.085660 0.017181 0.195680 0.080942
0.165150 0.115551 -0.058605 -0.085746
-0.077226 0.052253 -0.000396 0.010611
-0.183060 0.022405 -0.251347 0.055391
-0.099020 -0.141164 -0.190424 -0.197875
0.049115 0.065174 -0.172774 -0.097071
0.010639 0.065983 -0.063065 0.036687
0.113595 0.128221 0.034468 0.079720
0.073882 0.168713 0.285820 0.103295
-0.163655 0.225335 0.109693 0.055157
-0.058833 -0.077509 0.088565 -0.106223
-0.069187 0.023374 0.015184 -0.015113
-0.084908 -0.080622 -0.072499 -0.131088
-0.126579 0.039727 -0.011412 -0.045102
-0.057181 -0.039717 -0.064743 0.020913
-0.084249 0.118551 -0.090808 0.175200
0.006117 0.170876 -0.053406 -0.074022
-0.037810 0.028154 -0.067170 -0.081898
-0.140673 -0.121281 0.064659 -0.177600
0.071601 0.029844 0.088115 0.114454
0.200309 0.120518 0.082786 -0.101269
0.112714 0.066653 0.138032 0.012937
-0.097602 0.179435 0.177803 0.129148
-0.006002 0.120494 0.029487 -0.071915
0.049143 0.017635 -0.005477 0.093963
-0.062327 -0.037694 0.112122 0.105579
0.172004 0.143891 0.139388 -0.042686
-0.084991 -0.074969 0.012270 -0.193802
0.059645 -0.135540 -0.170667 0.053952
-0.186768 -0.068021 -0.029012 -0.056784
0.024029 0.001957 0.100839 -0.105753
0.076484 0.025329 -0.083274 -0.041265
0.057828 -0.017904 -0.003184 -0.016875
0.044570 0.097866 0.022773 -0.175707
0.004034 0.106492 0.050377 -0.042350
0.139431 -0.229210 -0.063495 -0.157530
0.082164 0.014624 0.014267 -0.196403
-0.037729 -0.009716 -0.069198 -0.217884
0.033559 0.113177 0.108458 0.052746
0.058643 -0.032406 0.020559 0.058709
0.112336 0.026555 -0.114091 -0.085426
-0.052356 0.050876 -0.060075 0.068211
-0.031118 0.066214 -0.114474 -0.027703
0.027223 0.027669 0.077830 0.086132
0.063948 0.019508 -0.177628 -0.069157
0.137496 0.074300 0.071028 -0.069345
0.096186 0.160406 0.079576 -0.215099
0.098841 -0.026578 0.120980 -0.060463
-0.054975 -0.115965 0.118947 0.032512
-0.070496 -0.051603 0.288591 0.029561
0.064002 0.212617 0.075457 -0.023626
0.166976 -0.054178 -0.054987 -0.093492
0.129955 -0.037904 0.013245 -0.023735
0.119877 0.350689 -0.037660 -0.033814
0.095799 -0.079799 -0.173402 -0.022842
-0.032472 0.076958 -0.158128 0.004937
0.024346 0.078782 0.023564 -0.078020
-0.007607 0.089230 -0.123358 0.115188
0.035604 0.044303 0.152916 0.026866
-0.067082 -0.128576 0.062862 0.019198
-0.048414 0.032566 0.043814 0.099225
-0.036161 0.114911 -0.107453 0.049761
0.026138 0.028568 0.099169 0.075373
0.031211 -0.133523 -0.076380 0.099445
0.246388 -0.042540 -0.075791 -0.078113
0.098215 0.142942 0.030716 -0.038521
-0.078162 0.011067 -0.000977 0.020450
0.074667 -0.015668 -0.136725 0.148632
-0.061835 -0.168478 -0.107266 -0.041269
-0.038635 -0.027315 0.017309 -0.135308
-0.082607 -0.059886 -0.083592 0.045668
-0.094018 0.157868 -0.066148 -0.061451
0.105935 0.214289 0.067180 -0.055686
0.113353 0.189525 0.037107 -0.037231
-0.105752 -0.052043 -0.021807 -0.089374
0.107174 0.039299 0.048442 -0.002648
-0.038252 0.020186 -0.016820 0.003268
-0.135241 -0.001547 0.099905 -0.040352
-0.059777 0.042897 -0.020694 0.052285
-0.193619 -0.121508 -0.041301 -0.069445
0.185215 -0.035867 -0.016777 -0.079206
-0.075387 -0.011141 -0.107791 -0.138547
0.069652 0.013832 -0.085217 0.006724
0.036895 0.010680 -0.046814 -0.036022
0.093435 -0.058818 0.086183 -0.043648
-0.149467 0.104422 -0.007977 -0.052969
0.089619 -0.043718 0.036516 -0.129980
-0.083192 -0.027512 -0.013001 -0.026983
0.038339 -0.031893 0.027272 0.041574
0.008356 0.090280 -0.059824 -0.062294
0.095774 -0.083840 0.009350 -0.156972
-0.027586 0.121976 0.018751 -0.021420
0.001388 0.023842 -0.045784 -0.020472
-0.058415 -0.113930 0.015374 0.034489
-0.049395 -0.008614 0.159912 0.075029
0.019946 -0.085847 0.037351 -0.123435
-0.019837 0.049973 0.001130 -0.077492
0.072042 0.072044 0.235272 0.078110
-0.025564 0.153618 -0.098521 0.079776
0.085842 -0.035685 -0.019526 0.080515
-0.040884 -0.138777 -0.118671 0.023744
0.111278 -0.165118 -0.102990 -0.097120
0.009895 0.024409 0.097575 -0.171192
0.219227 0.045454 0.058951 0.062905
-0.073603 0.087016 0.008133 -0.027531
-0.005387 0.038684 0.090650 0.102699
0.067313 -0.051476 -0.023272 0.229094
0.082629 0.030428 -0.074134 -0.108464
0.126034 0.007974 0.049452 -0.008603
0.009021 0.087931 -0.038078 -0.092388
0.023910 -0.028579 -0.093996 -0.131759
-0.116334 -0.084643 -0.099191 -0.091984
-0.017293 0.123928 -0.015894 0.009480
0.020124 0.161814 0.111141 -0.004634
0.056899 0.057818 -0.016397 0.094075
-0.121964 -0.057602 0.102260 -0.237097
-0.117430 0.020553 0.085572 -0.125457
-0.084030 -0.155552 -0.045000 0.121629
-0.031499 -0.053649 -0.050579 -0.109536
0.063442 0.111148 0.120919 0.105208
-0.042354 -0.031403 0.062922 -0.046572
0.072298 0.010377 -0.109854 0.067595
0.012225 -0.034146 0.177483 -0.143359
0.028576 -0.034194 0.070295 0.104880
-0.041409 -0.042490 0.042286 0.045460
-0.110493 0.091756 -0.001455 -0.036912
-0.030076 0.010348 0.095481 0.055919
0.078016 -0.067473 -0.131721 0.006175
-0.046636 -0.080229 -0.151601 0.001924
0.063179 0.063726 -0.054646 0.015822
-0.008013 -0.008482 -0.063672 0.022591
0.046995 -0.057598 -0.216079 0.131843
-0.037960 -0.062058 0.086416 0.102909
0.108670 0.050727 0.036497 -0.026923
0.035397 -0.118071 -0.006957 0.032444
0.140758 -0.090641 -0.029931 -0.132260
0.014590 -0.132483 0.059109 0.039636
-0.076224 -0.010786 0.121009 -0.059110
0.006691 0.007857 -0.035366 0.186844
-0.057584 0.060125 0.142065 -0.073831
0.056747 -0.058195 -0.013123 -0.041601
0.105033 0.122613 0.070563 -0.042553
0.222834 0.089345 0.004541 0.045257
-0.041246 -0.044093 0.092868 0.053866
-0.011298 -0.013057 -0.058704 0.018219
0.004038 -0.080679 0.010186 -0.094336
-0.090752 -0.042520 -0.088722 -0.010204
0.066126 -0.036716 -0.009577 0.024705
-0.106807 -0.129914 -0.011840 -0.163403
0.155018 -0.073129 0.039571 -0.046647
0.077445 -0.094406 -0.128249 -0.112104
-0.006109 0.025526 -0.189595 0.001611
0.053233 -0.052592 0.059752 -0.155833
0.014813 0.032925 -0.012904 0.124741
-0.082905 -0.028729 -0.049717 -0.020812
-0.004278 0.014902 0.090236 -0.019785
0.107668 0.002693 0.175485 -0.022074
-0.030850 -0.000014 0.165905 -0.010583
0.017266 0.056847 0.003057 -0.169855
-0.031453 0.031425 -0.092331 0.032176
-0.012075 -0.128667 -0.087622 -0.036033
-0.018745 -0.014198 -0.030008 -0.027852
0.018004 -0.150574 -0.114658 0.060966
0.046298 -0.005270 0.167517 0.109845
0.028545 0.056264 -0.111061 0.017797
-0.013718 0.048674 -0.129790 -0.042270
0.022827 -0.025772 -0.062847 0.084461
0.038112 -0.081608 0.116094 0.082176
0.073928 0.054260 -0.072559 -0.079937
-0.071645 -0.138293 0.088390 -0.044985
0.071631 -0.016927 -0.010265 0.115637
-0.094933 -0.046675 -0.035105 -0.210259
0.115543 0.050719 -0.013596 0.047779
0.007202 -0.090723 -0.066110 0.028352
-0.033256 -0.115729 -0.047146 -0.036338
0.036759 -0.025258 -0.045272 -0.004148
-0.041979 0.013457 -0.170063 0.113089
-0.077873 0.117726 0.003277 -0.136871
0.032558 -0.153379 0.114839 0.062496
