# 参数名称：invres1.conv.1.weight
# 参数形状：(1152,)
# 参数数据类型：float32
# 参数值（保留6位小数）：
0.861352
0.858705
0.897224
0.862164
0.858089
0.859100
0.857505
0.909683
0.862003
0.860212
0.860978
0.914977
0.899637
0.880368
0.896852
0.858089
0.859670
0.884362
0.859961
0.888074
0.870042
0.866181
0.865944
0.858230
0.877350
0.857209
0.863371
0.914711
0.863629
0.909654
0.869340
0.857900
0.889564
0.857953
0.857681
0.857282
0.878647
0.857403
0.861807
0.891810
0.910593
0.858084
0.871514
0.908308
0.881736
0.862520
0.857328
0.858770
0.862253
0.857367
0.890970
0.885332
0.860439
0.898487
0.874470
0.877659
0.863855
0.867568
0.943848
0.876443
0.885389
0.895121
0.915550
0.859431
0.881748
0.864611
0.859354
0.859471
0.858725
0.922005
0.857495
0.862456
0.894872
0.860806
0.859329
0.873347
0.861606
0.857242
0.858636
0.857688
0.862890
0.857270
0.878573
0.857990
0.866823
0.898893
0.881613
0.861915
0.886396
0.859729
0.858205
0.860882
0.857901
0.926516
0.857115
0.870088
0.863422
0.858436
0.857416
0.904504
0.857658
0.857301
0.870779
0.884400
0.857487
0.857574
0.886921
0.858741
0.861775
0.870652
0.881511
0.873602
0.901277
0.889978
0.886993
0.860105
0.870920
0.872459
0.857282
0.858687
0.860425
0.877908
0.858343
0.880872
0.901975
0.858272
0.865764
0.919529
0.902889
0.866596
0.874971
0.875483
0.907261
0.865777
0.886715
0.857838
0.868885
0.858924
0.857159
0.858897
0.859307
0.863574
0.873322
0.858910
0.858470
0.867015
0.857165
0.907633
0.857728
0.864789
0.904950
0.857746
0.857619
0.867486
0.857304
0.857314
0.895235
0.923780
0.858483
0.861651
0.859748
0.897403
0.857875
0.858824
0.872116
0.862526
0.857597
0.859442
0.889464
0.859870
0.907232
0.867029
0.862546
0.869905
0.900165
0.862454
0.865797
0.858510
0.858014
0.861870
0.883758
0.857768
0.864670
0.859375
0.859145
0.861550
0.861294
0.858469
0.857883
0.858013
0.860976
0.895654
0.858930
0.861745
0.859294
0.879653
0.861635
0.875325
0.867069
0.859794
0.866735
0.860952
0.890540
0.857886
0.857588
0.860918
0.870495
0.863023
0.857658
0.860514
0.862206
0.867838
0.871951
0.857708
0.857994
0.901002
0.927387
0.889070
0.878937
0.876608
0.895452
0.860269
0.857278
0.893796
0.883554
0.860816
0.867503
0.889842
0.861827
0.860587
0.891805
0.860455
0.857218
0.858235
0.857405
0.862074
0.857200
0.909727
0.942272
0.864342
0.860091
0.884530
0.857579
0.857642
0.904522
0.910675
0.857196
0.872119
0.857250
0.863092
0.867441
0.857656
0.874678
0.876166
0.857271
0.858582
0.858545
0.885080
0.872548
0.880884
0.859313
0.891403
0.927976
0.857544
0.869852
0.858834
0.903199
0.858235
0.917074
0.868366
0.874031
0.858220
0.884570
0.870706
0.891541
0.913761
0.857451
0.857451
0.893761
0.891599
0.860697
0.935394
0.858513
0.857197
0.857492
0.870565
0.865772
0.867772
0.868714
0.896484
0.913827
0.866439
0.878998
0.893032
0.858147
0.857254
0.861054
0.861600
0.858073
0.875689
0.892701
0.885585
0.859298
0.858985
0.897536
0.858034
0.858275
0.862893
0.862691
0.857162
0.870684
0.887895
0.857984
0.863262
0.857758
0.857995
0.871298
0.858149
0.859695
0.857933
0.857233
0.857626
0.869812
0.860847
0.857534
0.858155
0.864218
0.878967
0.867820
0.859983
0.858526
0.858989
0.877897
0.857796
0.908856
0.857865
0.878339
0.891809
0.860216
0.857775
0.857624
0.857603
0.874148
0.857791
0.874898
0.875358
0.897368
0.874224
0.898817
0.908477
0.893427
0.894673
0.861005
0.863423
0.857884
0.931232
0.857443
0.860627
0.860658
0.862117
0.858770
0.857136
0.858298
0.917886
0.886122
0.874281
0.858214
0.859785
0.858773
0.871885
0.857498
0.943460
0.936247
0.888650
0.858667
0.865875
0.872373
0.899960
0.857360
0.864950
0.904260
0.899567
0.870981
0.858070
0.858562
0.899973
0.876905
0.869148
0.859545
0.861888
0.886033
0.858338
0.871938
0.897700
0.857786
0.865643
0.857971
0.857585
0.893159
0.879655
0.872927
0.872866
0.858755
0.875958
0.898650
0.857608
0.859641
0.879452
0.859011
0.859604
0.862581
0.953994
0.873513
0.869869
0.896981
0.859884
0.896853
0.920502
0.857533
0.868082
0.860990
0.861019
0.858517
0.859017
0.911200
0.857853
0.857626
0.857753
0.858477
0.888021
0.877131
0.859047
0.861298
0.937666
0.877025
0.858539
0.920541
0.858012
0.916751
0.861262
0.922380
0.876143
0.877019
0.857367
0.864897
0.894600
0.865054
0.924309
0.879032
0.857166
0.859860
0.861981
0.857534
0.921447
0.858606
0.864387
0.866118
0.860710
0.880323
0.879526
0.862639
0.861095
0.858465
0.866948
0.898287
0.907202
0.894754
0.860301
0.902603
0.863420
0.858753
0.892604
0.858643
0.858896
0.857190
0.857333
0.859325
0.897440
0.863196
0.859391
0.861846
0.881799
0.864241
0.860166
0.883954
0.874430
0.861350
0.894553
0.904992
0.910949
0.857656
0.887101
0.859156
0.883117
0.861909
0.890878
0.861646
0.903154
0.860263
0.862818
0.861544
0.861851
0.871792
0.875683
0.907189
0.857508
0.863574
0.865763
0.861894
0.858808
0.857677
0.857212
0.931758
0.857577
0.866758
0.875081
0.862347
0.857930
0.869912
0.857361
0.922058
0.862547
0.896133
0.864196
0.857296
0.857755
0.905418
0.857377
0.865058
0.857351
0.857894
0.860576
0.862233
0.866912
0.912226
0.874138
0.860869
0.893061
0.859476
0.860133
0.857581
0.904986
0.858084
0.863327
0.875637
0.881535
0.861803
0.909232
0.864652
0.901172
0.883723
0.859222
0.857737
0.913368
0.862481
0.866100
0.893905
0.857493
0.864290
0.867670
0.880070
0.889521
0.857485
0.864205
0.894009
0.859632
0.857278
0.857273
0.861422
0.877196
0.860169
0.889444
0.858287
0.885629
0.857455
0.864629
0.895194
0.902749
0.877333
0.880337
0.858353
0.862357
0.865801
0.861902
0.860357
0.859677
0.862626
0.892482
0.889448
0.880255
0.873051
0.874715
0.860039
0.857365
0.859160
0.868183
0.867715
0.858661
0.857645
0.858357
0.858776
0.891899
0.857799
0.863945
0.877913
0.864601
0.858280
0.871969
0.857616
0.920073
0.936435
0.861782
0.863959
0.894719
0.861359
0.860118
0.857859
0.898808
0.857760
0.860387
0.859869
0.877125
0.857970
0.858203
0.857644
0.932728
0.892464
0.869337
0.857199
0.879360
0.857830
0.859414
0.865721
0.885286
0.859783
0.868190
0.872213
0.884072
0.859079
0.876450
0.895301
0.865250
0.881628
0.868151
0.892228
0.857742
0.904289
0.894432
0.859083
0.857546
0.858313
0.913407
0.866685
0.861563
0.863133
0.897099
0.862740
0.866384
0.884662
0.903757
0.857367
0.861610
0.860325
0.877089
0.858132
0.858754
0.858931
0.861294
0.860695
0.870093
0.867713
0.857379
0.861042
0.898195
0.870715
0.878447
0.893172
0.888020
0.879663
0.914180
0.949704
0.863565
0.894768
0.859942
0.857806
0.857744
0.857308
0.857558
0.862957
0.858370
0.909665
0.859832
0.861845
0.858305
0.899755
0.857123
0.884917
0.867456
0.909974
0.866395
0.857921
0.857319
0.884457
0.933713
0.858632
0.857910
0.858200
0.857350
0.857629
0.896347
0.863178
0.886053
0.857887
0.858734
0.857750
0.864826
0.902237
0.878169
0.896552
0.922507
0.857348
0.857392
0.876046
0.860246
0.857385
0.857727
0.858126
0.857399
0.882247
0.861431
0.871477
0.915622
0.886609
0.863113
0.860918
0.859378
0.884302
0.869735
0.875657
0.862249
0.878831
0.865238
0.904356
0.857181
0.871453
0.864633
0.858291
0.865022
0.879275
0.861015
0.864434
0.860334
0.887453
0.882121
0.859311
0.857930
0.913717
0.895177
0.863948
0.864185
0.857305
0.857443
0.857560
0.859459
0.900034
0.857266
0.873834
0.878128
0.880410
0.870088
0.898128
0.873336
0.867639
0.873284
0.914458
0.899635
0.865295
0.873699
0.864489
0.860106
0.886651
0.928447
0.906242
0.857220
0.882775
0.914106
0.857528
0.870545
0.886945
0.879074
0.864089
0.913249
0.859203
0.872425
0.857827
0.911930
0.935169
0.859260
0.911687
0.870633
0.885881
0.916265
0.875041
0.860197
0.860524
0.859980
0.857531
0.857496
0.879889
0.863359
0.858828
0.897076
0.860237
0.858151
0.858173
0.870247
0.864967
0.868194
0.872859
0.858618
0.859462
0.861169
0.859854
0.857634
0.860117
0.888121
0.857246
0.860158
0.857227
0.863325
0.858415
0.881458
0.858398
0.879829
0.857400
0.870489
0.857713
0.870855
0.859081
0.857356
0.857322
0.861393
0.931582
0.870194
0.857296
0.858553
0.862382
0.859865
0.858326
0.868477
0.857813
0.859308
0.890721
0.876680
0.885051
0.884580
0.865245
0.857775
0.865577
0.858358
0.869219
0.861326
0.875494
0.910451
0.857954
0.859241
0.858323
0.858124
0.859805
0.878930
0.863047
0.876094
0.860497
0.875591
0.857287
0.858103
0.857947
0.860099
0.857479
0.858035
0.889820
0.857690
0.859414
0.888797
0.867317
0.857263
0.902589
0.898941
0.912651
0.869677
0.940570
0.935559
0.857485
0.864149
0.861372
0.885195
0.892118
0.858198
0.866345
0.857153
0.924474
0.879849
0.859873
0.859186
0.857303
0.859629
0.857713
0.882650
0.905652
0.857742
0.907227
0.858938
0.877008
0.863310
0.907755
0.922158
0.890900
0.879311
0.858309
0.863350
0.857661
0.868101
0.858214
0.883266
0.857222
0.895567
0.857371
0.860452
0.876322
0.873801
0.877299
0.857807
0.865945
0.861781
0.858825
0.860151
0.858278
0.857311
0.857360
0.922657
0.861573
0.863109
0.894492
0.870472
0.870425
0.857672
0.914765
0.865842
0.859689
0.887620
0.894578
0.861535
0.858753
0.872927
0.907289
0.871055
0.864465
0.864627
0.857601
0.858063
0.862102
0.886737
0.858067
0.908344
0.857138
0.911193
0.859370
0.860678
0.874035
0.906952
0.892348
0.863263
0.862320
0.871425
0.857322
0.888289
0.913127
0.858825
0.869900
0.863184
0.897870
0.857992
0.877881
0.858280
0.870631
0.861812
0.886703
0.857232
0.857529
0.881358
0.862923
0.863101
0.867552
0.867332
0.882178
0.857197
0.862249
0.873578
0.922859
0.861357
0.896729
0.862630
0.864856
0.890310
0.859898
0.858596
0.909247
0.898757
0.906648
0.866230
0.863793
0.863610
0.917011
0.883992
0.857590
0.872900
0.861459
0.918622
0.888080
0.862978
0.857349
0.860539
0.866911
0.882099
0.858132
0.860747
0.857684
0.890912
0.902672
0.863051
0.862240
0.878221
0.861127
0.858498
0.878636
0.863814
0.869472
0.884792
0.862593
0.858084
0.863446
0.861717
0.890270
0.857587
0.884299
0.873695
0.859897
0.857532
0.858294
0.862685
0.857617
0.857928
0.922730
0.866548
0.857185
0.858220
0.858849
0.858075
0.864923
0.857776
0.902849
0.857756
0.878873
0.858426
0.905559
0.858640
0.858468
0.867168
0.861141
0.857838
0.862054
0.878548
0.858333
0.865806
0.866040
0.857292
0.868146
0.892706
0.858165
0.863409
0.857268
0.858603
0.876630
0.857235
0.860744
0.859328
0.860316
0.858036
0.877855
0.858001
0.857609
0.859122
0.917433
0.858506
0.900880
0.857397
0.873567
0.857565
0.866478
0.885927
0.858933
0.857187
0.880304
0.860798
0.915648
0.862235
0.859385
0.857157
0.857338
0.857631
0.894987
0.875165
0.857208
0.864914
0.858081
0.860281
0.858084
0.879457
0.857143
0.857824
0.857502
0.857680
0.873173
0.887519
0.859143
0.900792
0.861518
0.871846
0.873634
0.858933
0.872069
0.913705
0.858570
0.859404
0.857697
0.875233
0.858836
0.865366
0.869926
0.869418
0.877815
0.877840
0.857111
0.868612
0.860446
0.876140
0.902642
0.867625
0.860155
0.914137
0.891733
0.857330
