# 参数名称：invres3.conv.1.running_mean
# 参数形状：(288,)
# 参数数据类型：float32
# 参数值（保留6位小数）：
-0.002502
0.001775
0.006657
-0.001004
0.000403
-0.005711
0.004993
-0.005419
0.010611
-0.011127
-0.000014
0.002481
0.002736
-0.004707
-0.005018
-0.001282
0.002223
-0.001330
-0.003660
0.003848
0.001271
-0.007338
-0.000883
-0.007515
0.006289
-0.001994
-0.004040
-0.004637
0.008494
0.005754
-0.004361
0.005774
-0.001030
-0.006596
-0.008855
-0.003368
0.003529
-0.004659
0.004032
0.002890
0.001192
-0.004835
-0.001200
0.002020
-0.005473
0.004426
-0.011092
-0.005248
0.001347
0.000711
-0.000699
-0.003395
-0.001662
-0.004665
-0.000190
-0.000512
-0.003011
0.003073
-0.000270
0.003974
0.001138
-0.000703
-0.001382
-0.000312
-0.002566
-0.001196
-0.003554
-0.009481
0.002540
-0.004823
-0.003791
-0.003892
0.003769
0.001339
0.004057
0.005109
0.002353
-0.000491
0.004603
-0.000689
-0.011103
0.001841
0.008938
-0.011235
-0.003389
-0.002817
0.000198
-0.003801
-0.006243
-0.005717
0.002859
-0.006156
0.005999
-0.007831
0.000484
-0.005365
-0.004935
0.007421
0.005355
0.001758
0.000647
0.002159
-0.008357
-0.011245
0.002391
-0.005805
-0.005761
0.002179
0.006705
0.004368
0.003057
-0.006136
-0.007101
-0.001782
0.006491
0.000377
-0.000205
0.001656
0.002129
-0.005863
-0.003196
-0.006434
0.001553
-0.001986
-0.001148
-0.000488
0.010172
0.000590
-0.003557
-0.002139
0.002581
0.000901
-0.008857
0.007427
-0.003333
0.005104
-0.002307
0.000810
0.003893
-0.006189
0.006995
-0.001272
-0.000144
0.003716
-0.003809
0.006238
0.005771
0.003763
-0.002435
0.000803
0.000175
-0.001164
0.002945
0.001712
-0.003198
-0.006051
0.000997
0.001554
-0.004343
-0.001044
-0.002087
0.005661
-0.007832
0.001028
-0.006138
-0.001876
0.003890
-0.003393
-0.001481
-0.009173
0.004888
-0.004037
0.001993
-0.000752
-0.006810
0.006732
0.002031
0.007625
0.004299
0.000644
0.007344
-0.003006
0.002864
0.002939
0.008814
-0.004102
0.004887
0.002466
-0.003604
-0.003642
-0.001189
-0.001932
0.002450
0.003022
0.000903
0.002579
-0.002641
-0.005172
-0.007896
-0.005844
0.003741
-0.010087
-0.005914
0.004378
-0.005357
0.001451
-0.008976
-0.002282
-0.002864
-0.000810
0.005925
-0.008783
0.002031
-0.001761
0.005620
-0.003099
-0.002118
-0.001964
-0.001221
0.004524
0.003494
-0.003021
-0.002506
-0.001455
-0.003295
-0.004131
-0.008724
-0.009629
-0.007027
-0.002996
0.004852
-0.003120
-0.002608
0.006641
-0.007756
0.003042
-0.004170
-0.003511
-0.000681
0.003949
-0.003832
-0.004386
-0.005084
-0.000834
0.002087
0.005818
0.000982
0.004138
-0.003489
0.000035
-0.000358
-0.002542
-0.003347
0.000437
0.002119
0.002319
-0.004839
-0.001834
0.001525
-0.004602
0.000964
-0.000909
0.005098
0.000793
-0.005457
-0.006372
-0.007418
0.003187
-0.009311
0.000140
0.007410
0.001262
-0.001914
-0.004977
-0.000258
0.002017
-0.000241
-0.002912
-0.003815
-0.002483
0.007396
0.001436
-0.007671
0.001251
-0.006564
0.004592
0.002718
0.005865
