# 参数名称：invres2.conv.1.running_var
# 参数形状：(384,)
# 参数数据类型：float32
# 参数值（保留6位小数）：
1.032174
1.133493
0.732090
1.268144
2.124625
1.078650
1.110534
0.607008
1.140542
0.924192
1.012433
1.103527
1.389252
0.994676
1.294375
0.618828
1.067517
1.263943
0.867685
0.977662
1.041156
0.947893
1.310146
1.316344
1.126343
0.981604
0.866016
0.715481
1.055008
1.159328
1.163703
1.798445
0.796718
1.186040
1.158348
0.704655
1.525260
0.901704
1.418753
1.077552
1.029555
1.413331
0.780058
0.911387
1.097180
0.861055
1.986396
1.385672
0.972778
0.704546
0.643407
1.142671
0.843734
1.241556
1.264042
0.926178
0.575750
1.150656
0.799795
0.900211
1.530826
0.872800
0.712222
1.401520
0.746073
1.899323
2.635054
0.656102
0.862476
0.873378
0.858240
0.839238
0.747926
1.084070
1.817441
0.816136
1.363755
1.270320
1.222658
1.627871
1.133332
1.303972
1.228742
1.221388
0.999366
0.808990
1.298902
0.667841
0.630032
0.834048
0.927148
1.158298
1.040777
1.119224
1.314087
0.825328
1.236563
1.524759
1.060739
0.979512
1.300983
0.760453
1.610357
1.093175
0.838486
0.912017
1.205161
1.699565
1.734344
1.149133
0.931569
0.869681
0.932714
1.643301
1.031458
1.109824
1.146692
0.883312
1.107974
0.977958
0.929410
1.081035
1.078058
0.899028
0.741410
0.825545
1.087252
1.643047
0.728530
1.591967
1.110726
1.062426
1.206053
0.803990
1.266713
1.068219
0.972816
0.699458
0.986534
1.402532
1.507094
1.035990
0.954419
1.117829
0.840762
1.519917
1.225522
1.356786
0.794359
1.191104
0.748399
0.761190
0.598882
1.106207
1.166032
0.726907
1.213475
0.623290
0.802982
0.472155
0.602895
1.007299
1.158912
1.147052
1.392390
1.083914
0.901338
0.957030
0.671174
0.870040
0.727936
0.842844
0.726757
1.246582
0.489037
1.631473
0.806756
0.804494
1.401227
1.665788
0.981665
1.235168
0.993319
1.466541
0.905347
2.309366
0.581119
1.090394
0.964845
1.165138
1.414097
1.321597
0.684635
1.144788
0.928777
1.745543
1.459494
1.107246
0.810388
0.744446
1.330076
1.363448
1.075563
1.234928
0.892396
0.877950
0.758954
0.777380
1.195303
0.699042
1.287168
1.054603
1.137306
0.854962
0.742475
1.131725
0.740704
0.952903
0.594429
1.167741
1.260143
1.084252
1.081659
0.712705
1.008087
1.216169
0.929679
0.699462
1.181107
1.192559
0.898292
0.808497
1.272324
1.353287
1.026133
1.114792
0.723732
1.207038
1.182880
0.724342
0.887973
0.973854
0.815140
1.603596
1.031170
1.234331
1.774061
1.146981
0.859718
0.940682
0.783056
1.128123
0.878307
0.828670
0.993946
0.663813
2.525752
0.910339
1.096138
0.881706
0.858614
1.222485
1.150936
0.925577
0.878595
1.034809
1.023473
1.222423
0.942939
0.962113
1.009159
1.342672
0.755701
0.822157
1.494907
1.417903
1.010511
1.181629
1.314615
0.847023
1.039729
0.815165
0.948164
0.729620
1.628075
1.175326
1.086387
0.925445
1.028967
0.828372
1.640820
0.709340
1.368211
0.693023
1.245143
1.428339
0.959051
0.573614
0.880943
0.993424
0.984505
0.877295
1.054219
0.955414
1.059054
1.039515
1.013777
1.644034
1.145059
0.709833
1.086484
1.434875
0.962069
1.175017
1.180981
0.804098
1.077163
1.016984
0.734062
0.955530
1.291112
0.910988
0.969347
0.862203
0.700699
0.741850
0.872394
1.008295
0.693873
0.693487
1.192766
1.286692
0.798235
1.162801
1.568202
0.647235
0.784482
0.912414
0.725662
0.835275
0.612557
0.928984
0.926274
0.900854
1.220473
0.893709
0.984333
1.167314
0.984607
1.005036
0.647898
0.985053
0.989129
0.978313
0.961439
0.697982
1.752036
0.925853
0.938477
1.311777
1.288440
1.245618
0.903839
1.108640
1.333771
0.616195
0.680399
0.915763
0.653653
0.630056
1.077449
0.685612
2.097683
0.693528
1.007670
0.710826
1.115515
0.775154
0.871696
1.359019
0.653078
0.648920
0.652571
0.602016
