# 参数名称：invres2.conv.1.weight
# 参数形状：(384,)
# 参数数据类型：float32
# 参数值（保留6位小数）：
0.882298
0.878055
0.952870
0.934210
0.863992
0.882555
0.876619
0.940837
0.897301
0.896693
0.896068
0.953679
0.863666
0.861832
0.887248
0.890734
0.873478
0.935883
0.875260
0.873333
0.907373
0.911605
0.925757
0.884825
0.885701
0.858872
0.866129
0.891435
0.863547
0.866162
0.928571
0.900078
0.927074
0.904755
0.870006
0.912879
0.930127
0.875562
0.907135
0.902641
0.865172
0.916142
0.859661
0.859313
0.880233
0.866929
0.897127
0.860932
0.903112
0.860263
0.859716
0.906133
0.880423
0.872230
0.858094
0.872388
0.898279
0.898239
0.899822
0.901116
0.878157
0.890906
0.875283
0.881211
0.912220
0.896359
0.886421
0.905807
0.925431
0.868875
0.871415
0.885882
0.898540
0.909764
0.863115
0.879525
0.884076
0.935716
0.873826
0.857095
0.879979
0.934900
0.866210
0.893766
0.861629
0.859923
0.950045
0.913608
0.908617
0.932076
0.861154
0.863427
0.884088
0.916061
0.857957
0.922293
0.860599
0.881186
0.898261
0.889505
0.862210
0.885482
0.877201
0.886333
0.864142
0.891771
0.864247
0.943968
0.883408
0.902746
0.892258
0.877859
0.869559
0.870979
0.864597
0.911566
0.895964
0.878011
0.878573
0.947974
0.878869
0.868701
0.900886
0.932629
0.865646
0.901139
0.882876
0.859837
0.918299
0.896189
0.875192
0.919186
0.861579
0.886460
0.935483
0.859401
0.881483
0.896661
0.886436
0.872898
0.857667
0.873188
0.874586
0.916481
0.883692
0.918816
0.903463
0.870357
0.863366
0.935605
0.877818
0.884796
0.860356
0.881949
0.900571
0.862413
0.870455
0.884970
0.921408
0.866415
0.868870
0.861913
0.907214
0.935597
0.858124
0.915131
0.891861
0.903392
0.921023
0.891283
0.887615
0.862512
0.885177
0.870198
0.888885
0.908159
0.859316
0.903980
0.865161
0.901236
0.880054
0.871806
0.940693
0.888732
0.863211
0.881029
0.873152
0.862765
0.874379
0.874852
0.870610
0.875710
0.871665
0.863200
0.858781
0.894065
0.867197
0.927709
0.858106
0.877565
0.879981
0.930137
0.894368
0.871553
0.888296
0.884884
0.874632
0.933792
0.899203
0.898863
0.872844
0.952454
0.873563
0.900235
0.874118
0.862757
0.860319
0.863615
0.879304
0.898293
0.913708
0.891961
0.894433
0.902271
0.870537
0.858443
0.884602
0.862646
0.897457
0.857957
0.860065
0.865297
0.883641
0.909977
0.892599
0.889070
0.902638
0.888187
0.888104
0.859311
0.882026
0.900103
0.921726
0.876452
0.938064
0.893832
0.863489
0.878298
0.892141
0.882937
0.884092
0.865186
0.899385
0.906259
0.923626
0.917015
0.862781
0.918260
0.863383
0.870747
0.887222
0.899163
0.865461
0.890143
0.884692
0.899949
0.931172
0.862615
0.917732
0.869433
0.857882
0.866360
0.867892
0.937210
0.870024
0.923709
0.870626
0.875148
0.914869
0.936003
0.874891
0.860136
0.869045
0.903039
0.922485
0.894012
0.911757
0.906167
0.862488
0.931606
0.858659
0.900160
0.877100
0.867918
0.862899
0.933467
0.901426
0.901334
0.871613
0.897947
0.880875
0.897883
0.869758
0.905511
0.865004
0.913710
0.874045
0.860351
0.872602
0.922385
0.913197
0.860999
0.875577
0.879915
0.897656
0.864124
0.862307
0.857725
0.863230
0.882450
0.880094
0.869174
0.888588
0.858583
0.912359
0.908621
0.904327
0.900094
0.887310
0.863758
0.879114
0.861908
0.907865
0.868650
0.906882
0.861035
0.869306
0.887665
0.895125
0.901877
0.865963
0.865651
0.905878
0.868725
0.883843
0.887237
0.867593
0.861929
0.859036
0.919415
0.931273
0.864972
0.889417
0.908316
0.884167
0.901679
0.857588
0.863596
0.879713
0.888220
0.900398
0.861549
0.864548
0.905615
0.900421
0.862402
0.868271
0.882499
0.897597
0.874511
0.862654
0.883409
0.926689
0.887913
0.865707
0.891309
0.921027
0.860290
0.864100
0.893544
0.861474
0.857465
0.878774
0.903500
