# 参数名称：invres4.conv.1.running_var
# 参数形状：(192,)
# 参数数据类型：float32
# 参数值（保留6位小数）：
2.414288
0.797537
0.332112
0.587392
1.622806
1.730669
0.540943
0.971110
0.373188
0.428368
0.406504
0.623209
0.465709
0.714156
2.232513
0.938655
1.632126
1.576694
0.840518
0.571352
0.984001
0.528603
0.808715
0.676582
0.353168
0.805378
2.004856
0.481548
1.342870
0.534345
2.635404
3.017636
0.207539
0.247492
1.922913
1.178456
0.503950
1.590602
0.383070
1.746195
0.533183
0.855324
2.528405
2.638213
1.122039
1.220180
0.443778
1.949427
0.733273
2.873611
1.374964
1.053714
1.804224
0.615315
0.351081
0.539278
1.434636
1.773813
0.724613
0.363424
0.316554
1.136583
0.501530
0.671320
1.624703
1.178418
0.546113
1.225140
1.921241
0.484989
1.051736
0.595354
1.144643
0.470199
0.290490
1.071807
0.424342
0.767182
0.338338
1.187677
2.725450
1.130427
0.800293
1.037433
0.628392
1.053539
0.479812
2.022789
1.478012
1.934568
1.705733
0.253245
0.615726
2.472613
0.847777
3.275867
1.894179
0.885092
0.413928
0.779716
2.006802
0.571688
1.579581
0.228583
0.711401
1.145047
0.844483
1.059024
1.073918
1.848823
0.766274
0.799284
0.577902
1.952115
0.824661
1.551126
1.410897
0.591100
2.402977
1.529442
0.461615
0.394028
1.482567
1.756900
1.335308
1.252009
0.220617
0.882074
1.119555
0.684880
1.806602
0.613387
0.347762
1.103922
0.236073
1.780535
2.332121
1.321300
0.675619
0.844538
0.507991
1.135750
0.214984
1.352089
0.959953
1.349903
0.754587
3.554476
0.772834
0.725950
0.994025
1.296207
1.400836
1.066515
1.449292
1.354868
0.797307
0.652369
1.335302
1.811605
2.544547
1.084068
0.643033
0.392508
0.681884
1.768708
1.362586
0.872585
1.242373
2.043878
0.704563
0.655720
0.943655
1.270142
0.449883
0.978649
2.711267
0.865207
2.264098
1.268596
2.513696
1.398597
0.726647
1.536916
0.252310
1.289694
0.613904
0.451738
0.557680
2.075516
1.352488
0.897054
