# 参数名称：invres1.conv.3.weight
# 参数形状：(1152, 1, 3, 3)
# 参数数据类型：float32
# 参数值（保留6位小数）：
0.009071 -0.002836 0.021954
-0.006386 -0.014354 -0.014341
0.000148 0.028030 0.012001
0.023464 -0.012438 0.008404
0.017086 -0.012260 -0.020420
-0.011501 0.005671 0.004064
-0.003568 0.009179 -0.010956
0.023694 0.029260 0.011627
-0.008298 0.015862 0.015379
0.010127 -0.005179 -0.003543
-0.015769 -0.007478 -0.001896
-0.003790 0.012577 -0.004285
0.002597 0.024254 -0.005189
0.019873 -0.004401 0.017287
0.015694 0.011462 0.000201
-0.000060 0.025323 0.029981
0.020970 0.038740 -0.025692
0.018072 0.001613 -0.003747
0.012837 -0.003000 -0.015346
0.009588 -0.000205 -0.030382
0.004657 -0.008887 0.016136
0.005920 0.015477 0.032550
0.011798 0.003842 -0.002144
-0.022560 0.034151 0.000737
-0.003400 -0.011402 -0.012916
-0.017080 0.017888 0.004247
-0.004017 -0.006344 -0.020517
-0.021434 -0.024148 -0.018093
0.022376 -0.000481 0.019725
0.006104 -0.014875 -0.043393
0.015294 -0.006407 -0.018603
-0.006809 0.008032 -0.010808
-0.012979 0.002107 -0.004319
0.011395 -0.006859 -0.000421
-0.007965 0.006051 0.005944
-0.013392 -0.008107 0.018314
0.017629 0.005433 -0.002474
0.004038 0.008696 0.028199
-0.007124 -0.009136 0.005498
0.000318 -0.016677 0.026250
0.035744 0.011125 0.004058
-0.002078 0.018792 -0.000005
-0.010997 -0.009227 -0.013467
-0.004414 0.014404 0.015872
0.027836 0.001841 0.008644
-0.008378 0.004900 -0.032479
-0.015650 0.006779 0.004855
0.013540 0.001384 0.010581
-0.010696 -0.005474 0.002483
-0.017077 -0.010649 0.021448
-0.018712 0.006585 -0.015200
0.012374 0.003545 -0.006326
-0.003252 -0.004932 0.010367
0.013764 -0.001909 0.014752
-0.036012 0.000073 0.002529
0.004044 0.005312 -0.025494
-0.009712 -0.013402 -0.005109
0.000511 0.002035 0.005986
-0.011766 0.006087 0.002524
-0.004857 0.011751 0.015043
-0.013512 0.020547 0.028811
-0.017664 -0.009298 0.005315
-0.013632 -0.015285 0.015881
-0.004490 0.004727 -0.006918
-0.004495 0.004733 0.016241
0.000107 -0.000363 -0.007264
0.004524 -0.010049 -0.003870
-0.012873 0.038407 0.003017
-0.001683 -0.012664 0.007731
0.006042 0.021290 0.007520
0.044875 0.003934 -0.001318
-0.003850 0.005892 0.016318
0.010659 0.024870 -0.023370
0.001356 0.015204 -0.019846
0.003657 0.010032 0.007153
-0.019022 -0.008858 -0.012652
0.019139 0.006524 0.000228
0.005639 0.002470 0.004689
0.032612 -0.002437 -0.007901
-0.011553 -0.000950 0.022982
-0.022390 0.002590 -0.001869
0.023401 -0.002615 -0.013987
0.004631 0.029903 0.033106
-0.001150 0.014901 -0.011221
0.002132 -0.014705 0.014583
0.015083 -0.002514 -0.008746
-0.006287 0.012724 -0.012929
0.007126 -0.006151 -0.014406
0.012548 0.023151 -0.002766
0.020629 0.000137 0.006775
-0.011595 0.005589 0.010145
-0.024934 -0.001117 0.013229
0.006552 0.011076 0.018282
-0.004248 0.003508 0.023536
-0.006120 -0.012181 0.002687
0.001822 -0.028691 0.003661
0.009135 -0.014950 -0.008031
-0.000739 -0.001490 -0.006939
0.010223 -0.004109 0.012502
0.000151 -0.005214 -0.010649
-0.010390 -0.004067 -0.008226
-0.010183 -0.021098 0.004841
0.002609 0.006042 0.013717
-0.010562 -0.020064 -0.012183
-0.014767 0.017653 0.006386
0.022430 -0.031512 -0.009860
0.007891 0.002024 -0.007627
0.013883 -0.020331 -0.008721
0.016399 -0.000202 0.010528
-0.019909 -0.008703 -0.009134
0.002157 -0.006019 -0.007918
-0.002590 0.001466 -0.011606
-0.021714 -0.007009 -0.019552
0.001001 -0.003102 0.001265
-0.015601 -0.021550 0.011448
0.001763 0.003435 0.003764
0.014448 0.013703 -0.002888
-0.021598 -0.009694 0.025892
0.016019 0.010316 -0.004712
-0.014396 -0.006773 -0.001052
0.031099 0.010873 0.006012
0.004568 0.023077 0.003330
0.000608 -0.012581 0.014421
-0.016696 -0.010086 0.013813
-0.005454 -0.003165 -0.020078
0.029427 0.021496 -0.003981
0.000276 0.006961 -0.022136
0.003372 -0.022896 -0.005478
-0.021489 0.031385 0.011826
-0.001131 0.007367 -0.000395
0.014870 0.015921 0.002294
-0.012006 -0.009728 0.002766
0.028584 -0.008391 0.003303
-0.022657 0.005277 0.003035
0.000536 0.009463 -0.020036
-0.039632 0.013425 -0.012552
0.025964 0.005940 0.031824
0.002654 0.008632 0.001327
-0.020743 -0.012903 0.005538
-0.010647 0.002183 -0.022894
-0.000552 -0.028546 0.025419
-0.012933 0.024454 0.004929
-0.014694 0.020413 0.007762
0.011363 -0.017929 0.023206
0.001625 -0.009360 -0.021955
0.004223 0.042293 -0.003873
0.006932 0.010751 0.029169
-0.018732 -0.016513 -0.016862
0.017818 -0.000327 -0.000058
-0.017139 -0.011891 -0.013061
0.009643 0.018394 0.012086
-0.009020 -0.006162 0.005155
-0.006534 0.018144 0.042938
0.001680 0.000924 0.006560
0.009001 -0.002911 -0.007984
0.012531 -0.003114 0.007669
0.004498 -0.006090 0.003524
-0.018393 -0.016509 -0.004306
-0.003287 -0.007450 -0.007967
-0.011732 -0.017050 0.011423
-0.003692 0.003327 -0.000598
0.011078 -0.006188 0.007378
0.004555 0.015782 0.010344
0.018906 -0.017383 -0.014813
0.020689 -0.006723 0.014479
0.013189 0.022345 0.000017
-0.005177 0.020052 0.002357
-0.006982 0.016666 -0.005784
-0.014831 0.000768 0.007451
-0.010306 0.015366 0.002171
-0.014749 -0.004616 0.007231
0.006176 -0.016936 -0.018948
0.003655 -0.014515 0.000427
-0.011973 -0.010552 0.006095
-0.012376 -0.003153 0.011983
-0.007542 -0.001899 0.018491
0.003797 -0.005747 0.000792
-0.017488 0.009946 -0.006778
-0.003508 -0.004690 0.019800
-0.008413 -0.001097 0.008570
0.012349 0.012119 0.000906
-0.001106 0.012425 -0.008982
0.006712 -0.010763 0.012731
-0.008523 -0.012071 -0.009873
-0.009312 0.013736 0.017871
-0.012853 0.002427 0.010937
0.032235 0.011461 0.002220
0.024784 0.017148 0.014937
0.000446 -0.005398 0.006128
-0.005242 0.001262 -0.003322
0.003359 -0.006285 0.007603
0.013615 0.034172 0.023135
-0.029977 -0.006675 0.006029
-0.002195 -0.008583 -0.019076
-0.006783 0.024310 -0.001030
-0.027207 0.003478 0.027856
0.020266 0.012942 0.008204
0.022651 0.010838 0.003878
-0.030777 0.003089 0.011242
-0.016451 -0.005092 0.009618
0.030331 0.013547 0.007927
-0.020771 -0.027923 0.003758
-0.009927 0.006219 -0.014732
0.011765 -0.005150 -0.004795
-0.009520 -0.001023 0.005552
0.002536 -0.000674 -0.018428
-0.018466 0.014191 -0.024683
-0.002030 -0.013676 0.014755
0.011127 -0.008760 0.014645
-0.006961 0.021293 0.024207
-0.007044 0.011728 -0.027004
0.026970 -0.009115 0.024760
-0.026047 0.000858 0.015689
-0.023133 0.005762 0.028270
-0.016666 -0.023725 0.012748
-0.004009 -0.014501 -0.001441
0.034878 -0.044923 -0.005739
-0.003228 0.017022 0.017341
-0.011045 -0.011949 0.031077
-0.010395 0.015317 0.023234
-0.007502 0.004721 -0.003413
0.000265 -0.013521 -0.002596
0.002652 -0.005342 0.007299
0.001051 -0.003693 0.021953
0.013024 -0.002858 -0.022822
-0.004592 -0.012693 0.000853
0.003756 0.003914 0.006592
0.018406 0.005588 0.006503
-0.004325 -0.008273 0.007285
-0.018327 0.007506 -0.017355
0.002657 0.002195 0.014730
0.004792 -0.002578 0.009004
-0.002906 0.021502 -0.030578
-0.009557 -0.030878 -0.009143
0.008181 0.002910 0.020248
-0.009123 0.036068 -0.009432
-0.012108 -0.018671 -0.004327
-0.001710 0.005490 -0.016431
-0.002343 -0.001161 0.012675
-0.035084 0.014732 -0.007647
0.024989 -0.006340 -0.009118
0.004276 0.013863 -0.001851
-0.007349 -0.004323 0.018503
0.002184 -0.009523 0.004916
0.004834 -0.007289 -0.042209
-0.004402 -0.009734 -0.018282
0.009747 -0.010080 0.005131
-0.029346 -0.022996 0.000109
0.025874 -0.010690 0.008227
0.022794 0.003018 0.006118
-0.011787 0.001607 0.015241
-0.014649 -0.005824 0.021932
-0.023955 0.006245 -0.008052
-0.003207 -0.007490 -0.032671
0.021386 0.009862 0.014249
0.024345 0.004515 0.002359
-0.020883 -0.024308 -0.003576
0.006169 -0.005786 0.009494
-0.010548 0.001373 0.001719
-0.016087 -0.007566 0.010193
0.004297 0.011265 0.011230
-0.002925 0.010957 0.001652
-0.008408 -0.019400 0.012172
-0.002931 0.028545 -0.006292
-0.013861 -0.003774 0.012660
0.020942 0.007103 0.005276
-0.008915 -0.008123 0.006026
-0.002344 0.009474 -0.004983
0.002077 -0.023389 0.004066
0.025799 -0.007781 -0.009974
0.026485 -0.013423 0.001993
-0.006479 -0.010733 -0.004322
-0.003173 -0.021060 -0.013741
-0.010080 0.008204 -0.006116
0.008498 -0.023027 -0.000643
-0.010349 -0.014449 -0.010328
0.009124 0.013710 0.002879
0.008590 0.025581 0.001088
0.000485 0.001558 -0.018899
-0.004255 -0.000719 0.002014
0.017064 -0.009000 0.013546
0.007583 -0.015621 -0.001521
-0.023582 -0.021128 -0.002971
0.000173 -0.011764 -0.001037
-0.015425 -0.004660 -0.012971
0.007047 -0.003672 -0.009546
0.012551 -0.000004 0.005838
0.023318 0.014123 0.004379
0.011096 -0.018717 0.016095
0.010503 0.018148 0.004424
-0.016682 -0.024678 -0.002583
-0.023841 -0.015723 -0.009278
-0.005060 -0.019399 -0.016321
0.005219 0.020168 0.000078
0.015437 -0.006902 -0.006306
0.001108 0.027713 -0.000141
-0.017484 -0.024698 -0.022644
-0.014708 -0.001848 0.007688
0.014933 0.029446 -0.002710
-0.008776 -0.002534 0.015835
-0.001020 0.013140 -0.020858
-0.019904 0.014728 -0.025582
0.003340 -0.010541 0.008129
-0.015231 -0.003606 0.013613
0.002955 -0.021256 -0.049134
-0.012583 -0.016007 -0.005218
-0.010157 -0.004599 0.004664
-0.022223 -0.009385 0.017580
0.010164 0.018268 0.023470
0.017177 -0.023749 -0.004846
-0.005982 -0.001053 -0.004709
0.010356 0.005236 0.018210
0.000635 -0.001142 -0.010783
0.002878 0.013165 -0.023691
-0.005339 -0.001189 -0.011052
-0.002977 -0.017366 -0.014569
0.003945 -0.005306 0.004555
0.011267 -0.016720 -0.019207
-0.014584 0.008350 0.004719
-0.012716 0.008037 0.013504
0.002311 -0.004193 -0.001723
-0.006127 0.018681 0.012599
-0.007051 -0.019175 -0.006306
0.010714 -0.005569 0.021372
0.013655 -0.000403 -0.000815
0.011065 -0.004934 0.015692
-0.026436 -0.009224 -0.014924
-0.006865 0.031507 0.024585
-0.002748 -0.013344 -0.014866
-0.015607 0.009475 0.016792
0.007585 0.001051 -0.007445
0.015731 0.004183 0.033637
0.010606 0.005960 0.005188
-0.032026 -0.002374 0.016973
-0.023277 -0.013260 -0.023718
-0.005461 0.005190 0.018867
0.005709 0.006759 -0.013456
-0.000122 -0.004221 0.006365
-0.009007 0.017162 0.009847
-0.021957 0.003785 -0.009297
-0.007266 -0.016622 0.001696
0.007354 0.010884 0.028516
0.017156 -0.013123 -0.024215
0.019582 -0.001551 0.002249
0.007194 -0.001515 0.016390
0.009670 0.003142 0.000805
0.009686 -0.019741 -0.017220
-0.015754 0.018128 -0.021317
-0.024887 -0.011493 -0.011868
0.011882 0.012927 0.004849
0.011306 -0.001113 0.022939
-0.006444 -0.001163 0.002902
-0.024959 0.001286 -0.014428
-0.000193 0.008981 -0.018630
-0.014135 -0.006465 -0.006986
-0.006201 -0.014713 -0.017140
-0.007041 -0.010443 -0.015077
-0.015443 0.010474 -0.016581
0.033845 -0.003102 -0.034282
0.006206 0.030295 -0.004091
0.014569 -0.011568 -0.000382
-0.009650 0.006444 0.008929
-0.001199 -0.009460 0.018218
-0.004676 0.025488 -0.015425
0.006730 0.011864 -0.011091
0.019867 0.035368 -0.005728
0.022443 -0.019578 -0.023382
0.003553 0.003786 -0.000282
-0.008275 0.001461 0.029754
0.007444 0.004067 -0.006019
0.028017 0.013339 -0.004586
0.001985 0.042219 -0.001585
-0.002628 -0.003710 0.003076
0.007071 0.027243 0.010742
0.001756 0.009424 -0.009270
-0.009988 -0.010813 0.013823
0.012602 -0.011173 -0.017807
0.008335 0.003801 -0.009258
0.005372 -0.010027 0.001531
0.002071 0.021437 -0.001203
0.001984 0.028380 0.023003
0.011163 -0.025134 -0.014017
0.015300 0.025052 0.000216
0.004581 -0.019926 0.017923
0.016260 -0.004462 -0.007268
0.014192 0.004619 0.006950
0.005032 -0.000969 0.012760
0.015030 0.007406 0.002361
-0.036031 0.015013 0.006143
0.001942 -0.010496 -0.014522
-0.004823 0.013636 0.006807
0.006920 0.011598 0.011440
0.023993 -0.005686 -0.026349
0.011398 0.010943 0.011321
0.009879 0.001608 0.016126
-0.002738 0.000482 0.010029
0.008711 0.008280 -0.007191
0.015423 0.012759 -0.002540
-0.000447 0.004527 -0.014525
-0.024534 -0.010862 0.012940
-0.008153 -0.050415 -0.020875
0.008712 -0.013932 -0.004573
-0.019491 -0.015072 0.002185
0.011484 0.002845 0.024513
-0.009653 0.001126 0.001308
-0.010513 -0.018483 0.021253
0.025481 -0.012503 0.008809
0.005718 0.013183 -0.000302
-0.018363 0.003762 -0.015464
-0.019087 0.031959 -0.022614
0.003532 0.027745 0.004541
0.021074 -0.006039 0.015651
0.012718 0.012076 0.009329
-0.013406 0.002182 0.003066
0.011936 -0.018651 -0.001020
-0.006210 -0.011098 0.008547
-0.038926 0.003966 -0.012292
0.001070 0.018652 0.005102
0.002630 -0.020181 -0.026536
0.019732 -0.005092 0.000539
-0.029338 0.000910 -0.037051
0.004224 0.005583 0.013425
-0.013418 0.007985 -0.020377
0.018931 -0.007090 0.017455
0.026946 -0.024414 0.008630
-0.001772 0.030118 -0.009808
-0.007449 -0.005853 -0.012352
0.012697 0.004683 0.024315
-0.007950 0.005856 -0.005884
-0.026422 -0.016094 0.013594
-0.010454 0.007913 0.017038
0.020757 0.005369 -0.007188
-0.007277 -0.033946 0.008844
0.003209 0.005585 -0.017966
-0.019962 -0.005331 -0.029834
-0.005359 -0.002905 -0.006299
0.017756 -0.019339 -0.010540
0.009650 -0.022533 -0.004228
-0.000421 -0.030494 0.005382
0.009790 -0.009817 -0.020472
-0.027125 -0.005009 0.011037
-0.004815 -0.010152 0.022234
0.019583 0.003848 0.029551
-0.005861 -0.008834 0.018537
-0.015102 -0.016454 -0.005242
0.014638 -0.011913 -0.022962
0.022912 -0.000626 -0.021645
-0.004138 -0.010733 0.007171
-0.008571 0.011437 0.040031
-0.034972 -0.017757 0.000657
0.013201 0.017242 0.015407
-0.032823 -0.006738 0.008394
0.006381 0.022657 0.007956
-0.014800 0.009748 -0.018181
-0.019915 0.014641 -0.004122
0.005062 -0.009295 -0.015412
-0.003830 0.006157 0.001452
-0.026780 -0.032996 0.003037
-0.014737 0.023869 0.013006
-0.002283 -0.001012 -0.010272
-0.004929 0.017958 -0.005507
-0.000639 -0.010055 0.001168
-0.008661 -0.000483 -0.015327
0.004658 -0.011862 -0.008439
-0.023812 0.004165 0.003188
0.010663 -0.015701 -0.019243
0.015526 0.024673 0.022001
-0.013222 0.001968 -0.021923
0.006508 0.014975 0.007329
-0.003300 0.003058 0.007016
-0.002067 -0.000885 -0.006982
-0.003032 0.010629 -0.006303
0.010382 0.004367 0.002055
-0.010161 0.030838 -0.000492
0.000631 -0.010942 0.015916
-0.016712 -0.009067 0.019776
0.003606 -0.013482 0.003849
0.002755 -0.008126 -0.020522
0.012512 0.018179 -0.021589
0.018932 -0.003590 0.016064
-0.013152 0.007881 0.001833
0.044618 0.003386 0.033189
0.006404 0.008949 -0.015561
-0.012732 -0.002782 -0.018687
0.001767 0.017161 0.023660
-0.006523 -0.003953 0.001766
0.007604 -0.005834 -0.000288
0.005502 0.008290 -0.022453
0.002863 0.036440 -0.005888
0.000751 0.011663 -0.015215
0.002994 -0.027319 0.001209
0.005404 -0.023764 0.012294
-0.007767 -0.001144 -0.014787
-0.006188 0.022579 -0.010574
0.011665 0.002745 -0.005712
0.024911 -0.010699 0.000258
-0.027260 0.015953 -0.000305
0.004773 -0.000960 0.016262
0.013684 0.005290 -0.018342
-0.007486 -0.003428 -0.013209
0.016314 -0.000329 -0.010068
0.012093 0.019618 -0.025983
0.013664 0.002962 0.002596
-0.003823 0.005870 -0.001401
0.011117 0.004954 0.006671
0.002732 0.006349 0.033081
0.009939 0.011189 -0.002682
0.012061 0.000923 -0.010313
0.020305 -0.003711 -0.004391
0.025701 -0.010044 -0.011689
0.008838 -0.004689 0.007476
-0.021209 -0.011416 0.009727
0.001688 0.000238 0.016642
-0.009163 -0.013126 -0.006296
0.001933 -0.001154 -0.035746
0.000806 0.004073 -0.009887
-0.010552 -0.008269 0.001554
-0.020578 -0.007184 -0.002276
-0.000001 0.010478 0.018363
-0.040192 0.007546 0.002109
0.007982 0.010532 -0.009856
0.031342 -0.004330 -0.006726
-0.010614 0.009063 -0.004532
-0.002687 0.010444 0.000812
0.018210 -0.002957 0.019715
0.003815 0.003077 -0.008276
-0.000050 -0.000897 -0.021017
-0.003867 -0.003819 0.018488
0.007699 0.014845 0.004410
-0.002519 -0.011613 -0.008836
0.011872 -0.015332 -0.009378
-0.007170 -0.022690 0.000178
-0.009711 -0.009346 -0.023804
0.006121 -0.002418 -0.012769
-0.000216 -0.005347 0.019098
0.001412 0.005134 0.003277
0.013972 0.009422 0.021399
-0.007401 -0.004087 -0.029495
-0.000093 0.033051 0.002728
0.004304 -0.014796 0.010417
-0.002134 0.019812 -0.010864
-0.015995 0.006922 0.033004
0.015111 0.000258 0.001372
-0.005434 0.017641 -0.020932
-0.011267 0.011473 -0.011971
0.005415 0.000736 -0.005442
0.009989 -0.012948 -0.021128
0.009070 0.015940 0.027822
-0.022201 -0.000883 0.004049
-0.011647 -0.024349 -0.006791
0.034782 0.004975 0.020958
0.012790 0.009241 -0.007863
-0.024345 -0.024804 0.011869
-0.005010 0.017072 0.013552
0.010108 0.029136 0.010806
0.016390 -0.009570 -0.003769
0.025345 0.019576 0.017204
0.004009 -0.017486 0.018646
0.017099 -0.000071 -0.018333
-0.002304 -0.004884 0.018608
0.012221 -0.016424 -0.000396
0.026185 0.018086 0.001056
-0.002225 0.017650 -0.006149
0.021035 0.024813 -0.008639
-0.009947 0.004198 -0.009447
-0.024768 -0.005065 -0.004344
-0.019735 -0.023382 0.002582
-0.006855 0.001019 -0.011403
0.023118 -0.014622 0.012156
0.019112 -0.014338 -0.032229
-0.007105 -0.004409 -0.013717
0.006829 0.009943 -0.008557
0.020653 0.015184 0.015504
0.004396 -0.020571 0.004372
0.015367 0.016785 -0.013919
0.007104 -0.005381 0.009035
-0.015161 -0.006476 -0.010768
0.016074 -0.006853 -0.003787
0.000004 0.005768 -0.032828
0.013329 0.013561 -0.011741
0.014784 0.005703 0.004309
-0.001463 -0.026182 0.001019
-0.010492 0.000423 -0.016994
-0.005003 0.005009 -0.024718
0.011981 0.013212 0.007749
-0.011476 -0.002312 0.010896
0.002511 -0.020819 0.013986
-0.012373 0.005713 0.000160
0.003967 0.004200 -0.006894
0.017374 0.003388 -0.009947
-0.002666 -0.014262 -0.008221
0.014508 0.001672 0.000448
0.013191 0.005865 -0.016841
0.009413 -0.001110 -0.021500
-0.001244 -0.009497 0.011135
-0.003424 -0.002073 -0.027273
-0.014873 -0.012597 -0.021891
-0.015520 0.002123 0.020488
-0.005139 -0.004232 -0.004232
-0.014415 0.015462 -0.005303
-0.010575 -0.015165 0.001304
0.012460 -0.013132 0.002934
-0.017225 0.023714 0.023904
0.007756 -0.007713 0.008335
0.009993 0.003783 0.018392
-0.037492 -0.004099 0.023060
-0.010374 -0.028908 0.015881
0.018991 0.010192 0.001871
0.007637 0.032099 0.004695
-0.000509 -0.029451 0.020043
-0.030241 0.005012 -0.007132
-0.021389 0.002751 -0.006368
-0.004259 -0.016854 0.013859
0.040238 -0.007743 0.022655
-0.004051 0.010775 -0.005651
-0.007676 0.006286 0.038549
-0.029865 0.013105 0.010281
-0.011328 0.000104 -0.026679
-0.009882 0.039670 0.006013
-0.012533 0.012673 0.014350
-0.010917 -0.021946 -0.009951
-0.003472 -0.002371 0.000974
-0.001319 0.003910 -0.004864
0.027659 -0.000804 0.008430
-0.016543 0.011153 -0.009237
0.015554 0.028079 0.007517
-0.008941 -0.015559 0.021410
-0.001091 0.014579 -0.016354
0.005070 0.011334 -0.002633
-0.015994 0.025156 0.011589
-0.011815 -0.011498 -0.007999
0.013667 0.026683 -0.009346
-0.008602 -0.024932 0.000699
0.012299 0.020215 -0.009648
0.017988 -0.013242 -0.000479
-0.007590 -0.000638 -0.002261
-0.012562 0.006161 -0.003468
0.010448 0.012672 0.000153
-0.003037 -0.014270 0.038210
-0.008202 0.004395 0.011446
-0.001112 0.012193 -0.023461
-0.014687 0.009407 -0.005509
-0.002692 -0.012180 0.005667
-0.002308 -0.003061 -0.025933
0.009081 0.028749 -0.019076
0.001056 0.035215 -0.026747
-0.001741 0.006737 0.007574
0.016519 0.013629 0.021076
-0.005064 0.007175 -0.004500
-0.003148 0.009410 -0.011060
0.009830 0.007674 -0.009664
0.000424 0.019359 0.021537
-0.004457 0.022758 -0.001776
0.000801 0.008577 0.013471
-0.011931 -0.018317 0.012928
-0.002316 0.015531 0.021848
-0.002326 0.004092 0.002712
0.016366 -0.007891 0.024908
0.004607 -0.001226 0.026446
0.013867 -0.016407 -0.009950
0.005686 0.004795 0.034040
0.010771 0.008176 0.010067
-0.007185 -0.009963 0.002358
-0.009541 -0.006978 -0.023144
-0.026582 -0.018278 -0.008245
0.008278 0.000828 -0.001308
0.001816 -0.011632 -0.013193
-0.017537 -0.010498 0.000837
-0.000648 -0.027453 0.026929
-0.028357 0.017605 -0.000318
0.001077 -0.002674 0.005587
0.032076 -0.001412 0.009797
0.005570 0.005640 -0.018239
0.004796 0.027700 -0.000296
0.007386 -0.001360 0.000550
0.008619 0.030407 0.024180
0.019263 0.000619 -0.023280
-0.012328 0.001429 0.018562
0.007468 0.023124 0.001692
-0.012676 0.010615 0.014852
0.011935 0.005887 0.013217
0.010226 -0.013808 0.008975
-0.008700 0.006496 0.005424
-0.010016 0.009441 0.005504
0.012860 0.021698 -0.014424
-0.005320 0.019953 0.000002
-0.001126 0.010016 -0.002953
0.007247 -0.001003 -0.009732
0.009765 0.000186 0.022884
-0.017997 -0.007674 0.010684
-0.005291 -0.000229 -0.009592
-0.005390 -0.007826 -0.010407
0.013642 0.013690 -0.003216
-0.017638 0.020796 -0.014068
0.001723 0.008314 -0.017114
0.003762 0.020400 0.005392
-0.002619 -0.001405 -0.001609
-0.001704 -0.028542 -0.007195
0.002377 -0.018958 0.017316
0.004174 -0.005359 0.004650
0.005168 0.003964 0.041764
0.002083 0.004295 -0.002591
-0.001909 -0.013010 -0.005901
-0.033939 -0.012138 -0.010757
0.019177 -0.008352 0.012455
0.007158 -0.019486 -0.016128
-0.022470 0.006792 0.005761
0.013419 -0.004596 0.005011
-0.017024 -0.031411 0.007253
-0.030067 -0.011343 0.008067
0.026257 -0.005373 -0.000758
0.000576 0.023560 0.000544
-0.013503 0.009194 0.014400
0.014898 0.001669 -0.002984
-0.016280 -0.012719 -0.007690
-0.004083 0.035240 0.005515
-0.009962 0.011302 -0.001601
-0.002444 0.008946 -0.001725
0.017236 0.004745 0.010349
0.007004 -0.005368 0.005907
-0.000506 0.007077 -0.001807
-0.002217 -0.006391 -0.006151
0.012346 0.007104 0.022281
0.006509 -0.007817 -0.006330
-0.003504 -0.011216 0.004623
-0.001994 0.003791 -0.014719
0.000947 0.007617 -0.001997
0.000362 -0.006292 -0.003724
0.017640 -0.013464 0.045450
-0.010482 -0.000358 -0.013626
0.007051 -0.005648 0.015988
-0.021105 -0.015523 -0.013713
0.030322 -0.000407 0.009411
0.011181 0.004392 0.012344
0.001955 0.008446 0.002450
-0.007170 -0.008583 0.001674
0.008494 -0.000035 0.012840
-0.011491 -0.006370 0.026939
-0.004994 -0.027932 -0.005806
-0.005777 -0.002147 -0.018499
-0.001161 -0.008265 -0.034733
-0.000166 0.018724 0.011635
0.018973 -0.013173 -0.009886
0.017390 0.014398 0.021355
0.010800 -0.034450 -0.003242
-0.019184 -0.017694 -0.009024
-0.026286 -0.015366 -0.004620
0.003680 -0.009759 0.000017
-0.004179 0.001395 0.000212
0.025824 -0.006205 -0.014730
0.018298 -0.008700 -0.006538
-0.016785 0.012019 -0.005275
-0.004314 0.009967 0.008864
-0.003901 0.004920 -0.010736
0.009119 -0.008395 -0.002269
-0.020508 -0.007639 -0.000876
-0.002606 0.004105 -0.014119
0.001856 0.023184 0.007197
0.002502 0.008767 -0.005128
0.010590 -0.004841 0.003519
0.004067 -0.010421 -0.003437
0.017040 0.034766 -0.003861
0.012297 -0.013155 -0.014823
-0.016736 -0.015410 0.017919
0.004715 -0.021806 0.005748
-0.001453 -0.003980 0.026842
0.022683 0.012725 0.014837
0.010641 -0.001436 0.001657
-0.001943 0.039478 -0.019192
-0.002344 -0.000425 -0.005581
-0.006725 0.002040 -0.002036
0.002620 0.006225 0.021360
0.009102 -0.008717 -0.009120
-0.009133 -0.004652 0.014826
-0.004230 0.009267 -0.013868
-0.008314 -0.011821 0.012897
0.031770 0.008079 0.025558
-0.001156 -0.004572 0.012437
0.004584 -0.002020 0.016915
-0.008703 0.007865 0.007108
0.006337 -0.007125 -0.001023
-0.008783 0.014167 0.017185
-0.001040 -0.003173 0.019321
0.014546 -0.005296 -0.016715
0.015079 0.002013 0.022658
0.029668 0.002195 -0.007341
0.008171 0.024121 -0.004098
-0.021938 0.005610 -0.003720
0.007917 -0.013011 -0.011319
-0.015964 -0.020291 0.002416
-0.001101 -0.009520 0.009834
-0.004749 -0.002784 0.019142
-0.005616 -0.001229 0.007449
0.008458 0.020402 0.010384
0.022773 0.008108 -0.012089
-0.016200 -0.015243 0.015537
-0.007201 0.005806 -0.007820
-0.002224 -0.005822 -0.024555
0.004937 0.018663 0.001173
-0.011375 -0.025272 0.009599
-0.006244 0.014701 0.014476
0.018316 -0.021405 -0.036966
-0.038562 0.000789 -0.002780
-0.001246 -0.007175 0.002963
-0.005859 -0.009680 0.004711
0.003721 0.020919 0.000628
-0.009569 0.013543 0.003744
-0.002935 0.002873 0.013005
-0.009575 0.028327 -0.009717
0.001159 -0.005697 -0.007838
-0.003265 -0.005225 -0.014062
0.015627 -0.017080 0.037037
-0.038008 0.012551 -0.004896
-0.004604 0.009177 -0.022329
0.009002 -0.005716 -0.005924
-0.017815 -0.008968 -0.000737
-0.008721 -0.005747 0.020473
0.001340 0.010163 -0.000563
0.001797 0.021325 0.009582
-0.002392 0.007204 -0.002316
0.001438 -0.002903 0.004661
-0.009288 -0.009171 0.018406
-0.004009 0.034918 0.006748
-0.009764 0.011485 -0.027921
0.006155 -0.020583 0.024609
0.013768 -0.014595 -0.007032
0.023247 -0.004841 -0.023024
-0.002890 0.001578 0.021118
0.012894 0.038511 -0.005690
-0.004047 0.002723 0.006415
0.014290 0.004159 0.017596
-0.014081 -0.041624 0.009487
0.003501 0.005209 0.000526
0.000720 0.004305 -0.011128
-0.010301 0.009652 -0.000852
0.020634 0.006988 0.013428
0.017138 -0.036058 0.013523
-0.008586 0.004669 0.000793
0.015605 -0.014079 -0.006760
-0.002922 -0.005760 0.017305
-0.003742 -0.004610 -0.017192
0.022988 -0.023993 0.014757
0.015412 -0.002443 0.001141
-0.002920 0.004602 -0.010516
0.004917 0.006313 0.005745
0.008240 -0.000032 -0.021573
-0.014046 -0.004115 -0.010516
0.002898 0.009802 -0.013546
-0.014065 -0.007292 0.007306
0.006762 -0.001914 0.004484
-0.008552 0.003089 0.011075
0.004217 0.014121 -0.054837
0.009185 -0.013859 -0.024636
-0.001671 -0.017993 -0.016062
-0.021134 -0.013548 0.008729
-0.016505 0.000266 -0.012115
0.000212 -0.014580 -0.007151
0.045211 0.006235 0.014929
0.030754 0.009180 0.005565
-0.012071 0.006755 0.012306
0.010034 -0.012108 -0.033323
-0.015183 0.005672 -0.010070
0.007915 0.015964 -0.002046
-0.001989 -0.013494 -0.007840
-0.009022 0.006202 0.013472
-0.000554 0.017746 0.004646
0.002912 0.001903 -0.012618
0.001315 0.010431 -0.005624
-0.004396 0.011145 0.010368
-0.020714 0.019624 0.012482
-0.004455 0.003931 0.001172
0.014292 0.004643 0.008021
0.006359 0.006507 -0.024801
0.017794 0.007973 0.004690
-0.004466 0.000907 -0.001855
-0.008212 -0.010818 0.003096
0.008685 0.009453 -0.000852
-0.004746 -0.009241 -0.003287
0.016082 -0.002443 -0.001575
0.020721 -0.004537 -0.001323
-0.003783 0.024706 0.006561
-0.010329 0.004491 -0.003609
0.003595 -0.003497 -0.014850
0.001445 0.007010 -0.006402
-0.015890 0.008095 0.005187
-0.008724 0.012590 -0.005762
0.006572 -0.021434 -0.006784
-0.021728 0.001545 -0.004562
0.012289 -0.004117 0.020855
-0.010035 0.011161 0.011490
0.005315 0.000579 -0.007626
0.000225 -0.011017 -0.002048
-0.004667 0.018532 -0.013474
0.006196 0.021302 -0.005122
0.011190 0.010786 -0.011098
0.010911 -0.011305 -0.012988
0.001966 -0.007082 -0.028955
-0.005580 0.004077 0.014447
-0.018059 0.017249 0.013192
-0.010381 -0.042439 -0.000046
-0.007423 -0.000761 -0.004137
0.020974 0.001875 -0.002468
0.018845 0.033750 -0.009798
-0.000710 0.002042 -0.005104
-0.010320 0.000813 -0.005951
-0.005026 0.014610 0.013895
-0.002763 -0.003789 0.011280
-0.008435 -0.008878 0.006217
-0.011854 -0.000411 -0.004134
0.016903 0.004168 -0.022778
0.006698 -0.023308 0.011639
-0.026317 0.004288 -0.007631
-0.012121 0.009854 -0.007118
0.010827 0.010073 0.000089
-0.004153 0.010561 0.004112
-0.008995 -0.007678 -0.007711
-0.003229 0.001303 -0.031993
-0.002719 -0.010050 -0.015912
-0.013551 0.003616 0.017301
-0.024999 0.002225 0.022863
0.005587 0.008534 0.015890
-0.008948 -0.017695 -0.001110
0.011900 0.008609 -0.001314
-0.002003 0.006717 -0.008106
-0.017482 0.008878 -0.005891
-0.005244 -0.010178 0.021830
0.014813 0.004708 -0.003015
-0.017190 -0.007312 0.000984
-0.000088 0.005913 -0.006613
-0.024875 -0.000647 0.011599
0.006884 0.007031 0.004751
0.001767 -0.006503 0.020743
-0.010557 -0.006703 0.009103
-0.020768 0.012655 0.015212
-0.018450 0.000936 0.001614
-0.004745 0.004485 0.006401
-0.022893 -0.012373 -0.004402
0.018487 -0.008028 0.009496
0.012418 -0.010347 0.014341
-0.006344 0.016971 0.006687
0.001993 -0.003520 0.005674
-0.005048 0.005677 0.021952
-0.006506 0.009925 -0.011663
-0.003568 0.008174 0.053247
-0.014306 -0.020956 0.012921
0.002944 -0.002394 -0.021950
0.020659 0.014046 0.022222
0.014106 -0.009563 -0.010966
-0.006816 0.001743 0.014501
0.001828 0.007560 0.001070
0.011043 0.020666 0.004545
-0.014464 0.003282 -0.018664
-0.003141 0.012622 -0.005210
-0.019007 0.004519 -0.018110
0.013014 0.001810 0.007751
0.020233 -0.004796 0.009073
-0.008240 -0.011020 0.010441
-0.014612 -0.007523 -0.018418
0.021372 0.023937 -0.011421
0.009957 0.010232 -0.008648
-0.003839 0.013544 -0.013249
0.010556 -0.007076 -0.019893
-0.022519 -0.016266 -0.000229
0.005704 0.009666 -0.004504
-0.024158 -0.019163 0.003342
-0.005233 -0.018500 0.022986
-0.020248 -0.015078 -0.004897
-0.017817 0.007071 -0.014875
-0.005211 -0.000330 -0.002747
-0.013185 0.016779 0.010680
-0.011295 -0.001817 0.001718
-0.006702 0.016656 -0.005673
-0.021042 -0.010913 0.013759
0.028203 -0.004782 -0.007760
0.004185 -0.014550 -0.003045
0.020919 0.013928 -0.001049
0.022643 0.002298 -0.015731
0.009840 -0.005678 0.000333
-0.003400 -0.010487 0.001065
0.011589 0.004226 0.022464
-0.007334 0.003853 0.015391
0.005979 0.013634 -0.008860
0.030097 0.006024 0.026742
-0.005428 0.004841 -0.009742
0.004842 -0.012928 -0.006061
0.010009 0.009072 0.005081
0.001241 -0.016072 -0.003282
0.016462 0.009207 0.011093
-0.006841 0.020996 -0.017163
0.006867 -0.001100 -0.005793
0.000982 0.010753 0.011168
-0.014618 0.001762 -0.003473
-0.016358 -0.009067 0.004977
-0.025195 -0.012082 0.010991
0.001075 0.011839 -0.004085
-0.013812 0.012465 0.018262
0.020585 0.034728 0.000863
0.003178 0.012113 0.017846
0.002020 0.000289 0.006793
-0.008212 -0.004968 0.002456
-0.000959 0.011995 0.030986
-0.006079 0.002452 0.002537
-0.002689 -0.009246 0.003312
-0.007483 0.020873 0.029922
-0.005777 0.016798 0.001536
-0.009385 -0.009617 0.002251
-0.012708 0.006099 0.014185
-0.002458 -0.007253 -0.013429
0.009461 0.021285 0.002044
-0.007757 0.024317 0.024773
-0.002540 -0.023125 0.005110
-0.001972 0.012003 0.027687
0.007985 0.002872 0.000294
-0.002906 0.020243 0.001121
-0.000075 -0.002861 -0.027738
-0.004349 -0.006793 0.000896
0.021556 0.009612 0.010427
0.009543 -0.001504 -0.001866
-0.015201 -0.003496 0.013002
0.024453 0.008772 0.018447
0.005959 -0.009171 0.012154
-0.015904 -0.024074 -0.006985
-0.012006 -0.003386 0.020042
0.022638 0.014032 0.020904
0.007514 -0.011968 -0.019646
0.006144 -0.002932 -0.009791
0.012585 0.003517 -0.005631
0.032075 -0.003383 0.008353
-0.013966 -0.006301 0.005532
-0.027977 -0.012136 -0.009876
0.000347 0.002827 -0.008291
-0.017431 0.004327 0.015841
0.027957 0.017177 -0.013386
0.013678 -0.014593 -0.014378
-0.004463 -0.016501 0.013756
0.004894 -0.001814 0.006147
-0.013813 -0.006483 0.023739
-0.010718 0.006838 -0.000410
0.016349 0.023192 -0.003481
-0.000561 -0.011891 0.005029
0.001378 0.022294 0.010896
0.000048 -0.007445 -0.000144
0.004378 0.024252 -0.005323
0.004164 0.008746 0.000357
0.036116 -0.016418 -0.001798
0.002386 0.014818 0.018579
-0.022911 -0.021566 0.006894
-0.008824 0.018591 -0.001970
0.026740 -0.015810 -0.017063
0.004653 0.015520 -0.006632
-0.005475 -0.012017 0.000168
0.011443 0.008733 -0.006314
0.010276 0.003393 0.008930
0.009375 -0.003938 0.002563
-0.002024 -0.015762 0.024325
-0.007855 -0.003582 -0.000511
-0.030183 -0.026961 -0.002439
0.008310 0.002923 0.015724
-0.016373 -0.008478 0.002223
0.025225 0.009527 0.007925
0.014877 -0.002658 0.017913
-0.022504 0.003114 0.006846
0.001152 -0.011651 0.006819
-0.019341 -0.032921 -0.011167
-0.003314 -0.011976 -0.012280
-0.002389 -0.000454 0.012111
0.001331 0.000919 0.011290
-0.025923 -0.009215 0.008953
-0.002674 0.002906 -0.017132
-0.022193 0.015408 0.000697
0.005192 -0.006076 -0.021969
-0.007943 0.000652 -0.000843
-0.006454 -0.025753 -0.006516
0.006287 0.017636 0.032393
0.007824 0.010670 0.018667
-0.006317 0.000473 -0.002649
0.024516 -0.006082 -0.007066
0.004859 0.018313 0.019719
-0.007919 -0.006856 -0.011539
0.009148 -0.004660 -0.012664
-0.025825 0.005869 -0.002760
-0.007450 -0.028962 0.001987
-0.007516 0.005449 -0.006596
0.008410 -0.015676 -0.017877
-0.009283 -0.027712 -0.004561
-0.031766 0.004126 0.000179
-0.006032 -0.000796 -0.026861
-0.023974 -0.008239 0.002608
-0.003972 0.004537 0.004606
0.009063 0.000097 -0.002496
-0.012430 0.023296 0.007925
0.008034 0.009795 0.002391
0.002149 0.023704 -0.005042
0.016717 0.009282 -0.006737
0.018327 0.005631 0.012865
0.003400 -0.004711 0.011669
-0.021462 0.010866 0.045669
0.000321 -0.011462 -0.004812
-0.011672 -0.023743 -0.013740
-0.015769 0.030717 0.000467
0.018673 0.000309 -0.006782
0.014613 0.008506 0.022598
0.018449 -0.001067 -0.017345
-0.006199 0.008366 0.012438
-0.010324 0.027547 -0.011220
0.028496 0.003326 -0.002074
-0.012201 -0.008836 -0.000549
0.012799 0.004066 0.031282
0.015189 -0.011910 -0.023306
0.031382 -0.019883 -0.025765
-0.002916 -0.025443 -0.009829
0.021611 0.002434 -0.019274
0.003992 -0.034139 0.005422
-0.008378 0.012496 -0.002160
0.005803 -0.005446 0.020619
-0.021494 0.000086 -0.003290
-0.010601 -0.006275 0.012356
0.001244 -0.006437 0.020642
0.011501 -0.010240 -0.005059
-0.004322 0.000419 -0.007192
0.017133 0.020247 0.012289
0.005593 0.036380 -0.012877
0.004303 -0.007932 -0.004473
-0.008737 -0.019667 -0.014660
-0.002049 -0.012072 0.004406
0.005540 0.001521 0.007121
0.031208 0.006265 -0.002010
0.021266 0.009483 -0.013521
-0.038729 0.014485 0.022779
0.004776 0.000097 0.013434
0.009332 -0.006761 0.030302
-0.000682 -0.007981 0.008869
0.021612 -0.015143 0.019149
0.013488 -0.012033 0.007230
-0.005233 -0.002994 -0.007202
0.009472 0.002313 -0.007970
-0.023280 -0.013493 -0.019844
0.014726 -0.015854 -0.000182
0.007499 0.011143 -0.006606
-0.012517 -0.007114 0.010675
0.010805 0.016697 0.006908
-0.003043 0.002534 0.005411
0.003801 0.004078 0.009797
-0.020084 -0.000218 0.021024
0.010310 0.017639 0.016343
-0.003375 0.036248 -0.016729
-0.000036 -0.007093 -0.006247
0.004198 0.001983 0.009986
0.008274 0.008940 -0.005561
0.006403 -0.029469 0.009599
0.011874 0.012585 -0.015458
-0.016096 0.023470 -0.019075
-0.015430 -0.000198 -0.007676
0.009815 0.007198 -0.013465
0.008958 0.007059 -0.021518
0.027147 -0.005145 0.010722
0.003725 -0.006953 0.011343
0.000857 0.009392 -0.017587
0.003068 0.018827 -0.016453
0.000895 -0.005858 0.018242
-0.003429 0.020286 0.021068
0.006745 -0.009838 0.001329
0.013832 -0.026379 -0.015829
0.022425 0.003255 0.021773
-0.007973 -0.010551 -0.009341
0.000283 0.003081 0.021267
-0.005920 0.025450 0.026035
-0.007947 0.011747 -0.011689
0.000262 0.000915 0.013360
-0.009048 0.005643 0.016668
0.002986 -0.000784 -0.003218
0.011476 0.026117 0.018370
-0.021328 0.012209 -0.019152
-0.021950 -0.009239 0.001113
0.003621 -0.006635 -0.035451
-0.003766 0.004749 -0.003748
0.005150 0.015191 0.016542
-0.019820 0.005152 0.015101
0.013210 -0.018436 -0.021672
-0.011999 0.014719 0.006473
-0.004428 0.034991 0.008129
0.015996 0.005020 -0.009442
-0.009209 0.012586 -0.004104
-0.015998 -0.001524 -0.006618
0.010075 0.005953 -0.034369
-0.021876 -0.019426 0.015813
0.002728 0.006398 -0.004404
0.023172 0.010475 -0.008375
-0.017564 -0.014906 -0.012250
0.000678 -0.036175 -0.022939
-0.004982 -0.010432 0.031735
-0.019666 -0.020891 -0.009918
-0.012115 -0.002366 -0.009660
-0.028383 -0.002017 0.001184
-0.008207 0.040197 0.013521
-0.007999 0.003495 -0.015541
-0.002856 -0.020778 0.020093
-0.027512 0.013055 -0.018533
0.009972 0.018839 0.017892
-0.037621 0.008096 0.005097
0.018106 -0.011542 0.011018
0.010901 0.025540 -0.024030
0.005843 -0.015211 0.001179
-0.010930 0.000395 0.021812
0.006660 -0.004961 -0.006891
0.006391 -0.002148 -0.002048
0.019003 0.013022 -0.005731
-0.016213 -0.000026 0.003484
0.003542 0.012325 0.018315
-0.012014 0.015473 -0.005370
-0.007986 0.027099 0.018680
0.005273 0.002326 0.004549
0.014016 0.001618 -0.003073
-0.001782 -0.030932 -0.000813
0.001857 0.018824 -0.005200
0.000018 -0.003344 0.022415
0.003283 -0.033560 0.004892
0.006018 0.002887 0.003222
0.000325 -0.011988 -0.012927
0.025205 -0.025785 0.008131
0.002186 0.004500 0.013577
-0.006948 0.007802 0.022413
-0.003450 0.003876 -0.014480
-0.002112 0.008132 0.007289
0.017526 0.001665 0.000086
-0.008756 -0.011090 0.023763
0.014184 0.003106 -0.002347
-0.002585 0.003446 0.010294
-0.020593 -0.010788 -0.002377
0.009984 0.013746 -0.000662
0.003284 -0.005684 0.003066
-0.011683 -0.018695 -0.011620
0.002480 -0.000313 -0.021053
0.023918 0.004958 0.003197
0.018064 -0.007749 -0.019305
-0.006406 0.000078 -0.001512
-0.000637 0.003609 -0.010743
-0.009756 -0.019250 0.010660
0.007887 0.006322 -0.001711
0.001454 -0.007985 0.009473
0.053504 0.004745 0.002044
0.029615 0.005324 -0.019004
-0.001280 0.037101 0.005190
0.012209 0.021304 -0.001599
-0.008630 0.000724 0.009523
0.004368 0.010153 0.016615
0.017057 0.022341 0.005302
-0.004115 -0.018365 -0.016806
-0.007878 0.010625 0.014371
-0.015100 -0.009519 -0.004596
0.007664 0.007122 0.022136
0.002679 -0.010796 0.010551
0.013755 0.005492 -0.008102
0.005656 0.027816 -0.031816
-0.033436 -0.033000 0.005970
-0.005324 0.002561 0.016186
-0.015650 0.016783 -0.013300
-0.011190 -0.008189 -0.009755
0.028284 -0.016108 0.003848
0.014265 0.015351 0.004895
-0.000783 -0.004326 0.010285
0.007075 0.007696 0.013809
0.017599 -0.002136 -0.032488
0.004628 0.003715 0.005548
0.006853 -0.010296 -0.014836
-0.003520 -0.008659 0.006353
0.011412 -0.009797 0.015286
0.003032 -0.007479 -0.039300
-0.024631 0.031298 -0.023961
0.026935 -0.010170 0.003558
-0.003998 -0.006664 -0.010192
0.010763 0.008584 0.022452
0.012469 -0.003408 0.015022
0.035404 0.001762 0.023422
-0.004470 0.009508 0.017973
0.007803 -0.015800 0.008382
-0.009632 0.026204 -0.003972
0.026340 0.017092 0.018739
-0.021567 -0.018133 -0.030874
-0.004003 0.017351 0.016070
-0.008517 -0.000961 -0.006734
0.023440 0.007721 0.002023
0.011633 -0.020721 -0.010700
0.027829 -0.005558 0.015978
0.029828 -0.013592 -0.003545
-0.003705 0.014620 0.003487
-0.004691 0.009889 0.014418
0.004168 0.015882 0.016223
-0.002430 -0.017177 0.008995
0.012605 -0.014349 0.001242
-0.007519 -0.008883 -0.002504
0.020241 0.013849 0.027091
-0.002051 -0.005742 0.019589
0.025018 -0.019671 0.017530
-0.006303 0.013312 0.026813
-0.013655 -0.012937 0.021574
-0.001536 -0.005020 0.008997
0.021552 -0.002034 -0.019578
-0.002182 0.020815 -0.001716
0.022874 -0.006885 0.002148
0.010348 0.022836 -0.018108
-0.001156 -0.011230 -0.020788
0.013418 0.017715 0.011723
0.004565 0.016228 0.002624
0.016333 0.006701 -0.016598
0.019105 -0.006974 0.007351
-0.002853 -0.013981 -0.003569
0.010211 0.021794 -0.004193
-0.008200 0.008133 0.013116
0.013931 0.004377 0.010118
-0.005103 -0.011124 0.006593
-0.024520 -0.008000 -0.000216
0.009650 0.025990 0.003847
-0.014611 0.016480 -0.007586
0.008145 -0.007809 0.023353
0.010263 0.014212 -0.012300
-0.002906 -0.000358 -0.001036
-0.013219 0.009071 -0.000481
-0.001466 -0.022433 -0.009775
-0.019250 0.013177 0.013364
-0.008057 -0.026022 -0.007713
0.024716 -0.008904 0.021221
-0.013697 0.011274 0.009995
0.004957 0.009720 -0.004995
0.011183 -0.007287 -0.005203
0.011590 -0.024322 -0.005252
0.003393 0.005612 -0.026332
-0.001881 -0.015344 0.007096
-0.022524 0.006063 -0.000920
-0.009128 -0.005148 -0.000766
0.005836 -0.003136 -0.013214
-0.006986 -0.043760 -0.005224
0.020526 -0.003172 0.018835
-0.012313 0.019738 -0.000120
0.007265 -0.023356 0.012726
-0.004163 0.029735 -0.004932
-0.002806 0.005522 0.040486
0.008649 0.011529 -0.000828
0.005110 -0.016764 0.011692
0.015723 0.001015 -0.039519
-0.006079 0.019011 0.006988
-0.006378 -0.007818 0.014018
0.002904 0.012549 0.019168
-0.024309 -0.013321 -0.000645
-0.030489 -0.005959 0.010130
0.000406 0.045601 -0.014554
0.011756 -0.004366 0.005806
-0.020623 -0.010689 -0.004899
0.000552 -0.010454 -0.019709
0.001544 -0.013538 0.000123
-0.004563 -0.002347 -0.005127
-0.005692 -0.003524 -0.015064
-0.013465 0.005848 -0.020146
-0.008338 -0.017034 -0.013050
-0.015894 -0.013314 0.010348
0.005264 0.009345 0.009404
-0.012029 -0.003361 -0.023182
-0.008184 0.001945 0.002554
-0.009693 -0.015299 -0.011934
0.014385 -0.018059 -0.005034
-0.011962 0.013970 -0.045698
0.030714 0.011680 0.003475
0.033213 -0.001114 0.005491
-0.012110 0.010103 0.009328
0.006587 0.015099 -0.008332
-0.005503 -0.001479 0.000222
-0.009481 0.010706 0.010991
-0.024717 0.009894 0.021538
-0.002347 0.034954 -0.022022
-0.002584 -0.001060 -0.010801
0.009489 0.022483 0.030018
-0.002374 0.004647 0.000625
0.015701 0.031091 0.007797
-0.023941 0.011348 0.026303
0.007052 0.003188 0.009679
0.001107 -0.003375 0.003250
0.013516 0.004213 -0.003502
-0.019072 0.009578 0.017235
-0.000294 -0.004247 0.003858
-0.011403 -0.003431 0.007715
-0.003347 -0.007668 0.015683
-0.006754 0.006699 -0.005468
-0.019807 -0.007595 0.030153
0.001466 0.001228 -0.007339
0.005508 0.003135 -0.004800
0.000325 0.002011 0.027985
-0.025167 0.009645 -0.002145
0.011032 -0.002897 0.001572
-0.000113 -0.003420 -0.000189
0.018021 0.014073 -0.010590
0.008734 0.005839 0.020428
0.010177 0.001064 0.025223
0.017815 0.020426 -0.032455
0.006515 -0.015722 0.001988
0.005347 0.001211 -0.002883
-0.003633 -0.003544 0.005955
-0.012833 0.024214 0.008283
-0.028536 -0.004450 0.018042
0.008260 -0.007264 0.011612
0.015250 -0.003787 0.004363
0.019211 0.002547 0.017262
0.013760 -0.004692 0.024301
-0.009465 0.009896 0.007467
0.009769 0.003837 -0.012865
0.023770 -0.008281 -0.016104
-0.013581 -0.012142 0.008239
0.012959 0.009663 0.003339
-0.012192 0.013126 -0.000452
0.007810 0.001859 -0.008809
0.015540 -0.007039 -0.012904
0.008656 -0.008026 0.009469
0.015693 0.002514 -0.031990
-0.009582 -0.003362 -0.019930
-0.014709 -0.010719 0.009665
0.007816 0.008174 0.023062
-0.009127 0.002680 0.001546
-0.012315 0.015245 0.019570
0.002825 -0.016233 0.003119
0.034591 -0.001933 -0.013173
0.024218 0.003871 -0.002170
0.018132 0.009035 -0.004702
-0.006765 -0.011844 -0.013447
-0.011864 0.005551 0.014365
-0.011083 0.002990 -0.003363
-0.013344 -0.010794 -0.005781
0.013012 0.014443 -0.010062
0.001568 -0.013273 -0.026720
-0.019786 0.003429 -0.008485
0.015226 -0.007483 -0.019388
-0.017460 0.008134 -0.001086
0.021096 0.004699 0.011761
-0.003658 -0.000951 -0.008197
0.015026 -0.002651 -0.006899
-0.000554 0.009985 0.030105
0.009624 0.005751 0.032728
-0.000290 -0.012909 -0.006477
-0.018037 -0.006885 -0.008785
-0.007620 0.011613 -0.004052
-0.000431 -0.001106 -0.012084
0.000058 0.014868 -0.007908
0.016079 -0.000217 0.000756
-0.003118 -0.010698 -0.013921
0.003992 0.030470 -0.013940
-0.025870 0.011011 -0.025631
0.005127 0.002080 0.014673
-0.002898 -0.003791 -0.002594
0.011484 0.003798 -0.020418
-0.000775 0.015965 -0.006394
0.019064 0.004487 0.000386
0.002828 0.012557 -0.012231
-0.006734 -0.007871 -0.002781
0.001171 -0.004541 -0.004707
-0.008890 -0.001009 -0.009403
0.020527 0.030982 -0.002437
-0.005045 -0.024207 0.016489
0.013408 -0.001095 0.004502
-0.018141 -0.003024 0.014720
0.011841 0.014528 0.026724
-0.013510 -0.019205 0.023279
-0.022949 -0.003063 0.005451
0.001820 0.015106 -0.017714
-0.010723 0.020374 -0.005551
-0.006523 0.014193 0.024245
0.023788 -0.002726 0.020150
0.013814 0.000838 -0.007377
0.027757 0.009679 0.005367
0.006514 -0.035056 -0.008177
0.031520 0.016071 0.006471
0.000614 -0.033419 0.002951
-0.007284 -0.014302 -0.006627
-0.018489 -0.002792 -0.008971
-0.005819 -0.006886 0.000698
0.018806 -0.019164 -0.008133
0.010999 0.016804 -0.008813
0.014995 0.003701 -0.004152
0.000067 -0.008015 -0.007229
-0.009956 -0.000803 0.000664
-0.012803 -0.014810 -0.019329
-0.014922 -0.007928 -0.007955
0.003371 -0.012489 -0.016813
-0.002004 0.013693 0.036821
0.004383 -0.016751 -0.006086
-0.000979 -0.018141 -0.000938
-0.010518 0.022196 0.001330
-0.013651 0.008913 0.008202
0.016561 0.000949 -0.013729
-0.011190 0.001592 -0.004297
0.003175 -0.007059 -0.005281
0.007546 -0.011446 0.017579
0.035271 -0.008143 -0.005770
-0.008856 0.013027 -0.000880
0.006891 0.007988 0.028285
-0.001002 0.008459 -0.036027
-0.007613 -0.010672 0.014438
-0.016206 0.006214 0.007851
0.010200 -0.000131 -0.019239
0.001958 0.024533 0.003367
0.004210 -0.004465 0.012599
0.004528 -0.006896 0.038454
0.016661 -0.001878 0.026125
0.000094 -0.004124 -0.001803
0.031935 0.010306 -0.001080
-0.002807 -0.014771 0.000817
0.009327 0.009910 0.021817
-0.015017 0.008258 -0.000743
-0.018289 -0.001858 0.004280
-0.008383 0.014184 0.001886
0.023388 0.011700 -0.001425
-0.005989 0.001235 -0.018840
0.006377 -0.026521 -0.006828
-0.006648 -0.009433 -0.002082
-0.003316 0.015683 0.002296
-0.001143 0.014901 0.001120
0.005348 0.001317 -0.010585
-0.000527 0.012170 0.003469
-0.020950 -0.015945 -0.001046
0.005207 0.005723 0.007781
-0.030633 0.000456 -0.012446
0.016119 0.014425 0.041060
-0.017427 0.019391 -0.001148
-0.020347 -0.012021 0.004628
0.017350 0.000832 -0.001906
-0.004534 -0.027166 -0.010883
0.017346 -0.011932 0.028416
0.017174 0.021548 -0.017250
-0.003176 0.000288 -0.004740
-0.007060 -0.009603 -0.002495
-0.005387 -0.000816 -0.016025
-0.012155 -0.012479 -0.014193
-0.010787 0.016314 0.021573
0.000785 -0.005206 -0.009148
-0.008394 -0.006552 -0.011843
-0.022165 0.013671 0.005669
-0.001408 -0.028752 0.002551
-0.005960 0.007033 -0.019061
-0.010142 -0.011998 -0.019253
0.023025 0.006083 0.005347
0.002282 -0.005264 -0.013265
0.000196 -0.011837 -0.012851
-0.008468 -0.017604 -0.010332
-0.024228 0.008753 0.002442
-0.018207 0.030895 -0.002961
0.000542 -0.003736 0.020058
-0.002737 -0.014903 -0.001230
0.010692 -0.009379 -0.001727
-0.000978 0.006502 0.030964
0.011785 0.016481 -0.012856
-0.003462 -0.018297 -0.001275
-0.007411 0.013219 0.014782
-0.000473 -0.018213 -0.011268
0.011883 -0.001421 -0.016566
-0.000761 0.017500 0.001604
-0.013042 0.010946 0.023305
-0.021168 0.015612 -0.020408
0.005819 0.002762 0.001838
-0.011686 -0.012910 0.004123
-0.001970 0.005935 0.009352
0.006863 -0.034882 0.004047
-0.039476 0.009277 -0.000929
-0.009166 0.003742 -0.003665
-0.003078 0.005547 -0.009504
-0.015891 -0.001674 0.011544
0.020448 0.009982 0.017805
0.004080 -0.005335 0.023005
0.009316 -0.019800 0.001620
-0.012720 0.011216 -0.017656
-0.016705 -0.019196 0.020818
0.030416 -0.004955 0.017466
-0.002678 -0.009465 -0.000304
-0.004379 -0.003938 -0.004837
-0.018154 0.013481 -0.005588
-0.001250 -0.000187 0.015789
0.002477 0.006054 0.003905
-0.005143 -0.013482 -0.001259
-0.019112 -0.015379 -0.020773
0.012176 0.004737 0.015334
-0.019159 0.010509 -0.025530
-0.030805 0.010459 0.014435
0.003848 0.007351 0.007889
-0.003808 0.011908 0.008199
-0.004465 0.014433 -0.006211
0.010552 -0.020192 -0.012563
0.002840 0.027743 0.040357
-0.011104 0.006972 0.021103
-0.001205 0.030564 0.006658
-0.012656 0.009562 0.014385
-0.011552 0.008343 0.013551
0.005590 0.007652 -0.015532
0.002832 -0.010566 -0.016978
-0.006918 0.002887 -0.004296
0.020729 -0.035639 -0.005535
0.002354 0.006698 0.022247
0.004675 0.015683 0.008894
0.005366 0.024833 0.014231
0.003388 -0.004042 -0.010631
0.008696 -0.004877 -0.001924
-0.015235 0.003174 0.009905
-0.009916 0.005932 -0.027051
-0.000021 -0.009822 0.002572
-0.008510 0.006525 -0.000266
0.002154 0.035938 0.000221
0.002996 -0.007676 -0.006668
-0.006106 0.022487 -0.007953
0.015499 0.005763 -0.006717
-0.001598 -0.001060 -0.010271
-0.004356 0.017819 0.004070
-0.013847 0.004358 -0.011390
-0.007555 -0.024855 0.008829
-0.002914 0.021127 0.001601
-0.011902 -0.006704 0.000431
-0.006012 0.014650 -0.014093
0.017355 0.033987 -0.008115
0.009491 -0.015874 0.020043
0.011716 0.005385 0.004260
-0.005760 -0.026314 -0.009277
0.002782 0.013010 0.013785
-0.008015 0.006820 -0.015130
-0.005482 -0.012022 0.025323
0.006556 -0.017811 -0.010679
-0.006809 0.010638 -0.032067
-0.010441 -0.000637 -0.000778
0.063876 -0.015106 -0.022916
0.004228 -0.023461 -0.016455
-0.015664 0.009951 -0.030879
0.026994 -0.003333 -0.017647
-0.001298 0.005546 0.020785
0.003082 0.023362 0.016630
-0.001319 -0.009598 0.021782
-0.020369 -0.022914 0.038645
0.008183 -0.001052 0.002507
-0.003654 -0.011283 -0.001936
0.020615 -0.001409 -0.024998
0.019588 -0.000680 0.004449
0.023894 0.009865 -0.000691
-0.009482 0.018474 0.002216
0.010420 -0.012462 0.010354
0.016864 0.012338 -0.004655
0.008793 -0.002043 -0.007843
-0.004368 0.018661 0.009933
0.004183 0.008250 -0.008291
0.001960 0.009070 0.000819
-0.004884 0.014496 -0.013730
0.024584 -0.016363 0.029185
0.001266 0.000561 -0.027999
0.005191 0.006718 -0.012418
-0.004721 -0.005618 -0.001050
-0.012917 -0.011614 0.007310
-0.013946 -0.014476 0.003782
-0.022779 0.012105 0.020121
-0.020897 0.025553 -0.011840
-0.009154 0.003303 -0.007137
-0.023223 -0.010587 0.004625
-0.006758 0.016430 0.009694
-0.008527 0.011195 -0.006220
0.017948 -0.010545 -0.002506
0.020302 0.006561 0.009908
-0.010187 -0.029033 0.006456
-0.012289 0.005781 -0.021614
0.010824 0.009633 0.012202
-0.009988 -0.002753 0.006832
0.020176 0.003984 0.007915
-0.004310 0.007241 0.016303
0.011204 -0.011086 0.014874
-0.014736 0.002657 -0.036830
-0.005361 0.006042 0.015320
0.013622 0.005713 0.020571
-0.011531 0.009253 0.001643
-0.012268 0.012190 0.006482
0.011245 0.003141 0.018635
0.002659 0.007300 0.013419
-0.004113 0.005574 -0.013898
-0.007629 0.010972 -0.003851
0.004900 -0.004984 0.027048
0.026666 0.004252 0.002009
-0.021637 0.015508 0.025768
0.014236 0.013800 0.003160
-0.009613 0.000425 -0.022127
-0.006054 -0.008052 0.018986
0.004854 -0.002227 0.000788
0.000174 -0.015487 0.006740
0.015326 0.020020 0.006736
-0.030286 0.011416 -0.001142
-0.000461 -0.002809 -0.003153
0.012003 0.010597 0.016456
0.020217 -0.012958 -0.013489
0.006481 -0.001000 -0.029508
-0.009138 0.005119 0.002101
-0.022655 0.014124 -0.007513
0.010175 0.009810 -0.021794
0.034365 0.017550 -0.004330
-0.012036 0.009082 -0.001675
0.015491 0.007565 -0.018770
-0.020597 0.012163 0.006457
-0.009456 -0.002708 0.008870
0.005887 0.000989 0.008786
0.007166 -0.000315 0.010154
-0.000787 0.008257 0.007368
0.003079 0.031098 0.001339
0.020460 -0.035629 0.012431
-0.018267 -0.003411 -0.006625
-0.004240 -0.001698 -0.018641
0.003736 -0.001876 0.007658
0.004400 -0.022702 -0.015320
0.008075 -0.009374 -0.026077
-0.014268 -0.001587 -0.010306
0.008159 0.031540 0.007063
-0.000140 0.010336 -0.007984
0.012057 0.007108 -0.001119
0.015505 0.007191 0.014564
0.004705 -0.004921 -0.008484
-0.005817 -0.007903 -0.020371
0.010101 0.009397 0.012608
-0.024025 0.004015 -0.014911
-0.045864 0.001743 0.015962
0.007521 0.020168 0.018080
0.011353 -0.005135 0.000057
0.011705 0.010108 -0.001221
-0.004144 0.002296 -0.024979
-0.006961 0.010839 -0.003706
-0.000807 0.015401 0.027328
0.006899 -0.004397 -0.011074
0.006678 -0.011612 -0.006607
-0.001172 0.012181 -0.017002
-0.009994 0.003992 -0.011098
0.006546 0.027114 -0.000385
-0.003448 0.022126 0.022226
0.009888 -0.007689 -0.009072
0.017845 0.008790 -0.018303
0.000989 0.027103 0.002156
-0.011330 0.015738 -0.016760
-0.004287 -0.010401 0.017895
0.009940 -0.005236 0.010464
0.007654 0.033963 0.012968
-0.004507 0.003416 0.024446
0.007026 0.007960 0.014746
0.004498 0.004414 0.007922
-0.005717 0.036666 0.011989
-0.008964 0.017417 0.025243
-0.009363 0.010740 -0.001105
0.007697 -0.017279 0.001823
-0.003804 -0.004640 -0.010693
-0.024964 0.004796 0.003015
0.010367 -0.004160 0.012212
0.000989 -0.038624 -0.001570
-0.015003 -0.001291 -0.009118
0.011965 0.011344 0.013828
-0.012390 0.007345 0.005170
-0.012024 -0.000632 -0.003002
-0.014771 0.008648 -0.005780
0.004930 0.016647 -0.019807
-0.001350 0.008443 -0.002890
0.004689 -0.007202 -0.013588
0.000380 -0.007480 -0.008617
-0.022844 0.002888 0.015580
-0.011585 -0.018497 -0.012576
0.009788 0.023214 0.020662
-0.002196 0.015047 -0.006158
0.012797 0.006065 -0.002826
0.005203 -0.015498 -0.013994
0.022453 -0.004506 -0.003012
0.001508 -0.020279 -0.004247
0.016941 -0.005143 0.010904
-0.008835 0.008303 0.023532
0.006556 0.025442 0.000929
0.019293 -0.010925 0.001378
0.006740 -0.007607 -0.014090
0.002065 0.001455 0.020444
-0.002372 -0.004337 0.011943
-0.003100 -0.016868 -0.002976
-0.004456 0.010148 0.007293
-0.022264 -0.023297 0.005261
-0.016192 0.030528 0.015312
-0.006172 -0.013225 -0.002448
0.008696 -0.011275 -0.012279
-0.005002 -0.000567 -0.003405
-0.016322 -0.006054 0.005998
-0.015099 0.005396 -0.004763
-0.026731 -0.002077 0.006553
0.001233 -0.003531 0.017518
0.003117 0.007777 0.007167
-0.015281 -0.015994 0.034679
0.021864 -0.018252 0.041298
-0.001381 -0.008547 0.017204
-0.003610 -0.020621 0.006021
0.006332 0.011011 -0.007545
0.000435 -0.008395 0.023245
0.002339 -0.004018 0.028053
0.023385 0.023116 -0.012857
-0.017882 0.000314 0.015229
0.013763 0.004474 -0.007912
0.015122 0.001058 0.001716
0.005528 -0.014029 -0.007841
0.001795 -0.029632 0.015868
-0.021203 -0.005164 -0.018193
-0.007252 -0.005526 0.009838
-0.033211 -0.006068 0.022805
-0.024177 0.001338 0.007740
-0.020360 -0.020671 0.016520
0.004375 0.021461 0.007235
-0.002750 -0.017744 0.008383
0.009937 0.005819 0.005549
-0.015407 -0.008079 0.006627
0.010757 0.001966 0.025950
-0.016234 0.010516 0.007744
-0.010081 0.002560 0.020667
0.002387 0.003666 -0.006471
-0.003000 -0.013962 -0.003073
-0.019013 0.012262 -0.014986
-0.003025 0.012380 0.017292
0.006583 0.011536 0.018599
0.020922 0.002888 0.004779
0.010954 -0.011070 -0.027374
-0.028635 -0.028703 0.011219
0.000540 0.007333 -0.012184
0.005478 0.020099 0.013627
-0.011203 -0.019276 0.016716
-0.016717 -0.010095 0.000852
-0.011128 0.000089 -0.018471
0.003626 0.000056 -0.008993
-0.003834 0.015233 0.023523
-0.018367 -0.001659 -0.000670
0.048284 0.011894 0.010758
0.000024 -0.001688 0.007269
0.010864 -0.011291 -0.013795
-0.009906 -0.015993 -0.017042
-0.001107 0.008761 0.030189
0.017437 -0.014024 0.009806
0.013723 0.019675 0.010867
0.010685 -0.008361 0.008931
-0.002459 0.023294 0.013384
0.002771 0.015772 0.005982
0.013863 -0.031920 -0.003355
0.014868 -0.011699 0.000252
-0.002653 -0.010484 -0.036233
-0.011119 -0.021089 0.006846
0.001240 -0.020683 0.003789
0.004920 0.011047 -0.005644
0.007058 0.005912 -0.005519
-0.001421 0.010094 0.021048
-0.010317 -0.017314 0.012899
-0.002299 -0.006383 0.023621
0.012878 0.016452 0.033614
-0.020647 -0.007959 0.002127
-0.009736 0.000182 -0.003944
-0.005652 0.024652 -0.003260
-0.018730 0.014907 0.007217
0.000478 -0.023055 -0.016176
0.021349 -0.002197 -0.007563
0.015439 -0.015343 0.008829
-0.017174 -0.020331 -0.009820
0.004327 -0.013557 -0.010231
0.020167 -0.009132 -0.014419
0.021769 -0.001664 -0.016172
0.005175 -0.002725 0.026450
0.008896 -0.000826 -0.010347
0.014359 0.004584 0.008441
0.014180 0.025707 0.000282
-0.004113 -0.001610 0.007755
0.007662 -0.013961 0.029111
0.009332 -0.008152 -0.001150
0.017217 0.016662 0.004685
0.012954 0.010431 0.031044
0.012304 -0.012062 -0.014413
-0.012557 0.014721 0.007959
-0.005021 -0.007672 0.016133
0.018438 -0.016590 0.025716
0.009397 -0.012842 0.038633
-0.016542 -0.005856 -0.005802
-0.000418 -0.021803 0.000557
-0.005516 0.007291 0.018429
0.001090 -0.008277 -0.005134
-0.022136 0.032245 -0.010664
-0.016964 0.004339 -0.017493
-0.006362 -0.020051 0.017474
-0.012872 0.002557 -0.006309
0.001777 -0.000344 0.011941
0.003312 0.020730 -0.006080
0.014961 -0.002312 0.003040
0.000557 -0.008618 -0.015910
0.007257 0.020741 -0.003010
0.017871 0.006063 -0.010183
-0.004233 0.008989 0.000501
-0.009938 -0.008604 0.003621
0.025293 0.001978 0.005641
-0.014087 -0.001528 -0.006740
-0.016706 0.008016 0.006782
-0.016169 0.001350 0.001328
0.017553 -0.010303 0.013050
0.001520 -0.013036 0.012674
-0.017679 0.010716 -0.003489
0.016393 -0.006451 -0.000714
0.002014 -0.002376 -0.025958
-0.012725 0.018607 0.013850
0.003135 -0.017664 0.010261
-0.013016 0.001074 -0.003489
0.001205 0.000657 -0.027139
-0.007172 0.000153 0.001522
0.031202 -0.004720 0.006882
-0.014227 -0.005302 -0.024775
-0.012072 -0.004386 0.008311
0.021154 -0.000387 -0.006343
0.000461 -0.011843 0.008135
0.002349 0.018730 -0.012897
-0.003700 0.007323 -0.000819
-0.005256 0.008885 0.003730
-0.013799 0.013172 -0.018733
-0.018826 -0.008669 0.017050
0.013636 0.018179 0.002588
0.005828 -0.003534 -0.011590
0.001859 0.010239 -0.017070
-0.012447 -0.006100 0.043024
0.005311 0.018803 0.015870
-0.005139 0.014493 0.011160
-0.006671 -0.013901 -0.005704
-0.007354 -0.000932 0.000346
-0.010055 0.044452 -0.016487
-0.007441 -0.001472 0.021099
-0.004800 -0.012144 0.002118
0.011109 0.025031 0.019454
0.004867 0.019357 -0.016428
-0.010886 0.008569 -0.002778
-0.012879 -0.002306 0.004411
-0.013703 0.015854 0.007480
0.004044 0.006053 0.003235
0.012599 0.009044 0.008596
0.002062 -0.009869 -0.004502
-0.010464 0.001053 0.001330
0.013276 0.016169 0.014994
-0.003090 0.006730 -0.026271
0.003631 0.003262 0.016909
-0.014191 -0.002999 0.009437
-0.000079 -0.002104 0.017633
0.023262 0.000319 0.005239
0.027207 0.010342 0.041935
0.008893 -0.008848 0.008134
-0.007283 0.021828 -0.017772
0.015767 -0.016366 -0.008861
-0.019259 0.017087 0.005414
-0.005800 0.009819 0.016412
-0.003033 -0.009256 -0.005965
0.018585 -0.008520 -0.006721
0.012671 0.004262 0.004287
0.005949 0.009462 -0.011707
-0.014538 0.005931 -0.003090
-0.002610 -0.010399 0.005378
-0.022210 -0.006444 -0.016548
0.005536 0.034032 -0.004274
-0.014155 -0.017972 0.009534
-0.028787 0.005979 -0.000501
-0.018969 -0.008629 0.008815
0.001596 0.004895 0.000530
-0.016650 0.011715 -0.000197
-0.007981 0.007210 -0.017797
-0.008575 -0.000805 0.004310
-0.025121 0.033349 0.021241
0.012067 0.020703 -0.014454
-0.007601 0.005622 0.020948
0.021056 -0.020004 -0.009808
0.010173 0.000711 0.002150
-0.005880 -0.019816 -0.006347
0.002310 0.025203 -0.007935
0.012759 0.015684 -0.015939
0.004254 -0.010044 -0.004377
-0.001325 -0.000557 0.024594
-0.011508 -0.015405 0.005536
0.002295 0.018849 -0.013661
-0.003896 0.012823 0.015335
-0.002637 -0.022753 0.004920
-0.005160 0.001703 -0.015566
0.002760 0.007244 0.003545
0.011496 0.005221 -0.013238
0.012307 0.015244 -0.013267
-0.015020 0.024943 0.003653
-0.002234 0.007074 0.000139
0.022267 0.012466 0.015756
-0.008429 0.036086 0.001878
-0.008228 0.006162 0.003137
-0.010054 -0.009333 0.024772
-0.011983 -0.003745 -0.008008
0.013331 0.019155 -0.009855
-0.037388 0.003258 -0.017091
0.004501 -0.009306 0.019585
0.018566 -0.017225 -0.015976
-0.009489 0.004756 -0.023594
0.013039 0.001542 -0.013721
-0.007314 0.021203 0.005829
-0.001570 0.015811 0.013839
0.004518 0.010742 0.010700
0.013302 0.001818 -0.015727
-0.020128 0.008550 -0.008189
-0.020980 0.012520 -0.007319
0.019970 0.030628 -0.037047
-0.028289 0.012168 0.005974
-0.023135 0.026362 0.010958
0.004891 0.005844 0.005591
0.007658 -0.010092 0.000949
-0.005079 -0.013020 -0.000052
0.026278 0.007140 0.013543
0.010924 -0.022177 -0.004505
-0.007913 0.005017 0.011066
-0.005158 0.006742 0.020473
-0.003275 -0.006537 -0.000665
-0.003023 -0.010625 -0.008418
0.017568 -0.010372 -0.007649
-0.007895 -0.012489 0.014229
0.014436 -0.000383 0.001952
0.017695 -0.013923 -0.006647
-0.016905 -0.009610 0.020306
-0.003909 0.015569 -0.006654
-0.003775 0.028518 0.018474
0.004720 -0.001551 0.004408
-0.018166 -0.004284 0.006089
0.000959 0.002363 0.010175
-0.010582 0.006643 -0.009806
0.007649 -0.003574 -0.003551
-0.011864 -0.025885 -0.017578
-0.002084 -0.019903 0.020798
-0.000531 0.006051 0.003657
0.007150 0.007854 0.022878
0.011387 0.002573 0.032468
-0.002437 0.014932 0.016009
0.005774 -0.020987 0.005732
-0.016487 0.007243 0.008808
-0.011499 -0.001391 0.010151
0.010425 -0.000300 0.026182
0.003975 0.014139 0.020160
-0.027045 -0.004877 0.002773
-0.016931 0.007544 0.040213
-0.002036 0.010067 0.008836
0.012757 -0.008270 0.014143
0.006846 -0.017926 -0.012647
0.020492 0.014316 0.018342
-0.015173 -0.000804 0.017320
-0.007475 0.004550 -0.005473
0.034044 0.016395 0.012744
-0.030344 -0.000758 0.005487
0.016113 0.008323 0.002622
0.006380 -0.038040 -0.005455
-0.019913 0.006394 0.021445
0.016569 -0.002532 0.005537
-0.000320 -0.001243 0.003471
-0.015319 -0.002495 0.031724
-0.007321 -0.003347 -0.003565
-0.003057 0.019096 -0.006110
0.021664 -0.007233 0.038413
-0.016144 -0.007088 -0.011124
0.017368 -0.001689 0.003390
-0.008761 0.021233 0.009322
-0.015158 0.001377 0.001325
0.011261 0.017310 -0.001784
0.011177 0.008151 0.021859
0.027401 -0.006689 0.030046
0.019043 0.000003 0.013199
-0.003994 0.012174 -0.014894
0.003683 -0.008376 0.005455
-0.003949 -0.010753 -0.016023
-0.000605 0.001802 0.003915
0.006824 -0.001417 -0.011695
0.013249 -0.029817 -0.005723
0.007299 -0.001671 -0.034521
0.010552 0.002531 0.008368
0.005030 0.012086 -0.015407
-0.001233 -0.019500 -0.004434
0.024442 0.003614 -0.000633
-0.012121 -0.008137 -0.009001
-0.005747 -0.002794 0.016659
0.023618 0.005021 -0.000123
-0.013425 -0.003886 0.004210
-0.004544 -0.028648 -0.009927
0.002375 -0.015326 -0.008973
-0.007734 0.006071 0.031769
-0.001148 0.012016 0.003644
-0.006786 -0.003200 0.010156
0.035719 0.000878 -0.005008
-0.008140 -0.010310 -0.003173
-0.007801 0.000771 -0.004393
0.012121 0.003785 0.019334
0.008632 0.010862 0.003825
0.011571 -0.020354 0.010265
-0.026068 -0.015343 0.002328
-0.008296 0.012176 -0.007371
0.001668 -0.012995 -0.006880
-0.019827 0.013324 0.001917
-0.016802 0.007601 -0.012582
0.008404 0.011307 0.028533
-0.002918 0.002264 0.005039
0.007484 -0.003310 -0.007142
-0.033640 0.004311 -0.002072
-0.011074 0.022764 0.020517
0.014565 -0.000045 -0.004197
-0.000915 0.015546 0.001009
0.007720 -0.009195 0.002552
-0.006720 -0.000091 0.000890
-0.007352 0.023654 -0.000031
-0.006179 0.026862 -0.003795
-0.012029 0.001643 0.028959
0.009546 0.006894 0.017934
0.003318 0.006468 0.005494
0.001496 0.008403 -0.014351
0.001164 0.008527 -0.007732
-0.029637 -0.007407 -0.014912
-0.010643 0.025571 0.005752
-0.012149 0.000913 -0.002213
-0.020200 -0.023003 -0.019331
-0.014926 -0.004897 -0.010030
0.011134 -0.005643 -0.010314
-0.020276 -0.012772 -0.000864
-0.010114 0.022048 0.000417
0.008892 0.017628 -0.005509
0.025525 -0.003604 -0.038711
0.006188 0.002090 -0.010620
0.007709 0.009033 0.014591
-0.024095 -0.012025 -0.021948
-0.001512 0.003575 -0.003351
0.001027 -0.001539 -0.009583
0.031677 -0.014332 -0.002344
-0.026709 0.023668 -0.018076
-0.002469 -0.018501 -0.004923
-0.007561 -0.005642 -0.007661
0.008887 0.018838 0.029787
0.006073 0.018402 0.025286
-0.005593 0.005225 0.029745
0.008845 -0.002160 0.014243
0.029243 -0.000146 0.023996
0.011515 0.021007 -0.007756
-0.008019 -0.004315 -0.010492
-0.024514 -0.006371 0.006515
-0.010283 0.018087 -0.004439
-0.016740 0.013724 -0.004022
0.011310 0.007971 0.004534
-0.002607 0.012827 -0.010894
-0.006498 -0.006012 0.006376
-0.001785 -0.000178 -0.008028
0.026599 -0.003813 0.016752
-0.007068 0.008902 0.021416
0.000387 0.007469 0.005137
-0.017996 -0.003681 -0.017854
-0.002303 -0.030686 -0.004222
-0.003530 0.004392 -0.000253
0.001503 0.027180 -0.005939
0.002451 0.011702 -0.004210
0.012274 0.014857 0.022006
-0.014825 -0.025290 -0.005219
0.029218 -0.009273 0.030174
-0.015684 -0.003210 0.005785
0.012630 -0.009794 -0.015388
-0.010149 -0.004143 0.007346
-0.001324 -0.000607 -0.010198
0.000583 0.012618 0.024579
0.003292 0.025367 0.015910
0.008008 -0.009266 -0.017910
-0.009389 0.001076 0.005120
-0.010009 0.019996 0.005261
0.010120 -0.012794 0.026901
-0.004492 0.013872 0.003725
-0.022109 0.008853 -0.010888
-0.010521 0.002994 0.027742
0.004760 -0.001557 0.007478
-0.008115 0.012551 0.006549
-0.002659 -0.012186 0.014151
0.002819 -0.029551 -0.011943
-0.012988 -0.012955 -0.012269
-0.000611 0.005261 -0.013196
0.014393 0.007847 0.010551
0.018604 -0.015317 0.026692
0.008647 0.002906 0.035478
-0.011073 0.019869 0.002880
-0.002219 0.018229 0.013302
-0.021405 0.000662 0.000318
0.002539 -0.000250 -0.015895
0.018070 0.025133 0.015978
-0.014976 -0.019432 0.010642
-0.011851 -0.001245 -0.000769
-0.008681 0.010782 -0.016165
-0.008678 -0.008179 -0.017430
-0.005752 0.002093 -0.008171
0.000660 -0.013838 0.016117
0.001697 -0.024923 0.011421
-0.003321 -0.001793 -0.016734
-0.002498 0.006053 -0.002144
-0.000092 0.035596 0.007813
-0.010990 -0.011916 -0.030364
-0.011514 -0.007296 -0.019562
-0.004360 -0.009014 -0.003879
0.018918 -0.003885 -0.005038
0.002814 -0.002224 0.000932
-0.001901 0.010244 0.004023
0.022053 -0.000883 0.008082
-0.006716 -0.001182 -0.010629
0.005528 -0.007420 0.000434
-0.001596 0.009442 -0.006444
0.003549 0.003519 0.013485
-0.012819 0.007487 -0.007641
-0.004329 -0.017478 -0.025932
-0.031522 0.012598 -0.000522
0.027478 -0.007040 0.043802
0.005150 0.007089 -0.015526
-0.006561 0.018664 0.006123
-0.021392 -0.005658 0.006547
0.010608 -0.011565 -0.003133
-0.050446 -0.000174 -0.005720
-0.006484 0.004432 0.002316
0.007823 -0.009817 -0.028334
-0.004569 -0.000378 0.009792
-0.026744 -0.003722 -0.013018
-0.012775 0.033764 -0.020617
0.001095 0.007719 0.034131
0.020475 -0.010304 -0.010111
-0.003295 0.027001 -0.008868
-0.008019 0.018381 0.003632
0.004264 0.021045 -0.001289
-0.000084 0.000142 0.002502
0.004397 -0.005832 0.011419
-0.002851 -0.002229 0.014010
-0.006969 0.018026 0.009801
-0.015652 0.014674 -0.013315
0.003761 0.002684 0.003325
0.009052 0.008123 0.002267
0.002011 0.011082 -0.003791
-0.003907 0.003746 -0.018251
0.003120 -0.008047 0.002720
0.017443 0.013264 -0.010856
0.019344 -0.001730 0.023619
-0.007963 0.008166 -0.002470
0.015633 -0.002494 -0.007720
0.016797 0.001949 0.000729
-0.007320 -0.022175 0.001717
0.002604 0.015165 0.014982
-0.008477 0.003319 0.004295
0.004627 -0.012248 0.004711
-0.006702 -0.004227 -0.033228
0.009705 -0.019118 -0.006890
0.021291 0.007664 0.005529
-0.024491 0.027517 0.004974
-0.012919 -0.010416 0.008245
0.004448 0.010071 0.009010
-0.014843 -0.004255 -0.002643
-0.014134 -0.003192 -0.016099
-0.006516 -0.002400 0.008121
0.026071 0.012380 0.002684
-0.003919 -0.006813 -0.002068
-0.011743 -0.003818 -0.011213
-0.005781 0.010718 0.015099
0.007261 -0.003051 0.019572
-0.005358 -0.013181 0.009155
0.009701 -0.010076 0.021331
0.009059 -0.008903 0.020990
-0.007319 -0.005868 0.011313
-0.006313 -0.015597 -0.001373
-0.000775 0.014832 0.020986
-0.000746 0.007213 -0.011550
0.009871 -0.014623 -0.016397
0.025283 0.004008 0.003711
0.004843 0.010594 0.001578
-0.010009 -0.000176 0.026985
-0.009561 -0.008060 -0.011341
-0.011870 0.001256 0.023201
-0.012630 -0.021526 -0.012195
0.028301 -0.012678 0.002452
-0.021571 -0.009873 0.008715
-0.003390 0.009841 0.001439
-0.010695 -0.002018 0.016216
-0.011757 -0.012197 -0.013108
0.017121 0.014861 -0.025067
0.011849 -0.002211 0.018791
-0.010419 0.023964 -0.026985
-0.000454 0.023345 0.007079
0.001101 0.002947 0.013607
0.005365 0.000106 -0.016954
-0.005881 0.014118 -0.005138
0.015127 0.006463 0.023986
0.007415 0.000931 0.028836
0.007998 0.011631 -0.015257
-0.016178 -0.003982 -0.003007
-0.016048 0.012100 0.024552
-0.006410 -0.002451 0.010141
-0.029603 -0.010867 0.000120
-0.006695 -0.004671 -0.013842
-0.003346 -0.014190 -0.000277
-0.002309 -0.008025 -0.002976
0.002685 -0.001645 -0.018255
-0.009173 0.002008 0.010249
-0.004504 -0.017618 -0.009071
-0.012373 -0.002461 0.011324
-0.032031 -0.012361 0.012505
0.001160 -0.002060 0.009050
0.020761 -0.015639 -0.001018
-0.025555 0.014899 -0.010190
-0.003153 -0.025535 -0.027321
-0.002749 0.014879 -0.015714
0.032947 0.012631 -0.017566
0.008554 -0.009907 -0.021529
0.000112 -0.000229 -0.017268
0.027952 0.001794 -0.009282
0.006846 0.005396 0.001964
-0.008408 -0.022961 -0.006815
-0.022409 0.004505 -0.019643
-0.016884 -0.015429 0.014200
0.011622 -0.001074 -0.001486
0.000407 -0.018579 -0.008463
0.025851 0.019647 -0.020606
0.008174 -0.011891 -0.001602
0.033178 -0.010446 -0.002217
0.023760 0.011023 -0.023350
-0.002321 -0.005868 -0.015171
0.010116 0.002671 0.009070
0.017467 0.036800 0.006458
0.000426 -0.001624 0.018346
-0.006885 -0.000154 -0.004553
-0.006617 -0.005186 0.019852
-0.013539 -0.007377 -0.009139
0.031358 -0.006114 -0.029172
-0.012571 0.023163 0.010412
-0.011953 0.000329 -0.024433
-0.040355 0.004622 0.002755
0.000399 0.001749 -0.020473
-0.006223 0.002073 0.009400
0.004168 -0.015748 0.014241
-0.014340 0.017585 0.014616
0.004732 0.005004 -0.020174
0.007672 0.023074 -0.021883
0.006916 0.009000 -0.002492
0.004766 0.011748 0.012546
-0.008275 -0.012805 0.012170
0.008975 0.004767 0.002622
-0.010280 -0.003036 0.045256
0.021642 -0.002349 0.002599
-0.012427 -0.021303 -0.002187
0.013694 -0.012634 -0.014095
0.012149 -0.003856 0.003867
-0.012512 0.007404 0.006835
0.003946 -0.006063 0.010839
-0.009426 0.012928 0.044632
0.004567 0.007858 -0.002133
0.001686 -0.006766 0.014772
0.025602 0.001750 -0.000897
-0.012091 0.003099 -0.012199
-0.012183 -0.002037 -0.018577
0.027904 0.018990 0.026513
-0.018172 0.015788 -0.000087
-0.000009 0.015619 0.026254
-0.001935 0.011656 -0.008471
-0.025591 -0.020681 0.014943
-0.003610 0.018081 0.014004
-0.017649 -0.019003 0.014810
0.007718 0.006612 0.006659
0.023958 0.011405 0.007772
-0.008362 0.008672 0.000299
0.000733 0.008762 -0.004650
-0.002359 -0.023419 0.001719
-0.014965 -0.012442 -0.013014
-0.010729 -0.002019 0.005103
0.013719 0.004664 0.005713
-0.013423 -0.004968 0.004551
0.002938 0.001250 0.024710
0.005670 -0.001292 0.016652
0.012189 0.037103 -0.002595
-0.004948 -0.019230 0.014201
0.016681 -0.000918 -0.003429
0.012791 -0.004394 -0.026160
0.007100 0.040661 0.032466
0.004592 0.020449 0.001725
-0.019493 0.019511 0.010815
0.020404 -0.000376 0.001406
0.001859 0.003007 0.027555
-0.014194 -0.015471 0.001549
0.010435 0.002404 0.023972
-0.003498 -0.004898 0.006239
-0.003351 0.027205 0.017716
-0.022547 0.003043 0.000654
0.002145 0.000916 -0.006498
-0.001930 -0.006603 -0.007463
-0.001453 0.012779 0.021362
0.037916 0.000688 -0.013499
-0.010355 0.000277 -0.014344
-0.011738 -0.001351 -0.006613
0.016239 -0.015205 0.009461
0.003918 0.021771 0.019639
-0.016255 0.008168 -0.013482
0.014392 0.023990 0.005164
0.022610 -0.009691 -0.014912
-0.013432 -0.020289 0.000268
0.022552 0.009496 0.015847
-0.015661 -0.005329 -0.002161
-0.021469 0.020305 0.014515
0.004498 -0.010486 -0.006163
0.032251 0.005817 0.006341
-0.006131 -0.002995 0.018415
-0.011214 0.006798 -0.007253
0.001701 0.015551 0.001461
-0.009560 -0.000908 0.008857
0.018043 -0.000637 0.003440
0.008002 -0.020188 -0.023953
-0.011986 -0.006616 0.003260
0.001019 0.006932 0.019068
-0.001186 0.003219 0.015132
0.005366 0.019929 -0.019044
-0.029999 -0.009092 -0.005812
-0.020826 0.000869 0.010397
-0.007530 0.014134 0.020745
-0.000952 0.018102 -0.017704
0.001374 -0.001851 -0.017553
0.015437 0.014591 0.006996
0.007774 0.002891 -0.005845
-0.000383 0.003827 -0.009180
0.023771 0.021576 0.013501
0.020961 0.000089 0.011037
-0.026218 -0.004937 0.009864
-0.000350 -0.020749 -0.031613
-0.003637 0.001825 -0.016697
0.001744 0.028851 -0.001597
-0.004654 -0.002795 0.005200
-0.013865 0.004147 0.034985
-0.004723 -0.002838 0.004718
0.026502 0.020197 0.001526
0.012811 0.002473 -0.014575
-0.000571 -0.024280 0.000223
0.000786 0.026538 0.019319
-0.001058 -0.007195 0.019832
-0.009314 -0.009239 -0.001309
0.023682 -0.019060 -0.008763
-0.020379 0.002857 -0.009616
-0.033079 -0.012514 -0.011569
0.000287 -0.011213 0.009629
-0.013812 0.002532 0.026010
0.009988 -0.007508 0.001693
0.009439 -0.023159 -0.007179
0.032379 0.019289 0.002820
-0.024673 -0.000129 0.013994
-0.002167 0.008627 0.012718
-0.010807 0.012772 0.000113
-0.013202 0.030657 -0.013286
0.001441 0.002105 0.011036
-0.014521 0.004004 0.014794
0.018259 0.014414 0.006422
-0.031127 0.005343 0.007052
0.018594 -0.032505 -0.014175
-0.002219 -0.014816 -0.018767
0.000659 0.016836 0.012264
-0.022185 0.009273 -0.002737
-0.011854 0.040056 -0.013782
-0.008908 0.016194 0.015441
-0.019465 0.002154 0.002070
0.005739 0.008937 -0.019304
-0.026197 0.014404 -0.019660
0.000182 0.003108 0.006084
-0.002415 -0.008060 0.007040
0.014811 -0.022174 -0.001964
-0.003353 -0.016450 -0.002906
0.002113 0.011409 0.004956
0.000052 0.013830 -0.008661
-0.015371 -0.002699 -0.002307
0.010878 0.016328 -0.013150
-0.004597 -0.003671 -0.027055
-0.013220 0.019234 -0.006364
-0.001871 0.006754 0.014706
-0.013500 -0.001084 0.013282
-0.002192 0.000977 -0.017193
0.006982 -0.027241 -0.007212
0.014640 0.006362 0.025057
0.008632 0.008385 -0.013234
0.029314 0.008664 -0.005069
0.013518 -0.007006 0.001309
0.018462 0.004688 -0.003357
-0.014598 -0.005078 0.011262
0.020657 0.006156 -0.005862
-0.003091 -0.009483 0.022446
0.002118 -0.010282 -0.002636
0.018158 -0.006251 -0.011736
-0.001849 0.004896 -0.019168
0.001641 -0.014077 -0.029207
-0.008814 -0.004155 -0.029991
0.014577 -0.009947 0.024336
-0.016087 -0.006726 0.007350
0.011246 0.008070 -0.001139
0.014795 0.005543 0.029069
0.000502 -0.000934 0.005349
0.012497 0.003318 0.003092
-0.006028 -0.017402 -0.012039
0.008389 0.004850 -0.020938
-0.022078 -0.008830 0.019389
0.009916 0.003323 0.013180
0.001103 -0.010925 -0.011268
0.006037 -0.013401 0.010638
-0.006793 -0.030456 -0.008438
-0.020479 0.004265 -0.010478
-0.018523 0.014011 -0.006100
0.000078 -0.022092 -0.001751
-0.001948 -0.006328 0.018408
0.011911 -0.000730 0.009371
-0.009552 -0.010736 0.007669
0.018954 -0.008038 0.006318
0.009137 -0.008240 -0.025681
0.011933 -0.003597 -0.014699
-0.001163 -0.024135 0.024629
-0.006157 0.015866 0.019945
-0.001952 -0.030327 -0.002288
-0.015233 -0.001506 -0.010383
0.010518 0.011758 -0.023455
-0.001618 -0.004219 -0.004421
-0.018365 0.001700 -0.038056
-0.004491 0.007144 -0.000323
0.008516 -0.001353 -0.012896
-0.007675 -0.002547 -0.030962
0.007580 -0.005494 -0.007032
-0.015583 0.014239 0.015844
0.007833 0.016205 0.002168
0.010080 0.016828 -0.025731
0.001447 0.013709 -0.004053
-0.006677 -0.001418 -0.029995
0.002504 0.025801 -0.023924
0.010016 0.024705 -0.010299
0.024506 0.003078 0.022890
-0.028626 -0.001964 -0.025038
-0.012651 -0.003008 0.001849
0.005953 0.000748 -0.006847
-0.001408 0.004545 -0.012744
0.006018 0.005468 -0.010834
0.002899 0.007303 -0.024831
-0.018330 -0.023552 0.001403
-0.008614 0.002355 -0.014342
0.003606 0.004409 -0.006672
-0.017155 -0.024484 -0.004336
-0.003401 0.016768 0.030313
-0.000577 0.005233 0.003096
-0.013065 0.006405 -0.019697
0.030012 -0.003386 0.017618
-0.005541 -0.000973 0.003894
0.008189 -0.013633 -0.021303
-0.012634 -0.002635 -0.001619
0.006135 0.037928 0.005080
0.001424 0.028756 -0.016410
0.008772 0.012912 0.005683
-0.012210 0.000320 -0.007740
-0.026560 -0.004484 -0.010813
-0.016439 -0.013509 -0.022534
0.006348 0.012618 -0.000218
-0.009991 0.002563 0.003324
0.010985 -0.008103 -0.007018
0.018053 -0.027559 -0.001689
0.018001 0.005744 0.003031
0.000533 -0.007284 0.006375
-0.011083 -0.019207 -0.010601
0.011054 0.003282 -0.009897
-0.020449 0.026350 -0.017014
-0.005326 -0.002193 0.002278
-0.000429 0.010959 0.004031
0.008362 -0.008582 0.013072
-0.005340 -0.006180 0.013181
0.006428 0.012043 -0.018089
-0.011142 -0.014697 0.000457
-0.012859 -0.007816 0.010899
0.003455 -0.013947 0.013672
0.006760 -0.001630 -0.016975
-0.020488 -0.011539 -0.003370
0.017049 0.008546 0.015430
0.014225 0.003094 0.010359
0.031521 0.015253 0.006451
0.019942 -0.011419 0.000491
0.007273 0.027369 0.012496
-0.012676 0.008125 -0.008370
-0.002977 0.012670 -0.032945
0.000189 -0.018200 0.018471
0.006989 0.001169 0.003594
-0.016867 0.035570 0.031090
0.000815 0.002113 -0.022256
-0.004515 0.008812 -0.004335
-0.028642 -0.007540 -0.017412
-0.025846 0.018421 0.014337
-0.020734 -0.003967 -0.003369
-0.008108 -0.029131 0.005292
-0.019745 -0.007712 -0.002230
0.013778 0.007249 -0.008831
0.003367 -0.003245 -0.007342
0.004103 -0.006699 0.003061
-0.006516 0.017245 -0.016385
-0.019507 0.024093 0.012763
-0.020655 -0.006775 -0.015533
0.001484 -0.016838 -0.023288
0.003969 -0.013898 0.001289
-0.008148 0.006804 -0.003690
0.011910 -0.017754 0.005051
0.000981 0.010796 -0.011886
-0.021466 0.024568 0.004642
-0.003006 -0.002729 0.001087
0.011216 0.011548 0.027588
0.017832 0.013658 -0.003719
-0.002943 0.021512 -0.013093
-0.005665 -0.006657 0.004977
-0.004180 0.011784 -0.005685
0.009015 -0.006612 0.018701
0.007765 0.013421 0.003114
-0.018310 -0.018858 0.020544
-0.011146 -0.015297 0.013855
-0.025921 -0.027936 -0.003684
0.005679 0.014535 -0.031216
0.000756 -0.004504 -0.003053
0.024638 -0.007749 -0.005029
-0.000095 -0.011245 -0.013295
0.001311 0.004373 -0.019134
-0.003262 0.007588 -0.016379
0.023735 -0.001876 0.035201
-0.007458 0.019767 -0.000673
-0.009499 0.008261 -0.001651
-0.005677 0.027726 0.011939
-0.003409 -0.017819 -0.001018
0.013822 0.002681 -0.010050
-0.001839 -0.001556 -0.000145
-0.009296 0.031886 0.006593
-0.017439 -0.005318 0.002171
-0.006342 0.013950 0.008311
-0.001071 0.010553 0.014130
-0.006774 -0.008905 -0.007037
0.022974 0.019431 -0.002119
0.018870 -0.011004 -0.017282
-0.017003 -0.006958 -0.007138
0.018109 -0.020493 -0.005186
0.004135 -0.002408 0.001397
-0.012213 0.004121 -0.021000
0.003259 -0.017175 0.004896
0.000606 0.003648 -0.001249
0.017112 -0.001861 0.003777
0.009303 0.004113 -0.010250
-0.006322 -0.010590 0.001113
-0.010654 -0.006732 -0.012669
0.001891 0.019854 -0.009460
-0.016144 -0.030327 -0.019159
0.004930 -0.013937 -0.018872
-0.002923 0.007998 0.003149
0.011408 0.018735 0.017418
-0.010367 -0.009735 0.011873
0.001772 -0.011197 -0.001677
-0.006435 -0.015551 0.023562
0.006307 0.009227 -0.014406
-0.006766 0.010561 0.014046
-0.008829 -0.006463 -0.003869
-0.014257 0.003290 -0.011467
0.019393 -0.018724 -0.014200
-0.005012 -0.021465 0.030701
0.025984 -0.015753 0.009245
0.016095 -0.010346 -0.008644
-0.001975 0.010151 -0.000868
0.009738 -0.009793 0.020016
-0.004583 -0.005172 0.019865
-0.006258 -0.021623 -0.009126
0.014282 -0.005767 0.017980
-0.015845 -0.006097 -0.004399
0.016980 -0.014032 -0.009155
0.005074 0.005529 0.025286
-0.023708 -0.017696 -0.003860
-0.022693 0.021581 0.008054
0.008103 0.000855 0.023393
0.013590 0.001101 0.015599
-0.006548 0.029401 0.012673
0.003970 0.021173 0.015666
-0.003235 0.013097 -0.009122
0.012776 -0.007664 0.024684
-0.026428 -0.026402 -0.006466
0.045870 0.014579 -0.002851
0.019726 -0.002077 -0.012773
0.024755 -0.009896 -0.016380
0.008204 -0.006240 0.004652
-0.006932 0.004629 0.011626
-0.012807 0.011728 0.026880
0.004885 0.003983 -0.003026
0.001134 0.001748 0.007564
-0.021257 0.012859 -0.002470
-0.007020 0.025539 -0.008240
-0.017584 -0.000186 0.005249
0.015150 -0.024923 -0.005129
-0.019257 0.006481 0.002612
0.001465 -0.027604 0.015359
-0.020986 0.014266 0.017220
0.003749 -0.003916 0.023998
-0.007109 0.022357 -0.024088
-0.008481 -0.002280 0.001281
0.006677 0.007245 0.013694
-0.012368 -0.002931 0.009378
0.009454 0.030550 0.020460
0.021343 -0.000951 -0.007490
0.005634 0.013128 0.010717
0.026837 -0.001682 -0.032832
-0.016507 -0.001963 -0.020706
0.007657 -0.008342 -0.009475
0.006120 -0.010229 0.003161
-0.001315 0.005680 0.008698
-0.000507 -0.022086 0.018588
0.002361 -0.000775 0.016900
0.010347 0.025136 -0.015850
0.008221 -0.012903 -0.002024
0.017024 -0.001805 -0.017486
0.025768 -0.013349 -0.008954
0.006583 -0.005046 0.021333
0.007074 0.002150 0.022042
0.020664 0.021037 0.010642
0.001720 -0.015382 -0.001530
-0.000468 0.011038 0.019024
-0.033165 0.007860 0.006947
0.002600 0.002404 -0.001445
-0.001042 -0.028022 -0.014443
-0.003527 -0.004630 -0.003635
-0.024325 0.000759 0.020079
0.000754 0.000092 0.018517
-0.007866 -0.025487 0.017063
-0.025138 0.018317 0.022221
-0.005099 -0.007373 -0.016559
-0.023836 -0.012491 -0.020105
-0.002500 -0.001707 -0.017498
0.014557 0.029962 0.010272
0.009110 0.006285 0.034979
-0.004591 0.018318 0.005898
-0.005366 -0.004464 0.002153
-0.019535 -0.022119 -0.004866
-0.014848 -0.009095 -0.013538
-0.010612 -0.020210 -0.009556
0.018583 -0.018210 0.036358
0.000817 0.001685 -0.022616
-0.009851 0.017543 0.002904
0.008984 0.002165 0.025017
0.012043 0.017788 0.007574
0.001341 -0.018521 0.008167
0.005376 0.041125 -0.007278
-0.000350 0.001520 -0.023013
-0.025002 -0.012989 -0.006879
0.008458 -0.013513 0.035535
-0.003929 0.000456 -0.007650
-0.021563 -0.013680 -0.003597
-0.014674 0.001430 -0.024975
-0.033577 -0.034212 0.020956
-0.006656 0.000879 -0.016191
-0.014290 0.007743 0.025221
-0.001285 0.001185 0.008712
-0.012386 -0.002435 -0.020125
-0.016791 -0.011278 -0.001767
0.015623 -0.025999 -0.003634
-0.021418 -0.022284 -0.003239
0.009730 0.012678 -0.024286
0.004194 -0.022868 0.015309
0.011020 0.006448 0.025193
0.012226 -0.004214 -0.026944
-0.001112 -0.009455 0.018833
-0.007090 0.010159 -0.003545
-0.002662 0.005566 0.012337
0.018900 0.019410 0.028672
-0.007636 0.010359 -0.010355
0.030908 -0.003315 -0.006455
-0.015247 -0.003936 -0.029495
0.026613 0.001833 0.000173
0.007924 -0.024334 0.024660
0.008922 0.001397 -0.008747
0.008047 0.000734 -0.007517
-0.009866 0.000365 0.003700
0.005132 -0.017860 -0.005463
0.009410 -0.008513 0.010668
-0.003929 -0.007592 0.005412
0.011347 -0.007689 0.022482
-0.012680 0.008653 -0.021064
-0.005512 0.004762 -0.000809
-0.002888 0.030482 -0.005823
-0.008232 0.001459 -0.001383
-0.002054 0.021426 0.015272
0.009722 0.011886 0.008639
-0.013422 -0.003782 0.010866
-0.013050 0.003853 -0.013465
0.003152 -0.011554 -0.005725
-0.013177 -0.012980 0.015152
0.005606 0.003074 0.004128
0.007358 -0.008542 0.007593
0.009412 -0.017921 -0.009681
0.002601 -0.010745 0.002791
-0.013491 0.002472 -0.004581
0.010189 -0.013241 0.011461
-0.007697 -0.017491 0.008202
-0.005057 0.002984 -0.000424
-0.007087 -0.006443 0.005852
0.006850 -0.001173 -0.014547
-0.017153 0.013276 0.007791
0.020735 0.033116 0.017510
0.013426 0.003916 0.006519
0.016050 0.004458 0.018853
0.025419 0.032278 0.012159
-0.032924 0.025052 -0.002492
-0.007245 0.002264 0.017921
-0.002489 0.008909 0.004739
-0.011424 0.002852 0.002478
0.017617 0.007169 0.005271
0.010869 -0.005201 -0.014251
-0.007048 0.000985 0.006220
0.023666 -0.024016 0.020549
-0.020996 0.040182 0.019918
0.011646 -0.000727 0.021420
0.004038 -0.000350 0.019397
0.000377 0.004882 0.000563
-0.005631 -0.010363 -0.013075
-0.022483 0.007573 0.022021
0.007516 0.030441 -0.028040
-0.010015 0.001398 0.001136
0.019079 0.017763 0.003177
-0.003351 -0.024642 0.019231
-0.007237 0.016045 -0.030516
-0.015621 -0.018431 -0.001440
0.016399 0.011091 0.011176
0.003899 -0.014477 -0.000128
0.003786 -0.008051 -0.008447
-0.030800 0.002173 -0.015176
0.007724 0.001823 0.015562
0.021321 0.010775 -0.025799
-0.014880 0.007738 -0.005322
-0.004263 0.005450 0.014047
-0.001246 0.006292 -0.015934
0.046974 0.003705 0.002038
-0.030497 -0.017644 -0.003117
0.008530 -0.019742 0.011710
-0.004096 -0.001606 0.000185
0.012280 -0.019392 0.017464
-0.011113 -0.001538 -0.016922
-0.007472 -0.019640 0.022175
0.038244 0.003403 0.011646
-0.019107 -0.001269 -0.001681
0.022121 0.014321 -0.006823
0.006783 -0.033168 -0.006701
0.009523 -0.019662 -0.001662
-0.014755 -0.003586 -0.018250
0.005322 0.013373 -0.030503
0.009304 -0.012255 0.000751
0.011315 -0.025358 -0.002248
0.030130 -0.008886 0.005035
-0.029839 -0.001905 0.015259
0.005872 0.018433 0.025407
0.002008 -0.007143 -0.006742
-0.018463 -0.003023 -0.002271
-0.002884 -0.002178 -0.005150
0.007868 0.011582 0.001640
-0.003089 0.015232 -0.006992
-0.007234 0.011140 -0.001384
-0.007686 -0.000562 -0.000616
-0.003013 -0.011617 0.007748
-0.025772 -0.018227 0.004278
-0.028897 0.018194 0.002899
-0.009497 0.007273 -0.004736
-0.011171 0.009514 0.013499
0.007417 0.044441 0.009473
0.006229 -0.013693 -0.008813
-0.009467 -0.004241 -0.007524
0.021745 0.017733 -0.003419
0.000828 0.007847 0.011251
0.010717 -0.006393 0.012521
0.005231 -0.001675 0.003614
-0.016217 0.002455 0.005840
-0.003675 -0.001291 0.013258
0.047751 0.015172 0.015966
-0.001546 -0.003520 -0.004295
0.001694 0.011652 0.001642
-0.000859 0.003835 0.011408
0.004753 -0.024827 0.000286
0.005360 -0.006489 -0.025870
0.011875 0.026952 -0.004704
0.017404 0.001194 -0.014055
0.001190 0.001305 0.020204
0.021308 0.009176 -0.006739
-0.014485 -0.021798 0.001381
0.005177 -0.008029 0.015264
0.005191 -0.013828 0.020234
0.014997 -0.000511 0.034683
0.016513 0.014296 0.000536
0.011499 -0.000616 0.012646
0.025844 -0.000474 0.000867
0.005497 -0.011035 0.003756
0.008120 -0.008465 -0.020951
-0.008162 -0.004282 0.001654
0.010481 -0.026527 -0.002223
-0.026194 0.013037 0.000974
0.028992 -0.004549 0.002076
0.020451 0.008912 0.001908
-0.027354 0.023817 -0.004201
0.028964 -0.003805 -0.026055
0.018296 -0.003352 0.030239
-0.034694 -0.018558 -0.012755
0.005847 0.001433 -0.002466
-0.007950 -0.015612 0.033605
-0.006031 -0.013570 -0.011742
0.022513 0.015432 -0.016297
0.014381 0.011812 0.006074
0.022084 -0.003119 0.004585
-0.002158 0.002177 0.003979
-0.001327 0.011871 -0.000083
0.004804 0.005935 0.003352
-0.003599 0.018146 0.001183
-0.015416 0.003419 -0.023742
-0.000101 -0.012785 -0.007394
-0.009176 0.009952 0.006880
0.011042 -0.002463 0.047121
-0.012756 0.026536 -0.024094
-0.006262 -0.007078 -0.002876
-0.011554 0.010326 -0.050928
0.004424 -0.006244 -0.001842
0.002991 0.008030 0.019113
0.012036 0.015448 0.021614
-0.000122 -0.014763 0.006522
-0.015825 0.019338 0.001631
-0.007788 0.015097 -0.015435
0.018750 0.009310 0.024294
0.018735 0.010508 0.013121
-0.019689 0.000924 0.010713
0.013617 0.009177 -0.013398
0.006835 0.005343 -0.008477
-0.000281 -0.007511 0.006933
0.013832 -0.007074 0.014849
0.027056 0.030059 -0.012970
0.009800 0.004528 -0.000961
-0.009391 0.020775 -0.001600
-0.009055 0.003046 -0.000977
-0.003327 0.027688 0.007804
-0.002732 -0.001271 0.010065
-0.015490 -0.004821 0.002259
0.001352 -0.002136 0.018831
0.004879 -0.004968 0.005304
-0.027438 0.020374 0.003160
-0.002277 0.003917 0.039258
-0.004018 0.029445 0.003928
0.005618 -0.010231 -0.004108
-0.002990 0.009438 -0.017836
0.046457 0.006102 -0.001545
0.017587 0.009648 0.012916
0.001964 -0.020250 -0.013744
0.021683 -0.006660 0.008025
-0.016180 -0.000494 0.019617
-0.020647 -0.017388 0.009027
-0.015336 -0.000714 0.002218
-0.004663 -0.002227 -0.013498
0.010553 -0.015567 0.043973
-0.019867 0.010734 0.015977
-0.003534 0.015757 0.026512
0.004043 0.008960 0.002502
0.024522 0.008751 -0.011657
-0.006889 -0.002353 0.009052
-0.008513 -0.015170 -0.013540
-0.013440 -0.009959 0.008013
0.018349 0.006431 -0.006759
-0.008020 -0.004610 -0.014498
-0.004349 0.004782 0.024298
0.017990 0.000524 0.015943
-0.010967 -0.023145 0.024626
-0.030618 -0.016703 0.009621
0.002816 -0.003468 -0.025540
0.002909 -0.008455 0.004226
0.000218 0.007145 -0.011908
0.029769 0.006392 -0.007416
-0.003794 -0.006234 -0.001664
-0.016891 -0.013301 -0.012360
0.021555 0.012774 -0.003915
0.027178 0.005596 -0.008225
0.007524 -0.000174 0.021543
-0.016200 -0.009791 0.011340
0.011753 -0.013357 -0.018139
0.007330 0.016323 0.022593
-0.006040 -0.002054 -0.002319
-0.003664 0.000978 0.000753
0.024168 0.004326 -0.014631
0.003867 -0.008490 -0.000545
0.014454 0.003280 -0.020491
-0.015875 -0.004975 -0.036209
0.008593 0.015883 -0.008182
0.018506 -0.013335 -0.007583
0.011242 0.059697 0.022307
0.000557 -0.014198 0.014266
0.005752 -0.005593 -0.023712
0.001494 -0.022355 -0.005859
-0.018716 0.030438 -0.024829
-0.007654 -0.002476 -0.030448
-0.007605 -0.006032 -0.003476
0.018231 0.017154 -0.016766
-0.011504 0.001518 -0.004013
0.005229 -0.014334 -0.009646
-0.015564 -0.019815 0.013632
-0.011341 -0.001454 0.007156
0.014832 0.014894 0.012694
0.014996 -0.003105 0.011197
-0.020087 0.004442 -0.012465
-0.003883 -0.006064 0.000186
-0.004872 0.004155 0.009445
0.024539 -0.025150 0.010925
0.017922 0.006938 0.027728
-0.006391 -0.022301 0.012408
0.006779 0.002676 0.026859
-0.011903 -0.017438 -0.008931
-0.009182 0.017469 -0.003078
-0.021335 0.008323 -0.031286
-0.003787 -0.008973 0.007661
0.021352 -0.019526 -0.012970
0.013096 0.002428 -0.022740
-0.002006 -0.021440 -0.015563
-0.009019 0.023528 0.008318
-0.021561 0.010072 0.009845
0.030092 -0.003031 0.008460
-0.010191 0.001765 -0.017841
0.009607 -0.006868 -0.004434
-0.009637 0.013697 -0.017969
-0.011042 -0.005990 -0.006563
-0.006039 0.004126 -0.015450
-0.003025 0.004869 -0.003274
0.011717 0.010522 -0.002305
0.006305 0.009293 0.019584
0.000177 0.002229 -0.015044
-0.004574 0.009332 0.011684
-0.004139 -0.005817 0.008317
0.011078 -0.018648 -0.005480
-0.005716 -0.003551 0.006183
0.014340 0.007085 0.003117
0.019256 0.012576 -0.000406
0.004612 0.030091 0.001497
0.012734 0.014371 -0.009056
0.009395 0.000152 0.009366
0.009611 0.015824 -0.007535
0.016765 0.005124 -0.011391
-0.005334 0.003214 0.001722
0.007287 -0.005294 0.020698
0.007760 0.023937 0.019413
-0.011052 0.009257 0.014587
0.008525 -0.008126 0.004481
-0.008409 0.006696 0.003222
0.008578 0.014273 -0.000598
0.012354 0.003515 -0.001667
0.006279 -0.018961 -0.008207
-0.009148 -0.010224 -0.029522
0.023320 -0.004905 0.002619
0.020520 0.014826 -0.000031
0.030225 -0.002436 -0.005400
0.013005 0.021413 -0.028946
0.001494 -0.006114 -0.016246
0.011696 0.034366 -0.005596
-0.013300 0.006225 0.003630
-0.006384 0.014454 -0.007903
0.015177 -0.000534 -0.014181
0.000737 -0.000991 0.000744
0.017353 0.039648 -0.001393
-0.006040 0.000349 -0.000608
0.010620 -0.001875 0.005890
-0.016964 0.003801 0.007702
-0.014378 0.020237 -0.000697
-0.005269 0.001726 0.024510
0.004693 0.026027 0.011416
0.003358 0.009413 -0.024137
0.008671 -0.014391 -0.009811
-0.002855 0.000926 0.012763
-0.008327 -0.005469 0.005589
-0.009609 0.021027 -0.000268
-0.003000 0.016881 -0.015637
-0.019608 -0.000839 0.026811
0.018609 0.010907 -0.019955
-0.009400 0.010051 0.021301
0.014558 -0.000489 0.012780
0.018788 0.008720 0.010693
0.002190 0.005281 0.004456
0.015894 -0.001567 -0.000515
0.013978 -0.009127 0.009983
0.010554 0.008555 0.008440
-0.027318 0.012128 -0.031793
-0.016716 -0.010000 0.004283
0.023053 0.012396 0.006949
0.002001 -0.015848 0.009294
-0.010306 -0.029258 -0.006915
0.004347 -0.029199 -0.008833
-0.013165 -0.015637 -0.008551
-0.001653 -0.006333 0.006817
0.008915 0.002245 -0.002592
-0.005698 0.007947 0.011115
0.005587 0.009418 0.019293
0.006487 -0.009596 0.010656
0.010236 0.008111 0.007010
-0.001838 0.011692 0.006488
-0.028805 -0.029207 0.008422
-0.021891 -0.006791 0.006576
-0.003208 0.007704 0.002362
-0.009108 -0.026459 -0.017014
0.007686 0.008252 0.000038
-0.011169 0.018175 0.007383
-0.011044 -0.015515 -0.002732
-0.002058 -0.008457 -0.036648
-0.023889 0.008615 -0.034611
-0.005640 0.013009 0.022178
-0.001271 0.032192 0.001731
0.016176 0.014815 -0.001835
0.000990 0.021955 -0.015446
0.011458 -0.023426 -0.003723
-0.002350 0.018806 -0.019546
0.039698 -0.017473 0.013720
0.001958 0.005859 0.009077
-0.003270 0.008560 -0.012201
0.006982 0.021012 -0.003848
-0.012848 0.016380 0.020646
-0.016789 -0.007085 0.001503
-0.002772 0.003104 -0.017039
0.009843 -0.017813 -0.008133
0.010834 -0.010342 0.016988
-0.003778 0.012274 0.019314
-0.020543 0.013084 -0.015912
0.018258 -0.009836 0.016262
0.021350 -0.005375 -0.003942
-0.000133 0.023141 0.019782
-0.004570 0.012333 0.008053
-0.000931 0.022675 -0.015989
-0.009972 0.029250 0.010940
0.000322 0.009052 -0.012428
0.005162 0.017909 0.020711
0.031580 -0.009461 0.013867
-0.011295 -0.007449 0.015456
-0.004805 0.001854 0.008878
-0.009139 0.008727 0.015086
-0.003092 -0.009615 0.003561
0.017965 -0.005553 -0.003399
0.001357 -0.013842 -0.005652
-0.007858 -0.002101 0.007744
0.007512 0.004107 -0.003768
0.012884 0.004464 -0.000116
-0.012783 -0.001049 0.011116
-0.019081 0.019775 0.006380
0.015943 0.005133 0.001808
0.008864 0.024008 0.002481
-0.012294 -0.009243 -0.009060
-0.014083 0.027942 0.039798
-0.017385 -0.012394 0.023643
-0.005886 -0.016125 0.015170
0.007302 0.012639 0.000644
-0.016764 0.000843 -0.020516
0.006505 -0.014519 0.003812
0.004039 -0.002270 -0.017587
0.020672 0.024822 -0.002609
0.018027 0.001958 -0.006914
0.013963 -0.006669 -0.011329
-0.010163 0.004496 -0.003263
-0.010600 0.020339 -0.024796
0.004647 0.016953 0.000228
-0.024055 -0.005557 0.009601
0.030587 -0.007394 0.032169
0.000784 -0.018422 0.010948
0.005948 -0.010322 -0.002868
0.052177 -0.002922 -0.009582
-0.016010 -0.020952 0.030050
-0.019423 -0.002219 -0.014863
0.004253 -0.027244 -0.008054
0.009816 0.006479 0.026998
0.007560 0.000048 0.020299
-0.017934 0.000881 0.006196
-0.000324 0.032990 -0.017901
0.021476 0.019859 -0.002723
-0.009082 -0.018629 0.005230
0.010488 0.003483 -0.008201
0.001531 0.001521 -0.014772
0.018691 -0.015953 0.005810
-0.025118 0.000420 -0.007762
-0.011396 0.010584 0.012065
-0.017522 0.011001 -0.019694
0.027932 -0.020360 -0.004861
0.032600 0.000897 -0.000998
0.023276 0.007708 0.016462
0.003727 0.001776 -0.005593
-0.003828 -0.018355 0.033826
-0.013318 -0.011925 0.006791
0.019201 0.015175 0.032234
0.001537 -0.004063 -0.020470
-0.006598 0.001185 -0.015767
-0.012734 0.012974 -0.021857
0.002784 -0.025943 -0.008749
-0.011354 -0.005555 0.018999
-0.017640 -0.005032 0.001180
0.004179 -0.032616 -0.036017
0.003664 0.007919 0.014498
-0.015696 0.003223 -0.015396
0.028777 0.011907 -0.014499
-0.003359 -0.012593 -0.012629
0.000917 -0.014781 0.012171
-0.010610 -0.005410 -0.014092
-0.018339 0.026104 0.011579
0.001272 -0.004897 0.004465
0.006895 -0.010895 -0.004500
0.006393 0.044911 -0.033487
0.037591 0.024937 0.020863
0.009547 0.003898 -0.014711
0.013894 -0.011527 0.018849
-0.020035 0.005756 -0.006484
0.002592 0.026737 0.009458
-0.008926 0.006914 0.012397
-0.012523 -0.008676 -0.023449
-0.009140 -0.006326 0.006463
-0.003229 -0.008090 -0.008016
0.023512 0.001766 0.019019
0.004950 0.002374 -0.018759
-0.000249 -0.000328 0.010428
0.037879 0.021940 0.013488
-0.000639 0.001465 -0.011256
-0.020460 0.005728 0.007992
-0.013844 -0.017476 0.023771
0.010971 0.028319 -0.029219
0.002645 0.000962 0.000951
0.011217 -0.003276 0.010328
-0.023683 -0.009688 0.020008
0.003018 -0.010615 -0.005416
-0.007301 0.001827 0.007116
0.002605 0.014715 -0.000512
-0.002099 -0.023045 -0.007778
-0.005931 -0.009271 -0.005535
0.004524 0.007203 0.008788
0.011219 0.001710 0.017993
0.003099 -0.008854 -0.001034
-0.024110 -0.018616 -0.000414
0.007871 0.013305 0.011585
0.003904 0.008744 0.025040
0.009455 0.005529 -0.018509
0.000186 -0.022323 0.012787
-0.004286 0.007196 -0.020969
-0.025810 -0.005737 -0.003066
0.004988 0.019874 -0.001889
0.015244 0.003180 0.029554
-0.001079 -0.012956 0.018177
-0.007381 -0.015930 0.016623
0.013280 -0.028193 -0.017196
0.015344 0.003032 -0.007711
0.014227 0.002487 -0.001420
0.013769 0.015794 0.020709
-0.010080 0.008358 0.013712
0.001133 -0.006419 0.001915
-0.006700 0.003017 -0.002449
0.016046 0.002288 0.005999
0.008717 0.011895 0.003587
0.007412 -0.021521 -0.030882
-0.030957 0.005612 0.001674
0.002003 -0.008817 0.011020
-0.009080 -0.004516 -0.018188
0.011097 0.014645 0.012378
-0.006821 -0.008961 -0.014112
0.001422 0.019931 0.010114
0.024684 0.014163 -0.005832
-0.010534 0.000343 0.032747
-0.009886 -0.028278 0.018520
0.007799 -0.013079 0.010825
-0.014198 -0.008827 -0.012187
-0.011466 -0.020600 -0.003850
0.014297 0.026265 -0.010914
-0.015644 0.007919 0.002365
-0.025695 -0.003367 -0.019351
0.016099 0.016367 0.006407
0.022071 -0.034851 -0.007112
0.017342 -0.001005 0.016113
-0.000320 0.007668 0.001190
-0.001495 -0.009702 -0.023775
0.005075 -0.002473 0.003159
0.014354 -0.002880 0.004351
0.006887 0.024080 -0.011780
0.018102 0.000001 -0.019962
0.010649 -0.022814 -0.018426
0.001713 -0.003636 -0.007993
-0.018457 -0.025334 -0.004484
-0.026442 0.003207 -0.019397
0.007853 0.013063 -0.011917
0.010439 -0.020234 -0.007794
-0.001313 -0.006841 0.003186
-0.018544 0.010086 0.006960
0.006296 0.008505 -0.015598
-0.016745 -0.012083 -0.004751
-0.014561 -0.005655 -0.020068
-0.005594 -0.000696 0.017886
0.006028 0.004105 -0.024132
-0.006040 0.011596 -0.013770
0.011345 -0.000815 -0.008139
-0.011604 -0.003209 0.001345
-0.006989 0.023003 0.019156
0.010597 0.005918 0.005269
0.008603 0.020711 0.006940
0.005917 -0.010516 -0.007914
-0.003697 0.031666 -0.003075
-0.021151 -0.015690 -0.016052
-0.016050 0.028353 -0.008882
-0.012940 0.025426 0.000477
-0.018168 0.017414 -0.004004
0.014588 0.008525 0.003648
0.020815 -0.001632 0.017563
-0.005163 0.004312 0.009211
0.008429 -0.008222 0.007618
0.022117 -0.002295 -0.011651
0.005013 -0.003281 0.026134
0.006298 -0.015966 0.001982
0.012402 -0.012046 -0.003159
0.032172 0.016152 -0.000270
0.009947 0.000744 0.031590
-0.017867 -0.027221 -0.004556
0.015202 0.012815 -0.028511
0.003324 -0.009235 0.005266
-0.028665 0.000185 -0.011199
0.003303 0.009837 0.002327
0.005500 0.029898 -0.003412
0.003761 -0.005151 -0.001670
-0.006509 -0.013278 0.006318
-0.004886 0.008538 -0.015861
0.002469 0.013983 0.008050
0.007631 0.006616 0.000977
-0.004376 0.000694 0.013887
-0.007909 0.011022 -0.004262
0.001276 0.008062 0.016191
0.010081 -0.032259 -0.001868
-0.020678 -0.010405 -0.003417
0.003552 -0.013894 0.008804
-0.000834 0.001202 -0.012521
0.023227 0.014159 -0.011320
0.024039 -0.006953 -0.012692
-0.024104 -0.008022 -0.017815
0.003581 0.034641 -0.007759
-0.003045 -0.012676 0.003592
0.033746 -0.005787 -0.013898
0.014470 -0.013032 -0.012681
0.012806 0.026288 -0.000122
0.013368 0.021579 0.002988
0.004903 0.018281 -0.019195
0.009047 -0.005350 0.004812
-0.007135 -0.002804 -0.007968
0.008766 0.001303 -0.019599
0.000739 -0.013231 -0.000638
0.007511 0.010592 0.002800
0.006088 -0.007260 -0.000416
-0.011419 -0.030422 0.009195
0.003194 0.005809 -0.012913
-0.010916 -0.004882 -0.006196
-0.010452 0.000859 -0.028046
-0.015482 -0.018768 0.013151
-0.018512 -0.015876 0.006180
-0.012835 -0.006997 -0.003079
-0.005741 -0.007356 0.007828
-0.015460 -0.013324 -0.020283
0.005387 -0.012765 -0.014828
-0.016245 -0.007545 -0.003579
0.003276 0.004346 0.010517
-0.007808 -0.004872 -0.004620
0.014124 0.020869 0.007209
-0.009025 0.024433 -0.016509
-0.006517 0.013108 0.001902
-0.017831 0.013496 0.006291
-0.035348 -0.003288 -0.008160
-0.001660 0.011055 0.002460
-0.011644 -0.003461 -0.005468
-0.027793 -0.005527 -0.012850
-0.007645 0.022920 -0.025556
0.008519 0.011754 -0.011194
-0.006605 -0.007704 0.009789
-0.001150 -0.013566 0.004352
-0.008856 -0.004118 -0.002853
0.009133 0.012001 0.015863
0.004957 0.014451 0.002751
-0.014164 0.001703 -0.024775
-0.017165 0.010420 0.010397
-0.011877 0.004266 -0.013906
0.006484 0.017419 -0.005393
-0.008048 0.039082 -0.000799
-0.015813 0.010769 -0.010006
0.006861 -0.019640 0.011867
-0.047505 -0.009298 -0.028662
0.009855 -0.015740 -0.000864
0.006423 0.010427 -0.005214
0.016852 0.008569 0.011000
-0.005056 -0.001544 -0.000415
-0.020980 -0.009868 0.004575
-0.013816 -0.003173 -0.010606
-0.009630 -0.027238 -0.020194
-0.024392 -0.011591 -0.009954
0.001381 0.022682 -0.002335
-0.009167 -0.016620 -0.011025
-0.006730 0.009671 0.010285
0.009885 -0.001387 0.006631
0.032508 0.007488 0.012025
-0.002422 0.004690 0.001764
-0.018140 -0.017273 0.019876
-0.013616 0.006742 0.022110
0.005635 -0.002558 -0.002697
-0.025630 -0.022843 -0.004176
0.009497 -0.003114 -0.001647
0.003105 -0.006387 -0.004783
0.014208 0.004334 -0.001113
-0.011975 0.013252 0.029284
0.008091 0.010605 0.002077
0.000449 -0.013118 -0.016233
0.027321 0.021809 0.001727
0.004102 0.007452 -0.005770
-0.024126 0.013544 0.006257
-0.006328 0.023036 0.024242
0.021588 -0.023412 -0.008175
0.007284 -0.001255 -0.004128
0.010311 0.002768 0.017662
0.002176 -0.006322 0.000263
0.013646 -0.002746 0.008421
-0.012837 -0.009096 -0.002997
0.006527 0.012359 0.009322
0.023242 -0.005503 -0.003130
-0.020971 -0.007364 0.008073
0.010307 -0.014701 -0.021102
0.007209 0.011689 0.009728
0.002718 0.016541 0.005588
0.013873 0.002297 -0.004265
0.004699 -0.003206 0.003757
0.004908 -0.006909 -0.023284
-0.015880 -0.006804 -0.006610
-0.001703 0.000863 0.000475
-0.001662 0.005094 -0.014697
0.052221 -0.012187 0.018670
-0.003364 0.014466 0.011635
0.000592 -0.019610 -0.011046
0.001761 -0.013783 0.011104
-0.003670 -0.025896 0.008008
0.029788 0.014593 -0.016334
0.017213 0.005080 0.005758
0.015175 0.005847 0.010679
0.010909 0.002989 -0.017470
0.007107 0.007639 -0.004863
-0.017410 -0.015275 -0.012965
0.000463 0.004813 0.003690
0.003551 0.021508 0.011981
0.000522 0.011934 0.012532
-0.004454 0.005312 0.008833
-0.008574 -0.007110 0.001720
-0.006090 -0.017005 0.018444
-0.018160 -0.011735 -0.013071
0.000028 0.022661 0.027076
-0.013245 -0.002286 -0.001296
-0.005408 -0.008008 -0.000752
0.034069 0.011572 0.001852
0.013730 0.010408 -0.000481
-0.005696 -0.010840 0.004598
0.005080 0.004183 0.003251
-0.007899 -0.017544 0.002449
-0.003443 -0.008365 -0.024128
-0.014320 -0.017467 -0.040514
-0.011905 0.002597 -0.005372
0.010154 -0.005621 -0.022165
0.000228 -0.011677 -0.000641
-0.016730 -0.017353 0.004503
0.015064 -0.006168 -0.010056
-0.015142 -0.005903 -0.004378
0.019190 0.004660 -0.010481
-0.001643 -0.009187 -0.006496
0.005661 0.004327 0.014419
0.027015 0.007956 -0.002439
-0.018260 -0.020718 0.005824
0.012469 -0.001033 -0.003573
0.003957 0.000989 0.000344
-0.014247 -0.006861 -0.003430
0.015290 -0.004009 -0.011628
-0.004524 0.021958 0.015576
-0.020405 -0.007216 0.000729
-0.005875 0.022624 -0.026359
-0.005418 0.013723 -0.009268
0.008562 0.004974 -0.019883
0.010939 0.006634 -0.003615
0.019217 -0.012905 0.001967
0.009435 -0.003096 -0.001786
0.008054 -0.007735 0.004287
-0.005892 -0.018481 0.014901
0.011930 -0.008037 -0.017055
-0.000496 -0.017798 -0.033973
