# 参数名称：invres4.conv.1.weight
# 参数形状：(192,)
# 参数数据类型：float32
# 参数值（保留6位小数）：
1.015769
0.922005
0.942858
0.932538
0.862924
1.051131
0.892157
0.947777
0.887887
0.914887
0.866068
0.919177
0.899316
0.898806
0.944852
0.902046
0.888563
0.960181
0.931104
0.884309
0.872272
0.925148
0.857484
0.936181
0.925143
0.892292
0.955737
0.926534
0.860194
0.912774
0.953720
0.870333
0.898267
0.937665
0.933248
0.959520
0.941864
0.984220
0.973028
0.977272
0.890327
0.863243
1.020791
1.008691
0.929118
0.907884
0.910472
0.980689
0.857294
0.883952
0.992211
0.927516
0.924590
0.886226
0.879432
0.925884
0.914567
0.948436
0.946532
0.904148
0.920476
0.864033
0.910201
0.893821
0.864242
0.865312
0.918190
0.916579
1.040486
0.896706
0.955250
0.919815
0.904214
0.888086
0.882128
0.941254
0.963989
0.861222
0.905335
0.998340
0.955245
0.944230
0.965603
0.983167
0.961421
0.920537
0.927516
1.021204
0.929381
0.957886
0.944896
0.913114
0.899300
0.886364
0.970566
1.046232
1.046798
0.883951
0.919675
0.931027
0.982614
0.864175
0.948041
0.908231
0.869393
0.953854
0.916803
0.890235
0.947261
0.915390
0.888612
0.900888
0.939032
0.961578
0.939626
0.928137
0.927281
0.931701
0.960568
0.975288
0.909814
0.921463
0.997925
1.049347
0.963444
0.977411
0.911190
0.940158
0.869418
0.937354
0.906482
0.922378
0.915046
0.918512
0.891331
1.011042
1.035369
0.866308
0.955675
0.913369
0.911047
0.981983
0.941871
0.864233
0.945273
0.934913
0.931505
0.954219
0.882480
0.911419
0.919996
0.907872
0.899804
0.972740
0.909982
0.890716
0.932249
0.897932
1.040010
0.868209
0.953485
0.913977
0.935656
0.918778
0.926744
0.949422
0.894824
0.971855
0.959051
0.885359
0.947110
0.932947
0.887960
0.888265
0.903946
0.959623
0.966167
0.940465
0.948848
0.918385
0.875852
0.927430
0.903619
1.022364
0.985636
0.934391
0.929777
0.923827
0.895169
1.001044
0.917278
0.919457
