# 参数名称：invres2.conv.4.running_var
# 参数形状：(384,)
# 参数数据类型：float32
# 参数值（保留6位小数）：
0.001902
0.000654
0.003745
0.004309
0.000576
0.003363
0.001567
0.001666
0.003189
0.000977
0.001523
0.000582
0.002679
0.001230
0.001231
0.000716
0.002171
0.001176
0.001623
0.001969
0.001503
0.002760
0.002694
0.000463
0.001350
0.001088
0.004441
0.001437
0.001689
0.000434
0.001045
0.000471
0.001746
0.002855
0.001329
0.001642
0.002230
0.000991
0.001186
0.001331
0.003006
0.004351
0.001562
0.002305
0.002147
0.000966
0.006030
0.000281
0.000915
0.001353
0.000285
0.002786
0.005441
0.001372
0.000709
0.001502
0.001005
0.002096
0.000837
0.005211
0.002213
0.001033
0.002146
0.002136
0.001876
0.002205
0.001245
0.002684
0.000759
0.001487
0.000877
0.001107
0.002113
0.001024
0.004566
0.003574
0.004286
0.000448
0.005638
0.001146
0.002411
0.002339
0.001839
0.001277
0.001362
0.001105
0.004019
0.001399
0.003890
0.003328
0.000274
0.000944
0.001419
0.001063
0.007137
0.001200
0.000914
0.010042
0.001076
0.002002
0.000792
0.000706
0.001830
0.001290
0.004710
0.002934
0.001559
0.003036
0.001545
0.003115
0.001139
0.001491
0.002130
0.000626
0.002333
0.002478
0.000271
0.000686
0.001589
0.001367
0.002072
0.003776
0.002149
0.002844
0.001443
0.001241
0.003696
0.002353
0.001159
0.001675
0.001398
0.002238
0.000650
0.000836
0.007365
0.000932
0.001214
0.002365
0.002315
0.002322
0.001697
0.001197
0.000707
0.001953
0.005384
0.001440
0.001930
0.004731
0.001873
0.001944
0.000381
0.003820
0.003270
0.001535
0.002563
0.000665
0.002781
0.006028
0.002099
0.001841
0.000762
0.001632
0.002042
0.001046
0.001492
0.001957
0.003906
0.002602
0.003030
0.001561
0.002262
0.001536
0.001574
0.000767
0.002362
0.002749
0.003102
0.004092
0.000594
0.002910
0.000930
0.000851
0.001802
0.001883
0.001927
0.001842
0.001331
0.004247
0.001000
0.001197
0.005936
0.003337
0.002161
0.001492
0.005433
0.006295
0.000934
0.003974
0.001940
0.002070
0.001996
0.004417
0.001221
0.001420
0.002537
0.002254
0.005423
0.004787
0.003630
0.002395
0.001787
0.003689
0.000463
0.001903
0.000829
0.003942
0.000970
0.003676
0.002980
0.002066
0.003115
0.001679
0.004298
0.001369
0.001515
0.000608
0.004079
0.001893
0.001788
0.000403
0.004358
0.000785
0.001234
0.002481
0.003407
0.002194
0.004566
0.001826
0.003605
0.001377
0.001407
0.001201
0.003272
0.002941
0.000879
0.001351
0.000571
0.004313
0.003380
0.006413
0.001390
0.000752
0.001956
0.001451
0.005019
0.000875
0.001925
0.000475
0.002458
0.002677
0.001792
0.001354
0.000661
0.003780
0.000858
0.002755
0.002770
0.001068
0.005482
0.003155
0.007507
0.001719
0.000758
0.004332
0.003272
0.002602
0.000492
0.001752
0.001536
0.005039
0.001292
0.002396
0.000988
0.001736
0.002160
0.004113
0.003033
0.000937
0.001899
0.002539
0.000565
0.002212
0.002903
0.001040
0.004072
0.000421
0.000912
0.001120
0.000743
0.002270
0.003384
0.001424
0.001318
0.002047
0.001684
0.003109
0.001335
0.004068
0.000400
0.004430
0.003834
0.000424
0.003557
0.000763
0.000924
0.001162
0.004015
0.001431
0.001022
0.001392
0.001920
0.001641
0.000810
0.000887
0.003549
0.001216
0.001331
0.002800
0.000884
0.001521
0.001196
0.003816
0.001496
0.004357
0.002981
0.000981
0.001423
0.001489
0.001252
0.000410
0.000822
0.001495
0.000690
0.001373
0.001922
0.000834
0.000489
0.002113
0.000819
0.002115
0.000570
0.001624
0.001510
0.002064
0.002491
0.001473
0.006171
0.001888
0.001115
0.003507
0.000812
0.002855
0.004288
0.002548
0.001124
0.002259
0.001030
0.000642
0.000447
0.002312
0.000920
0.001129
0.000541
0.004336
0.002078
0.000782
0.002079
0.000730
0.000917
0.003506
0.001418
0.003722
0.002097
0.003113
