# 参数名称：invres1.conv.7.running_mean
# 参数形状：(96,)
# 参数数据类型：float32
# 参数值（保留6位小数）：
0.583236
-0.983049
-0.516156
0.619218
-0.468032
-0.429248
1.736214
0.072204
0.700398
0.634322
-1.499631
-0.564188
-0.747695
-1.248234
0.787275
1.495319
0.928065
0.600770
1.012266
-1.230552
0.246839
1.088314
0.243877
-1.267900
-1.501699
1.541028
-1.154704
1.074487
0.975699
1.296628
0.286250
-1.339282
2.313309
1.367143
-0.719862
0.708810
0.705972
-0.188807
0.554953
-0.226742
-0.357164
-0.782834
0.570849
0.329584
-1.824239
-0.977069
-0.368918
0.532655
0.565167
-0.128050
0.615368
0.007949
-0.609948
-0.673159
-0.641746
0.154969
0.994259
0.345196
0.473980
-1.496022
1.488957
-1.233317
1.185417
-1.350714
1.247685
-0.801290
1.425515
-0.365499
-0.115335
1.617146
-1.803375
0.759165
1.599499
-1.043630
0.280816
0.194871
-1.859315
1.121017
-0.537336
-1.060672
-0.669789
-0.092635
-0.662941
0.721489
-1.059857
-0.749645
-0.251190
2.364322
0.411826
-0.626434
-1.577038
0.270795
-1.154954
-2.557170
-2.110404
-0.814905
