# 参数名称：invres3.conv.4.bias
# 参数形状：(288,)
# 参数数据类型：float32
# 参数值（保留6位小数）：
-0.045819
0.017302
-0.003129
-0.039247
-0.017570
0.014873
-0.047932
-0.080241
0.004283
0.012603
0.005512
-0.024464
-0.003363
-0.005072
-0.035893
-0.052976
0.003629
-0.028298
0.009911
0.005274
-0.039658
0.001391
-0.043320
-0.037688
-0.016970
-0.019043
-0.061613
-0.035642
-0.044606
-0.032373
-0.064207
-0.029659
-0.039571
-0.010748
-0.074573
-0.064244
-0.000231
-0.032650
0.012329
-0.032202
-0.015699
-0.052934
0.007475
-0.019338
-0.076148
0.013791
-0.073351
-0.007842
0.005651
0.004118
-0.016525
-0.016610
-0.034416
-0.080240
-0.020048
-0.047148
0.006703
-0.001633
-0.027089
0.007983
0.005927
-0.038663
-0.035291
-0.032232
-0.004864
0.006037
-0.008716
-0.037475
-0.016515
-0.039817
-0.003976
-0.038395
-0.022685
-0.008320
-0.030374
-0.055034
-0.035675
0.024620
0.003127
-0.027939
-0.089922
-0.026487
-0.029818
-0.036408
-0.081231
-0.045982
-0.016635
-0.042761
-0.014283
-0.022588
-0.010992
-0.037856
0.003575
0.017762
-0.047098
0.003044
-0.014712
-0.039333
-0.027220
-0.046516
-0.081260
-0.011241
-0.062699
-0.036886
-0.035607
-0.030883
-0.081055
0.022761
-0.018648
-0.024612
-0.032296
-0.046972
-0.036681
-0.022189
0.006898
0.001959
-0.003086
-0.031503
-0.031757
0.015765
0.013701
-0.047213
-0.027341
-0.073037
-0.047827
0.002848
-0.047024
-0.061889
-0.007351
-0.039369
-0.001902
-0.038782
-0.026733
-0.019856
-0.049180
-0.006435
-0.034204
-0.019427
-0.024297
-0.033722
-0.033739
-0.043230
-0.018032
-0.016817
0.019832
0.013405
-0.037898
-0.017807
-0.006411
-0.039028
-0.007008
0.013410
-0.041397
-0.000165
0.013878
-0.027641
-0.055994
-0.056940
-0.053665
-0.029252
-0.047043
0.033843
-0.019302
-0.050308
-0.041744
-0.043230
-0.022199
0.010424
0.004763
-0.043397
0.022954
-0.011876
0.009236
-0.045744
-0.008034
-0.019802
-0.033018
-0.012010
-0.000596
-0.039492
0.002524
-0.012061
-0.031232
-0.061020
0.027358
0.001592
-0.077460
-0.005454
-0.013890
0.001744
-0.023921
-0.005445
0.003495
-0.016342
-0.080081
0.002798
-0.069450
-0.012438
-0.060242
-0.029460
-0.015762
-0.046335
-0.015780
-0.042286
-0.004460
-0.073088
-0.087924
-0.011049
-0.042646
0.024262
-0.041602
-0.026314
-0.071087
-0.098187
-0.039346
-0.036080
-0.041476
-0.023570
0.006838
-0.017221
-0.042003
-0.076329
-0.027898
-0.098687
-0.052372
-0.041094
-0.064105
-0.088269
-0.025514
-0.071757
-0.028684
0.015276
-0.030063
0.018299
-0.040377
-0.064653
-0.021987
-0.044811
-0.054471
-0.024980
-0.024168
-0.053919
-0.051590
-0.015851
-0.042610
-0.004489
-0.001896
0.008643
-0.026598
-0.025223
-0.021849
-0.064083
-0.051223
-0.046416
-0.058263
-0.028383
-0.055514
-0.019613
0.021220
-0.052005
-0.007907
-0.015612
-0.035813
0.004020
-0.009523
-0.025660
-0.035531
-0.030056
-0.064697
-0.001161
-0.007721
-0.011157
-0.002302
-0.056477
-0.041711
0.022853
-0.091954
-0.036773
-0.001499
-0.027155
-0.046345
-0.008357
-0.051746
-0.014085
0.015614
-0.009177
-0.026411
-0.024341
