# 参数名称：invres4.conv.4.running_mean
# 参数形状：(192,)
# 参数数据类型：float32
# 参数值（保留6位小数）：
0.006547
-0.017651
-0.059567
-0.084587
-0.037167
0.008034
-0.015624
-0.099248
-0.053129
0.023828
-0.046156
-0.024936
-0.030849
-0.032774
0.021047
-0.074070
-0.066181
-0.010961
-0.052052
-0.068279
-0.088732
0.086280
-0.110101
-0.023510
-0.031067
0.027635
0.006107
0.066285
-0.031411
0.069140
0.050606
0.082400
-0.043275
-0.075687
0.040301
-0.028454
0.016807
0.020430
-0.100448
0.015049
-0.036987
-0.007047
0.005023
0.009181
-0.040596
-0.025000
-0.049678
0.005747
-0.057988
0.097845
0.025702
-0.003327
-0.078783
-0.035214
-0.055854
-0.025155
-0.019802
0.002689
-0.028614
-0.029412
-0.052736
-0.054625
-0.040276
0.072963
-0.034251
-0.070268
-0.079241
-0.013161
0.002111
-0.045121
-0.014258
-0.027556
0.022213
-0.022431
-0.042083
0.018614
-0.032818
-0.055162
-0.017444
-0.002925
-0.050412
-0.017428
0.002812
0.021716
-0.043530
0.020792
-0.031010
-0.010368
0.007764
-0.022331
-0.044247
0.022559
-0.071635
-0.087612
0.050852
0.009362
0.005673
0.080511
0.022325
0.015608
0.006071
-0.045276
0.022934
-0.017716
-0.059734
0.034881
0.033244
-0.000792
-0.023741
-0.030538
-0.016623
-0.000918
-0.052170
0.010737
-0.036403
-0.044674
-0.010734
0.065136
0.014835
0.010691
-0.032810
-0.022997
-0.005305
0.017608
0.052635
-0.039652
-0.062393
-0.062919
-0.072577
0.052876
0.011922
0.054972
-0.075313
-0.055441
-0.046305
0.023076
0.012561
-0.014865
0.030562
-0.028109
-0.029118
-0.009844
-0.057323
-0.069203
0.052401
0.037184
-0.078410
0.010584
-0.031688
0.032339
0.020530
0.009100
-0.003003
0.007900
-0.072541
0.025653
-0.030246
0.062665
0.012651
0.100533
0.014065
0.021056
-0.017945
-0.054358
-0.036243
-0.030054
-0.021378
0.011726
0.024865
-0.051361
0.027232
0.004454
-0.035936
-0.044577
-0.019877
-0.019748
0.009174
-0.016407
0.073499
0.045355
0.030380
0.025185
0.087297
0.013665
-0.056583
0.024640
-0.053420
0.097450
-0.074890
0.011013
-0.015748
0.010742
