# 参数名称：invres2.conv.4.bias
# 参数形状：(384,)
# 参数数据类型：float32
# 参数值（保留6位小数）：
-0.000575
-0.043142
-0.027611
-0.030523
-0.034649
0.006327
-0.016743
-0.006004
0.007339
-0.009258
-0.015408
-0.016362
0.004162
-0.023672
-0.062112
0.000873
-0.033190
0.010139
-0.024267
-0.023339
-0.013939
-0.012204
-0.035898
-0.012830
0.004414
-0.033364
-0.023796
-0.008838
-0.008939
-0.061309
0.005605
-0.038591
-0.057187
0.003378
-0.034621
-0.007875
-0.029982
0.026732
-0.005862
-0.013306
-0.012758
0.004652
-0.009166
-0.051096
-0.005383
-0.003205
0.015074
-0.021131
-0.008107
0.018328
0.012399
0.020983
-0.039421
-0.051867
-0.037648
-0.009978
-0.054471
-0.029331
-0.013726
-0.003183
-0.010271
-0.054568
-0.040549
0.013718
-0.020422
-0.004770
-0.027711
-0.028613
-0.022531
0.013539
-0.005273
-0.008067
-0.053166
-0.058127
0.006149
0.019611
-0.009363
-0.019093
0.012383
-0.019486
-0.025512
-0.022531
-0.059048
-0.067709
0.027615
0.001219
-0.029020
-0.035357
-0.022210
-0.026902
-0.003358
-0.020405
-0.002316
-0.047552
-0.007218
-0.011876
-0.037140
-0.003480
-0.011932
-0.049941
-0.037015
-0.041271
0.006394
0.000191
0.017656
-0.033862
-0.001719
-0.042868
-0.000039
-0.055541
0.019610
-0.032007
-0.044608
-0.020832
0.004562
0.005578
-0.008718
-0.026030
0.018136
-0.009388
-0.053277
-0.006741
-0.008661
-0.043736
0.030052
-0.031714
0.002126
-0.002075
-0.022853
-0.005865
0.000996
-0.026283
-0.006937
-0.047198
0.002661
0.014528
-0.023119
-0.029023
-0.002504
0.000233
-0.019952
-0.012828
-0.024043
-0.052208
-0.017939
-0.006909
-0.003961
0.002076
0.013702
-0.000115
-0.034818
-0.001982
-0.030368
0.010321
-0.051090
-0.030689
0.007780
0.017757
-0.004727
0.008133
0.000661
-0.002416
-0.002337
-0.039936
0.009595
-0.043139
-0.032455
-0.056098
-0.041992
-0.049490
-0.002564
-0.003364
0.000434
-0.001512
-0.033212
-0.003143
-0.012760
0.013785
-0.034994
0.026261
-0.060029
0.002208
-0.027928
-0.024113
0.000710
0.013519
-0.007563
0.018199
0.004901
-0.058711
-0.015086
-0.003044
-0.007815
-0.048159
0.022754
0.005875
-0.033177
-0.001463
-0.036694
0.015044
-0.017329
-0.014625
-0.036676
0.004555
-0.016793
-0.033687
-0.011184
-0.025376
0.004891
-0.009445
-0.000778
-0.018509
-0.012688
0.004887
-0.031953
-0.017519
-0.007456
-0.008072
-0.012645
0.027197
0.005888
0.070399
-0.025606
-0.040061
-0.003301
-0.024447
-0.003127
-0.012617
-0.015761
-0.024518
-0.016238
-0.030678
0.024973
0.018306
-0.010173
-0.026095
0.026982
0.005522
0.019661
0.004719
0.018350
-0.016575
-0.024686
0.002983
-0.011311
0.013153
-0.009755
-0.012074
-0.025366
-0.009817
-0.030226
-0.038170
-0.032525
0.013886
-0.043142
-0.019851
0.013317
-0.039959
-0.024544
0.024880
-0.027022
0.013402
0.015924
-0.031690
-0.036138
0.022340
-0.006237
0.006059
-0.029738
-0.018777
0.011199
-0.009937
-0.031219
0.009090
0.001148
-0.017474
0.014660
-0.004686
-0.038648
-0.007125
-0.002471
-0.003007
-0.017885
-0.013275
0.001747
0.018944
-0.038384
-0.026079
-0.007148
0.002181
-0.009379
-0.025320
0.014894
-0.006403
-0.001390
-0.043208
0.002098
-0.020507
-0.027166
0.023630
-0.015320
-0.014190
-0.006072
-0.038287
-0.031079
0.015432
-0.018420
0.013655
0.005835
-0.060704
0.001118
-0.013675
-0.021559
-0.050257
0.021541
0.005621
-0.005250
0.000070
-0.033484
0.013644
0.019145
-0.000870
-0.014849
-0.000111
-0.006382
-0.050320
-0.021507
0.007678
-0.047819
0.001530
0.005158
0.018827
-0.008147
-0.028268
-0.044860
0.013443
-0.018209
-0.030986
-0.027374
-0.000889
-0.019558
0.016624
-0.028792
0.001856
-0.020766
0.011141
-0.031922
0.024972
-0.032651
-0.051268
-0.031906
0.004094
0.011309
-0.007577
0.000945
-0.035877
0.003599
-0.044364
-0.060190
0.000019
0.008943
-0.010421
0.007552
-0.011892
-0.048237
-0.000974
0.009542
-0.017063
-0.013416
-0.001791
-0.030933
-0.036244
-0.045886
0.015200
0.014214
0.004312
-0.040457
0.004091
0.004863
-0.030513
-0.007851
0.001368
-0.018157
0.049708
