# 参数名称：invres4.conv.6.weight
# 参数形状：(16, 192, 1, 1)
# 参数数据类型：float32
# 参数值（保留6位小数）：
-0.563569
-0.746890
-0.014865
-0.032409
-0.174372
0.278405
0.006343
-0.919503
0.451271
0.260057
-0.019407
-0.180921
-0.071926
-0.113347
-0.318240
0.477481
0.581429
0.117147
-0.144692
0.023931
-0.734315
0.038418
0.347813
-0.401789
0.046806
-0.146701
0.140121
-0.252775
-0.088223
0.149929
0.138939
0.198563
0.171450
0.551877
-0.012418
0.026019
-0.172006
0.301188
0.600165
-0.529365
-0.569866
-0.104127
-0.076563
-0.102109
-0.215901
-0.253603
-0.089996
-0.184492
0.131601
-0.075091
-0.172919
-0.617518
0.319770
-0.456335
0.040045
0.190432
0.303195
-0.639262
0.051173
0.476304
0.051031
0.542458
-0.012214
0.464433
-0.209833
0.099388
0.013517
0.369001
0.042061
-0.475687
-0.293270
-0.377649
-0.317916
0.089587
-0.224102
0.398722
0.123928
0.104756
0.433275
0.405685
-0.159694
-0.009308
-0.607016
0.114312
-0.142510
0.264264
-0.333979
0.716724
0.134025
0.472670
0.494190
-0.232707
-0.347541
-0.014957
0.734271
-0.527669
-0.573402
0.291399
0.446422
-0.206281
-0.052254
-0.182508
-0.371794
0.300817
-0.468937
-0.478064
0.404702
0.263602
-0.136719
-0.185917
0.541155
-0.466489
0.386849
-0.405183
-0.248246
0.263515
0.116514
0.045941
-0.266410
-0.440542
0.521375
0.219681
0.102165
-0.207016
0.205488
-0.501288
0.159022
-0.035091
-0.341134
-0.260045
0.230109
-0.128770
-0.232102
-0.159426
0.156363
-0.336224
-0.491729
0.080954
0.280314
-0.033318
0.251050
0.270337
0.281343
-0.100321
0.815486
-0.449512
0.666728
-0.079854
0.096784
0.585992
-0.348589
0.151515
-0.536993
-0.409173
0.232556
-0.095314
0.167727
0.289254
0.137895
-0.332911
-0.317629
0.186955
0.542656
-0.491469
0.209225
0.047394
-0.354283
0.227750
0.117958
-0.667955
0.038479
-0.104154
-0.236952
0.432712
0.237781
0.320314
-0.144592
0.126788
0.410644
-0.199294
-0.016284
0.198256
0.072995
0.221192
-0.143748
-0.320864
0.042983
-0.362145
0.148505
0.122867
0.044070
-0.311345
-0.400692
-0.101846
0.198578
-0.102313
0.221624
0.009583
-0.165789
0.086313
0.562450
-0.343652
-0.197299
-0.466164
0.337662
0.023834
-0.024648
-0.251898
0.288878
0.245681
0.633752
0.347278
-0.636673
-0.185092
-0.157841
0.396588
0.203769
-0.430200
0.074725
0.175377
0.077453
0.185358
0.004482
-0.437482
-0.641046
-0.165372
0.270963
0.291085
-0.162528
0.213827
-0.204924
-0.043675
0.152246
0.285523
-0.203886
-0.379469
-0.077432
0.060902
-0.106045
-0.752827
0.037128
0.489183
-0.146913
0.787712
-0.436968
0.047130
-0.152150
-0.399716
0.626666
0.118507
0.221994
-0.011655
-0.130947
0.501685
0.545784
0.291321
0.683247
-0.048261
0.092060
0.369815
0.589094
-0.273829
0.456419
-0.321666
-0.586493
-0.143204
-0.797041
-0.453395
0.043270
-0.032481
-0.461333
-0.064706
0.153098
0.568383
-0.371559
0.105516
-0.255286
-0.105162
0.186019
0.267209
-0.434003
0.193838
-0.151351
-0.175341
0.400795
0.260296
0.506148
-0.238651
-0.120683
0.366976
-0.226943
-0.264044
-0.192820
0.046890
0.036797
-0.337605
0.205615
-0.414077
-0.180901
-0.377452
0.559131
0.403553
0.814546
-0.120656
0.239377
-0.423542
-0.281895
-0.820019
0.235270
0.095853
-0.183199
0.251180
0.019302
0.194703
0.075616
0.323238
-0.387891
0.129427
0.797277
-0.760918
0.315617
0.226747
0.589717
-0.041420
-0.099884
0.027386
0.608738
-0.484564
0.449279
0.436465
0.514887
-0.039173
0.266168
0.192991
0.461682
0.098510
-0.986816
-0.281971
0.151676
0.353647
0.361750
-0.699730
0.024426
-0.735433
0.263579
0.038565
-0.738191
-0.480688
0.926991
-0.153143
-0.399756
0.432991
0.035354
0.006818
-0.104177
-0.041076
-0.348723
0.420374
-0.733467
0.083594
0.375829
-0.055606
-0.206844
-0.093424
0.161776
-0.329937
-0.042994
-0.300863
-0.313218
0.024620
-0.587589
0.532581
-0.188595
-0.232148
0.312472
0.243624
0.546754
-0.626984
0.030350
-0.232302
-0.508430
-0.379009
-0.049542
0.278196
-0.069373
-0.014090
0.190208
0.175446
-0.048579
0.089876
-0.512271
-0.182704
-0.388561
-0.092796
-0.120506
0.319431
-0.528629
-0.230878
0.304314
-0.251789
-0.205495
-0.823153
-0.007700
-0.355112
0.364988
0.359519
0.540689
0.211100
0.278906
-0.750138
0.677400
-0.126749
0.179651
0.081989
0.621125
-0.200006
-0.250650
-0.230734
-0.087915
-0.076676
-0.053281
-0.672725
0.054601
0.167155
-0.031249
0.515318
-0.098363
-0.468038
-0.107368
0.356995
0.271858
0.394348
0.047121
0.216005
0.341205
-0.427474
-0.067199
0.065530
0.365025
0.677136
-0.840309
0.244381
0.177243
0.258208
0.152083
0.094897
-0.073858
0.681080
0.405802
0.178703
0.765737
-0.243819
-0.375653
-0.645266
0.273154
-0.777208
-0.494499
-0.545307
0.254996
0.174208
0.466078
0.111538
0.328290
-0.053177
-0.075944
0.714260
-0.030567
-0.240141
0.294799
-0.133055
0.493210
0.535950
0.231139
0.297590
0.053803
0.030350
-1.024237
-0.297372
0.140695
-0.313432
0.442615
-0.168123
0.674096
-0.168152
0.432101
-0.804380
-0.423217
0.105119
-0.252047
0.206096
0.174830
-0.122166
-0.227628
-0.251851
-0.135180
-0.029877
-0.068847
0.355802
0.285543
-0.123386
-0.071891
-0.468584
-0.106785
-0.052269
-0.394472
-0.113186
-0.433492
-0.453569
-0.391338
-0.063395
0.275561
0.462440
0.458033
0.347216
0.117828
0.308523
0.573992
-0.138066
-0.080599
-0.499950
0.015238
-0.166955
-0.130093
0.413115
-0.210746
0.203314
-0.479194
-0.141831
0.159903
-0.161510
0.065550
0.017315
-0.085368
0.226415
0.729877
0.560039
-0.348228
0.107948
0.035558
0.353257
0.084163
-0.036648
0.704244
-0.065102
0.789492
0.089756
0.551173
-0.175061
-0.065160
0.259650
0.058584
-0.177770
0.263031
0.437546
0.534137
0.364967
0.463863
0.097831
0.027930
-0.307606
-0.491351
0.084148
-0.136958
0.034258
-0.068198
0.213212
0.427934
0.187898
-0.242047
0.509741
-0.171121
-0.300211
-0.241680
0.657481
0.059988
0.481650
0.304226
0.036752
-0.582680
0.891195
0.306954
0.585632
0.275374
0.097184
0.240900
-0.133004
0.673439
0.400780
0.032485
-0.278550
-0.392415
0.241279
-0.015386
-0.102661
-0.395093
-0.041353
-0.378272
0.161218
0.572778
0.017997
-0.600582
0.701525
0.520732
0.633374
0.500614
-0.063435
-0.285822
-0.086488
-0.473009
0.547047
-0.320088
-0.127596
-0.531592
0.082530
-0.182055
-0.726288
0.110542
0.209559
-0.514438
-0.282406
-0.043225
0.622107
-0.022231
0.533765
0.101726
0.226359
0.129896
0.050618
-0.438729
-0.664314
-0.666841
0.449484
-0.101569
0.568612
0.142860
0.201723
-0.111816
0.685692
0.034173
-0.492143
0.061061
-0.223220
0.049063
-0.138817
0.325721
-0.802756
0.005401
0.091561
-0.506440
-0.247861
0.349730
0.104816
0.238915
-0.156322
0.823994
0.501626
-0.478330
-0.174552
-0.125899
0.097348
0.174161
0.471149
-0.335529
-0.301291
-0.054963
0.386301
-0.569515
-0.145596
-0.228047
-0.288482
0.096773
-0.279039
-0.191663
0.101712
0.264435
0.964133
0.345579
-0.063540
-0.333489
0.010128
-0.133947
0.116594
0.231429
-0.069450
-0.009036
0.294729
-0.411645
0.816655
0.027614
0.166457
0.119694
0.165771
-0.552413
0.154915
-0.329122
-0.182882
-0.479022
-0.126185
0.242036
-0.233526
-0.758705
-0.373510
0.203905
-0.317982
-0.310465
0.773723
0.312116
0.414144
-0.704874
-0.016202
0.123945
0.229161
0.067896
-0.359859
0.528376
0.064419
-0.239327
0.375702
-0.042390
0.048186
0.505002
0.019071
-0.442189
0.068730
0.617618
-0.133277
0.224249
-0.337293
-0.731048
0.197436
-0.169747
-0.277789
0.113241
0.188837
-0.563435
0.319816
-0.580659
0.575481
0.271344
0.656779
-0.058119
0.588279
0.142944
0.086972
0.216375
0.114735
0.627585
-0.008999
-0.441721
-0.135845
-0.081949
0.178798
0.862452
0.308292
0.375724
0.275197
-0.162622
-0.153364
0.032536
0.209325
0.410939
-0.083401
-0.078589
0.292064
-0.223393
0.409373
0.157518
-0.098482
0.688934
0.319486
0.092620
0.312583
0.268127
-0.222152
-0.310484
0.231880
0.113325
0.123122
0.000889
-0.175812
-0.626524
0.246408
0.082764
-0.428564
-0.335598
-0.392030
-0.360771
-0.237015
-0.819251
0.743657
0.105025
-0.434110
0.098272
0.681455
0.326980
-0.165246
-0.002586
0.830010
0.446433
-0.522744
0.064076
0.801228
0.659629
-0.501142
0.137422
-0.386136
-0.124323
0.211916
-0.039829
0.191362
0.569993
0.367772
-0.113416
-0.088004
0.067250
0.565078
-0.302552
-0.034038
0.064381
-0.050635
-0.210912
0.124451
-0.362290
-0.157236
-0.262364
-0.191619
-0.114342
-0.176420
0.168186
0.372921
0.852987
0.418537
0.177531
-0.400749
0.113200
-0.229968
-0.172937
0.003388
0.060835
0.015969
0.226865
0.476540
-0.088467
0.229619
0.370519
0.357753
0.460626
-0.460743
0.230785
-0.775044
-0.045894
-0.204743
0.528892
0.131747
0.368861
0.125598
-0.182212
0.621336
-0.266629
-0.567136
0.045161
-0.196422
0.734252
-0.428218
0.334595
0.253058
-0.396779
0.480473
0.427384
0.356953
-0.094786
-0.087504
0.006348
-0.567513
0.354293
-0.535454
0.108998
-0.057718
-0.525987
-0.708316
-0.075772
0.065749
0.034988
0.484442
0.549532
-0.015719
0.385244
0.310350
0.098102
-0.184257
0.449428
0.091166
-0.278909
-0.034639
-0.604037
0.146957
-0.007996
-0.214152
0.026389
-0.549774
0.135871
-0.047281
0.232625
-0.189475
0.506300
0.604481
-0.547963
0.913067
0.262797
-0.337370
-0.344041
-0.432348
-0.339752
0.252650
0.348203
0.631265
-0.006497
-0.165974
0.413868
-0.010353
0.045929
0.509075
0.348307
-0.005782
0.162585
0.555965
0.274446
0.132501
-0.787849
0.072932
0.074515
-0.198809
-0.282680
-0.424849
0.247066
0.046428
0.055128
0.160373
-0.014504
0.112106
0.449342
-0.134068
-0.246839
-0.349419
0.003906
0.134411
-0.723562
-0.130032
-0.127053
0.639251
-0.044666
-0.373984
-0.341852
0.416989
0.501520
0.236393
0.524076
0.294863
0.347458
0.354647
-0.352692
0.466888
0.639294
-0.476566
-0.372981
-0.281140
0.085881
0.314737
-0.421577
0.201000
-0.086582
0.016915
0.071120
-0.525100
-0.284062
-0.425148
0.091671
0.228939
-0.559062
0.156673
0.053320
0.250126
-0.077498
0.054732
-0.040309
0.171441
-0.289146
-0.049073
-0.006316
-0.447170
0.275956
-0.270898
-0.179405
0.159545
-0.722024
0.378461
-0.191862
0.164138
0.156949
-0.350213
0.423002
0.031131
-0.528880
-0.265539
-0.211495
0.255474
-0.471816
-0.153601
0.201788
-0.481039
-0.087636
-0.018684
0.225529
-0.555714
-0.423167
0.524185
0.177576
-0.242152
-0.411891
0.124127
-0.590767
0.097205
0.361031
0.049780
0.466051
0.421098
-0.016136
0.054749
0.016575
0.257335
-0.147529
-0.081212
-0.232225
0.286455
0.142656
-0.089173
0.174334
0.477366
-0.189249
0.950942
0.240393
0.275731
0.013986
0.005638
0.636191
0.441024
0.419329
-0.031540
-0.179848
0.309098
0.025789
-0.441727
-0.409900
0.496667
-0.239647
-0.207534
0.063399
0.505976
0.129262
0.227408
0.042815
0.226146
0.975871
0.056751
0.223920
0.087732
-0.671777
0.959435
-0.422090
0.197929
-0.014604
0.174626
-0.049787
-0.421436
-0.122853
0.021007
-0.075686
-0.142752
-0.070361
0.427211
-0.130524
-0.016438
-0.667729
0.444814
0.210641
-0.175217
-0.253897
-0.192049
-0.047902
0.092287
-0.056558
0.351156
-0.722262
0.190912
0.368447
-0.106407
-0.498672
-0.014514
0.084002
-0.354682
-0.164715
-0.067210
-0.529563
0.743865
-0.016157
-0.247147
0.164895
0.394833
-0.186342
-0.262152
-0.274703
0.084952
-0.036353
0.388152
0.321559
-0.497601
-0.373395
0.347070
0.007111
0.540265
-0.276690
1.068907
-0.530429
-0.309887
-0.208673
-0.037015
-0.379776
-0.153559
-0.736348
0.036330
-0.426119
-0.598447
0.759805
-0.503057
0.437655
0.274934
0.042694
-0.289473
-0.353652
0.054523
0.282629
-0.024738
-0.439052
-0.177476
0.046994
-0.120921
0.560261
-0.534458
-0.002997
0.477244
-0.019972
-0.079369
-0.247797
0.767748
0.315111
0.313194
-0.174586
-0.550892
-0.132606
0.516526
0.286744
0.040902
0.750678
-0.294621
-0.336636
-0.311066
0.057019
-0.481522
-0.285870
-0.249583
-0.232037
0.214050
-0.230106
-0.446043
-0.397592
0.198360
-0.710104
0.545269
-0.698014
0.241042
-0.417796
-0.196446
-0.451319
-1.293678
-0.447407
-0.219433
-0.259553
-0.556380
0.424614
0.004763
0.111806
0.153791
-0.638736
0.099357
0.057527
-0.782338
0.145951
0.690139
-0.433787
-0.623820
-0.189449
-0.164321
0.178237
-0.230185
0.452403
0.073896
0.062336
-0.368941
0.010325
-0.617207
0.080081
0.916022
-0.125494
-0.253745
0.030874
0.535942
0.119468
0.034794
-0.033802
-0.267884
0.143213
-0.664344
-0.288386
-0.422132
0.058261
0.129803
0.031453
-0.310015
0.025096
-0.100032
-0.674075
0.204349
-0.030367
-0.793649
-0.326479
-0.509509
0.058587
0.417567
-0.387172
-0.001273
-0.043973
0.048080
0.450398
-0.165133
0.210577
-0.025398
-0.063442
-0.012542
-0.474890
0.373084
-0.231546
0.406992
0.066016
0.241836
-0.261571
-0.397297
-0.201817
0.150014
-0.246577
-0.375845
0.044248
0.209066
0.459168
0.193337
0.006365
-0.128363
0.216381
0.339201
-0.050909
-0.059243
-0.329522
-0.291046
-0.165490
0.127172
0.196892
0.529143
0.014323
-0.219297
0.013492
0.043448
0.210597
-0.583837
-0.323579
0.060380
0.295009
0.021305
0.024265
0.660119
0.154716
-0.195284
0.055708
-0.072029
-0.309116
0.203299
0.218964
-0.614404
-0.398135
0.052486
0.199963
-0.001101
0.233146
0.609270
-0.225720
-0.069612
0.099169
-0.544834
0.513562
-0.445193
-0.186342
0.553647
0.390283
0.165052
-0.083840
0.012548
-0.027961
0.546569
-0.082168
-0.467940
-0.544332
0.035553
-0.755358
-0.663919
-0.109236
0.156130
0.516995
0.019514
-0.323878
0.045310
-0.104297
-0.081943
0.345264
0.262470
0.089418
-0.047710
-0.475408
0.392830
-0.038259
-0.170144
-0.255795
0.558265
-0.335927
-0.465186
0.144169
-0.441440
-0.285345
-0.224256
0.672693
0.232370
0.294516
-0.061744
0.446283
-0.070460
0.068687
0.453711
-0.186631
-0.425635
-0.083856
-0.099628
0.002373
-0.036021
-0.217358
-0.120991
0.422244
-0.591053
0.110053
0.284612
-0.635077
0.170267
0.322140
-0.050797
-0.442959
0.352755
-0.368168
-0.042875
0.233356
0.282273
-0.188945
0.419937
0.752112
0.083081
0.187713
0.307811
-0.007860
-0.068979
-0.201064
-0.313149
-0.264738
-0.420863
0.374725
0.274879
-0.012259
-0.117237
0.267811
0.273959
-0.097992
0.482193
-0.525936
-0.182944
0.173268
-0.036449
0.085463
-0.105689
-0.513979
-0.096956
0.327299
-0.394885
0.384317
0.147434
0.517659
0.079402
0.268744
0.472656
-0.974322
0.508547
0.458819
0.358064
0.275562
0.095528
0.131751
0.125994
-0.019245
-0.246805
0.029890
0.399105
-0.118117
0.175524
0.205850
-0.583915
-0.403247
-0.180747
0.785681
0.069306
-0.204293
0.116596
0.517321
-0.534139
-0.542538
0.299982
-0.396540
0.387455
-0.355944
0.020893
-0.035840
0.302560
0.049723
0.137965
-0.050515
-0.637310
-0.069736
0.527603
-0.524232
-0.316698
-0.412415
0.231705
-0.146902
-0.749315
-0.469316
-0.377653
0.250374
-0.433404
-0.069119
-0.142243
-0.158795
-0.766859
0.159673
0.477046
-0.075938
0.201397
-0.233045
0.074753
0.658793
0.125543
0.382383
0.255505
-0.226154
-0.270205
-0.224499
0.235731
0.182054
-0.570707
-0.350878
-0.342556
-0.277593
-0.056109
0.124238
0.246835
-0.147181
-0.510253
0.333186
0.218648
0.290983
-0.381107
-0.207108
0.584284
-0.379189
-0.342600
-0.764801
-0.219509
0.337559
-0.097642
0.385901
-0.080449
0.055152
-0.405821
-0.093290
-0.415625
0.423350
0.108831
0.290850
0.044491
0.282640
0.032700
0.382746
0.367264
0.310806
0.087313
0.118901
0.039782
-0.010856
-0.640298
-0.081442
-0.024692
0.173415
0.788240
-0.327834
-0.128539
-0.111065
0.201690
0.641272
-0.603237
0.786135
0.317923
-0.514929
0.460902
-0.394518
-0.391685
0.498972
0.102290
-0.049283
0.142114
-0.204886
0.597373
0.009156
0.456882
0.166466
-0.275587
0.290289
-0.120311
-0.100499
-0.270254
0.029471
-0.228282
0.531855
-0.334052
0.821097
-0.032240
0.622832
-0.095666
-0.203256
-0.055380
-0.035621
-0.115841
0.093345
-0.099541
0.237487
1.171975
0.263687
-0.111975
-0.269499
0.009279
-0.190298
0.176020
-0.631395
0.167219
-0.209637
0.177762
0.418381
0.455135
0.057350
-0.263735
-0.215869
-0.005345
0.206808
0.224824
0.547739
0.442077
0.324522
0.102579
-0.742101
-0.700149
-0.340413
0.174353
0.624515
0.328162
-0.096919
-0.119621
-0.491522
0.001910
-0.086097
0.059246
0.500218
-0.133752
0.146612
-0.751788
0.528003
0.225943
-0.676804
-0.095048
-0.219682
0.010002
-0.350123
0.070863
0.290640
0.148253
-0.201252
-0.026427
0.419236
0.340368
0.113452
0.079301
-0.158727
0.039885
0.364058
0.017926
-0.075847
-0.026868
-0.018557
-0.243475
-0.542869
-0.495069
-0.729507
0.412407
0.572829
-0.336728
0.567282
0.232033
0.075099
0.135771
-0.041369
-0.084714
-0.248587
0.022640
0.097924
-0.111877
-0.506262
0.509359
0.130253
0.171231
0.128135
0.009487
0.356472
0.213187
0.090874
-0.267850
0.488661
0.028773
0.095715
0.151803
-0.098415
0.044219
-0.198307
-0.200819
0.251638
0.533765
0.017463
0.535953
0.423592
0.349554
-0.222262
0.223828
0.103599
-0.288494
0.461292
-0.142748
-0.227778
0.231279
0.405715
-0.116197
0.452543
-0.389198
0.091109
-0.058550
-1.032217
0.134215
0.072082
0.363908
-0.395986
-0.474802
-0.351026
0.094592
-0.483037
-0.248024
0.093105
0.633203
0.224653
-0.073296
-0.355882
0.229931
-0.001365
0.524915
-0.218312
0.054672
-0.234981
0.293650
-0.524461
0.237971
0.138562
0.466813
0.152106
-0.315738
-0.214736
0.384663
-0.025334
-0.458467
-0.153491
-0.378144
-0.054166
-0.014715
-0.014103
-0.268589
-0.036635
-0.210632
0.157015
-0.328429
0.240563
0.525995
-0.576169
-0.428685
0.080027
0.098201
0.135196
0.412263
0.591650
0.393093
0.495963
0.425897
-0.451042
0.028609
0.260070
0.432378
-0.173675
0.620766
0.242569
-0.296131
0.303884
-0.213760
0.216693
0.654608
0.140433
-0.633815
-0.674371
0.368572
-0.444600
0.186873
0.057388
-0.105742
-0.116550
-0.315454
0.334763
0.167218
-0.064916
-0.394302
0.569581
0.106118
0.063889
0.008100
0.240235
-0.245130
-0.206343
-0.811955
0.410720
0.067999
0.152529
-0.214500
-0.637914
-0.276508
-0.111112
0.405004
0.413553
-0.199953
0.171607
-0.472470
0.037197
-0.060407
-0.217495
-0.233441
-0.326396
0.190151
-0.121047
-0.349607
-0.132271
0.385563
-0.666434
-0.021075
-0.032555
0.461040
0.526192
-0.409039
-0.335659
-0.010798
0.094899
0.100404
-0.212104
-0.058741
0.015462
0.016919
0.245986
-0.189330
-0.205122
0.303887
-0.171089
-0.131230
0.661496
0.328396
0.091124
-0.269423
-0.231771
0.291701
-0.234433
-0.369181
-0.265507
0.100165
-0.021964
0.293545
0.038581
0.172186
0.140618
-0.201553
0.649064
-0.469891
0.132386
-0.335880
-0.090444
0.035930
0.206592
0.212420
-0.358490
0.316620
0.282040
-0.174459
0.803491
-0.738043
0.590801
-0.548569
0.192891
0.414541
0.230585
-0.038478
-0.116633
0.051027
0.150591
-0.566570
0.270400
0.481301
0.583512
-0.407663
-0.296132
-0.154295
0.100602
-0.357460
-0.952196
-0.460114
0.398913
0.265900
0.665148
-0.132893
0.215996
0.387301
0.135872
0.391340
0.004838
0.099520
-0.016521
-0.312309
-0.116152
0.834578
0.267116
0.074093
-0.287740
-0.122361
-0.217676
0.243024
0.083914
0.126351
-0.091532
0.054918
-0.075128
-0.356456
0.583791
0.708088
-0.022277
-0.356656
0.540355
-0.175558
-0.159027
0.177822
0.015119
0.353859
-0.805798
0.484414
-0.306430
0.076986
0.343232
-0.464476
0.197181
0.296871
-0.212874
0.358647
0.009964
0.043654
0.307891
-0.481007
0.365674
-0.042642
0.255462
-0.300555
-0.153351
0.221483
0.085293
0.411272
0.148490
-0.217147
-0.233687
-0.249911
0.487179
0.217215
-0.180348
0.100513
0.182810
0.026302
0.588695
0.030883
0.068262
0.031621
0.349995
0.278861
0.175753
-0.099938
-0.528008
0.193362
0.473619
-0.543547
-0.384971
-0.090227
-0.523130
0.239172
0.053926
0.324127
0.112167
-0.077780
-0.115096
-0.893357
-0.208454
-0.256427
0.579755
-0.194089
0.178489
-0.275137
-0.344020
-0.010145
0.489471
-0.289949
-0.077685
0.423646
-0.544866
-0.068574
-0.286757
0.168083
-0.442917
-0.760120
-0.103713
0.461889
0.151040
-0.020715
-0.425159
-0.162652
-0.121029
-0.250669
0.030985
-0.325954
-0.440631
-0.100078
-0.048245
-0.173621
-0.353344
-0.501511
-0.440915
-0.620014
0.005330
-0.211471
-0.510715
-0.182097
-0.179745
-0.516832
-0.297132
0.374668
0.459137
-0.103695
-0.403199
0.088638
-0.642950
0.006178
0.076726
0.276157
0.052227
0.318066
-0.007576
-0.145438
1.340685
0.041913
0.389290
0.005842
0.580425
-0.505592
0.611431
0.386353
0.089837
0.150736
-0.306221
0.144102
-0.177275
-0.243791
0.077700
0.922248
-0.102756
0.216828
-0.482707
0.466294
-0.573915
0.110676
0.483875
-0.033423
0.012474
0.036701
-0.794499
0.535544
-0.535816
0.004827
0.444334
0.380552
0.655563
0.128384
0.263923
-0.493009
-0.250232
0.017545
-0.432881
-0.228359
0.235374
0.216748
0.469004
0.001554
0.191202
-0.175670
-0.131364
-0.112339
0.143883
0.710326
0.482097
-0.573207
0.016833
0.445549
-0.183293
-0.178819
0.046172
-0.877320
0.165644
0.106505
0.051140
0.067911
0.006176
-0.205694
-0.233481
-0.044910
-0.324062
0.053379
-0.002886
-0.155182
0.712134
-0.204118
0.260304
0.253543
-0.129601
-0.186732
0.518945
-0.267102
-0.195077
0.051128
0.260465
0.142752
-0.488857
0.264014
-0.438252
-0.248082
0.470049
-0.302909
0.396628
-0.151776
-0.017472
0.050917
-0.752982
0.836929
-0.400525
0.591517
-0.334581
0.557300
0.322264
-0.237772
-0.189248
-0.470696
-0.387339
0.229986
-0.067942
0.203163
-0.357448
0.314336
-0.214976
0.209094
0.092352
-0.028809
-0.523443
-0.037452
0.157942
0.240297
-0.512977
-0.617071
-0.152664
0.342643
-0.825466
0.464647
-0.118600
0.248085
0.410607
-0.131267
-0.449134
-0.098489
0.365802
0.216727
0.015217
0.483131
0.548666
-0.197815
-0.450891
0.104655
0.395747
0.464544
-0.070261
-0.623587
0.320370
-0.176122
0.469941
-0.252807
-0.525603
-0.202466
-0.796214
-0.255162
-0.333607
0.118069
-0.167040
0.004739
-0.109530
-0.033849
-0.263359
0.352657
0.352622
-0.110391
-0.328782
-0.074485
0.154664
-0.178806
-0.358813
-0.536779
-0.450900
0.486007
-0.597099
-0.198394
-0.384522
0.131055
-0.149374
0.020779
-0.494926
-0.732337
-0.226217
0.268944
0.099856
0.224501
-0.689470
-0.034897
-0.200369
0.304019
-0.323707
-0.910699
-0.055039
-0.130996
-0.188818
-0.295591
-0.050049
-0.320602
0.008298
0.341508
0.117713
-0.001077
-0.671668
0.002880
-0.181754
-0.020597
0.385353
-0.161704
-0.020528
0.256609
0.377817
-0.294432
-0.478618
-0.456506
-0.199138
0.290592
-0.544855
0.460940
0.024624
0.356173
-0.181948
-0.645066
0.984812
0.419440
-0.367193
0.119619
-0.233234
-0.370871
0.208642
0.263576
-0.054712
-1.566307
0.457390
0.098774
-0.407761
-0.150607
0.325791
0.530561
-0.257365
-0.209812
0.202927
-0.507594
-1.020141
-0.040624
-0.244461
0.097642
-0.131072
-0.300296
-0.279120
0.387737
-0.107385
-0.444856
-0.042539
-0.008047
-0.595442
0.126564
-0.252591
0.220930
-0.066872
0.029025
0.257974
0.150357
0.480820
-0.283237
-0.425944
-0.390000
0.093879
0.338017
-0.418084
0.395287
0.196103
-0.287040
-0.089938
-0.193373
0.144971
0.487560
-0.489382
-0.315580
0.293168
-0.350961
0.277256
-0.033634
-0.282072
0.241601
0.011757
0.230511
0.286449
0.110733
0.155563
-0.034564
-0.153162
0.061524
-0.395465
-0.018556
-0.439555
0.275264
-0.131844
-0.362351
-0.177747
-0.063187
0.599335
-0.497887
-0.094428
-0.207900
-0.062999
0.397032
-0.259744
-0.212498
0.108088
-0.150556
0.385769
0.007169
-0.044648
-0.345625
0.517894
0.615881
-0.350201
0.524838
-0.134223
-0.474330
0.002406
-0.352623
0.336759
0.140742
-0.163685
0.407433
0.331325
0.168225
-0.239285
0.016552
0.079168
-0.144419
-0.062094
-0.331347
-0.452083
0.085507
0.091984
-0.079068
-0.246175
-0.532671
-0.673852
0.357942
0.206594
-0.389148
0.092061
-0.258581
0.243821
0.195430
-0.100916
-0.658364
0.025310
-0.036308
0.338432
0.148621
-0.395428
0.518683
-0.637442
0.085351
0.331367
0.016018
-0.128778
0.053160
0.151360
0.157617
0.542604
-0.556310
0.062084
0.064681
-0.723624
0.286249
0.097418
0.179985
-0.398240
-0.233404
-0.145902
0.314430
-0.457731
0.148128
0.261101
-0.439529
-0.176228
0.202139
0.195406
0.355758
-0.067148
-0.055642
-0.108301
-0.336766
0.799425
-0.431090
-0.007527
0.432072
-0.069038
-0.496875
-0.694989
0.613835
-0.264389
0.181442
0.097604
-1.035586
-0.025223
0.515810
0.356451
-0.220623
-0.320133
0.260868
-0.243962
-0.098288
-0.248387
-0.490894
0.264603
-0.215041
-0.224702
-0.138083
0.331325
-0.080423
-0.163938
-0.408040
0.378590
0.313126
-0.204775
-0.239083
-0.123939
0.004874
-0.252212
0.071383
0.247424
-0.054175
-0.136757
0.045519
-0.433263
-0.203835
0.124025
0.017337
-0.205096
-0.387911
-0.057635
0.299100
-0.576413
0.515893
0.105898
0.386673
0.362984
0.160406
-0.013712
-0.249899
0.192398
0.374724
-0.749318
-0.174601
-0.635432
0.307025
0.174204
-0.567390
0.070252
-0.124526
-0.323344
0.037129
1.376605
0.366921
0.312948
0.519653
-0.159591
0.455987
0.627746
0.125615
-0.109049
0.148118
0.398866
0.475966
-0.427207
-0.113609
0.122985
-0.437236
-0.526115
-0.066332
0.763118
-0.124625
0.718623
-0.279988
-0.296051
-0.014941
-0.005174
0.157241
0.226021
-0.250894
-0.243447
0.452008
-0.358342
-0.333347
-0.779607
0.172603
-0.458710
0.006687
-0.373697
-0.120867
-0.835298
-0.095220
0.398402
0.343542
0.757603
-0.480025
0.365809
-0.540104
0.193074
-0.394636
-0.397544
0.067373
-0.206428
-0.348631
0.369536
0.163447
0.559725
-0.317309
-0.186491
0.175527
-0.723291
-0.083931
0.302102
-0.417269
-0.138015
0.017020
-0.040123
0.203407
0.128806
-0.244215
-0.513386
0.647158
-0.090976
0.321324
-0.219194
0.030978
-0.074488
0.401394
-0.042460
-0.409194
-0.395848
-0.651082
-0.213997
-0.674829
0.179524
0.087645
0.233233
-0.104912
-0.357534
0.055822
0.643247
-0.238161
-0.129913
0.030776
-0.195312
-0.268596
-0.231642
-0.604544
0.606545
0.109720
0.526253
-0.328193
0.318687
0.097892
0.436845
-0.295419
-0.147902
-0.277571
-0.733633
0.180457
0.186236
0.209779
0.074694
0.368867
0.199623
0.513771
-0.318637
-0.494712
0.194669
-0.129424
0.103558
-0.266190
-0.200112
0.027998
-0.095366
0.462698
0.058180
0.087351
-0.421388
0.055149
0.054729
-0.036660
-0.350668
0.012956
-0.181846
-0.142307
-0.697563
0.144436
-0.214234
0.385498
-0.391008
0.033998
-0.166144
-0.170981
-0.688179
0.390570
0.048036
-0.584184
-0.025463
0.505946
0.053341
0.257255
-0.048001
0.226713
0.168246
-0.048044
-0.087172
0.027728
0.366980
-0.350522
0.163607
-0.280482
-0.293437
0.120972
-0.676354
0.694917
0.326499
-0.578552
-0.065372
-0.771100
-0.652565
-0.235446
0.847368
0.131742
-0.092562
0.548876
0.142019
-0.031634
0.253642
-0.190616
0.432474
0.041072
0.081292
0.092185
-0.269205
0.327509
-0.349017
-0.269960
-0.106273
0.038647
-0.323870
-0.064255
0.447926
0.246486
0.476016
0.107146
-0.176357
0.056860
-0.682726
-0.230664
0.211953
0.333007
-0.101075
0.075233
0.081796
0.600476
0.110614
0.374837
0.607943
0.429146
0.101663
0.057156
-0.106428
-0.263660
-0.297723
0.068560
0.318359
-0.238375
0.074713
-0.736524
-0.052968
0.046901
-0.242835
0.733817
0.265562
-0.217798
0.170613
0.226717
-0.071305
0.164871
0.453878
0.301054
0.084262
-0.027459
-0.182902
-0.123639
0.191619
0.203052
-0.285191
-0.302028
-0.500448
-0.635199
0.023763
0.134122
-0.088070
-0.441824
0.626954
0.026399
-0.310577
-0.852447
0.518721
0.324063
0.051922
0.147943
-0.015953
-0.106433
-0.463151
0.394321
-0.255669
-0.336329
0.255397
0.837644
0.427998
0.352270
-0.144201
-0.226766
0.196490
-0.147128
-0.160679
-0.373675
0.132479
-0.349217
1.199685
-0.019015
-0.660513
0.002102
-0.266385
-0.082567
0.260751
-0.265270
0.610999
0.095573
-0.584014
0.298678
0.108215
-0.054935
-0.474895
-0.086350
-0.323225
0.117640
0.425820
0.144033
-0.027039
0.369874
0.204057
-0.119519
0.312586
-0.310550
0.125727
0.518594
-0.218641
0.166641
0.207383
-0.776023
-0.952219
0.490189
0.131271
0.215981
-0.565209
0.378800
0.476954
0.628050
-0.234111
0.744995
-0.461657
-0.231012
-0.190395
0.164471
-0.533847
-0.181112
-0.590097
-0.642005
0.056064
0.035691
-0.502054
-0.219973
0.147410
-0.258806
-0.541781
-0.486948
0.037620
-0.137953
0.069923
-0.259833
-0.352235
-0.184439
-0.679485
-0.557580
0.682806
-0.207338
-0.116887
0.976037
-0.435486
-0.232164
-0.016687
0.162536
0.408253
-0.088160
0.138798
-0.720342
0.146666
-0.053794
-0.315619
-0.113648
-0.158901
-0.045189
0.384371
-0.942780
-0.346832
-0.064825
0.533977
0.129690
0.204327
0.493945
-0.637563
0.378286
0.204043
-0.374801
-0.323234
-0.382570
0.291069
-0.136845
-0.419409
0.851935
-0.315322
0.140215
-0.409453
-0.203179
0.042762
-0.020006
0.011036
0.252320
-0.151079
-0.295080
-0.093240
0.001324
-0.035509
0.165501
0.513442
0.144485
-0.300677
-0.041359
-0.322934
0.217562
0.073326
0.062357
0.107015
0.085017
0.372736
0.687150
0.352913
-0.199708
-0.589960
-0.391842
0.423212
0.177356
0.086322
0.147165
-0.301796
0.540951
-0.587100
0.091199
0.183931
-0.804312
-0.101650
0.123961
0.093640
-0.108796
-0.372209
0.383384
0.406282
-1.311440
-0.671482
0.206046
0.339964
-0.124804
0.072351
-0.363175
-0.036075
-0.699069
-0.029306
0.028291
-0.610925
0.179491
-0.131622
0.264253
0.175562
-0.468833
-0.265815
0.061057
0.186081
0.219345
0.239082
0.284629
0.174147
-0.247464
-0.031428
0.236117
0.127603
-0.559931
0.619867
-0.225465
0.899801
-0.040520
0.387239
0.574311
-0.106958
-0.198348
0.484276
-0.245208
-0.117825
0.639376
0.014118
0.024386
-0.000743
-0.137546
-0.231273
-0.077058
0.018145
-0.475919
-0.261237
-0.337973
0.096656
-0.483358
0.235625
0.103570
-0.086086
-0.392738
0.498623
0.100363
0.075334
0.387529
-0.202882
-0.349062
-0.395195
-0.838517
-0.177683
0.056281
-0.329933
0.223591
-0.004008
-0.489709
-0.259946
-0.313166
-0.144548
0.234039
0.740039
-0.380101
0.054327
0.708800
0.218944
0.014885
0.014749
-1.154116
-0.203064
0.699123
0.173516
-0.568918
-0.032444
-0.006084
0.044727
0.093777
0.020573
0.189720
-0.194520
-0.313988
0.078288
-0.634723
-0.056656
-0.699270
-0.129281
-0.353084
-0.831915
0.123667
0.111615
-0.554385
-0.317971
0.218860
0.165998
0.181581
-0.134435
-0.245794
0.723602
-0.150711
-0.327955
0.289236
-0.002761
-0.178817
-0.111276
-0.039752
-0.232170
-0.169112
-0.420006
-0.120017
0.205330
0.215703
0.291170
0.209609
-0.343427
-0.167668
-0.094609
0.829850
0.105366
0.311094
0.109030
0.019024
-0.180712
-0.096112
0.085677
-0.315622
0.049090
0.402949
-0.292821
0.345586
0.329982
0.628520
0.542748
0.237291
-0.073370
-0.291612
-0.029363
-0.145441
0.534600
-0.230342
-0.337025
0.004923
-0.384957
-0.317642
-0.284293
0.989469
-0.077141
-0.031957
-0.541153
0.389937
-0.401988
-0.285452
0.388366
0.612210
0.223041
-0.016510
-0.478313
0.537975
-0.321553
-0.331037
0.090558
-0.015636
0.284925
-0.495888
0.079567
-0.198842
-0.024372
0.568406
0.396072
0.377313
0.040788
-0.257295
0.269102
-0.092436
0.234090
-0.325606
-0.628576
-0.429812
0.194115
-0.149803
-0.049489
-0.098409
