# 参数名称：invres1.conv.7.running_var
# 参数形状：(96,)
# 参数数据类型：float32
# 参数值（保留6位小数）：
7.156285
7.712927
6.368016
4.740360
8.724726
8.754800
6.785028
8.083200
6.421362
6.075622
5.409032
6.671066
5.911626
7.884361
5.229786
7.737801
6.264177
5.219967
6.686553
6.238510
6.716255
4.715029
5.354844
9.107735
7.439023
5.980802
5.304778
8.761726
5.627569
7.918995
6.181417
6.558239
5.961080
5.882560
7.161054
5.939035
6.612210
8.696329
6.557259
5.520512
6.309816
5.652179
7.924426
6.400183
7.579982
5.790445
10.148497
7.124233
6.133336
6.951195
6.001744
6.436698
7.609694
7.716508
6.710561
5.386364
6.262929
5.004882
6.035387
7.429985
6.347530
5.124125
6.565486
6.744706
5.218083
4.537422
6.671470
7.034817
6.469914
6.180879
5.061471
6.644320
5.892907
6.441092
6.787071
5.858781
9.397164
6.190551
7.145905
6.982048
4.319143
6.201734
6.086633
6.321870
5.727180
5.911179
5.292415
5.338404
9.146707
5.584871
5.391691
5.730354
7.517223
4.893499
6.187777
7.568044
