# 参数名称：invres1.conv.4.running_mean
# 参数形状：(1152,)
# 参数数据类型：float32
# 参数值（保留6位小数）：
0.010046
0.000228
0.023878
-0.005204
0.021147
0.029645
-0.004789
0.021369
-0.015196
-0.023158
-0.009606
0.001567
0.014914
0.021685
0.009583
-0.004079
-0.013301
0.011114
-0.021170
0.007706
0.000387
0.000866
0.003910
0.031152
0.008189
-0.001489
0.003518
0.025232
-0.000217
0.011007
0.005789
-0.003978
-0.001122
-0.019864
-0.003357
-0.011202
-0.007230
-0.017338
0.002458
-0.000278
0.023848
0.001344
-0.007010
0.005600
-0.000232
0.014142
-0.019885
0.012207
0.016959
-0.019096
0.020544
0.006205
-0.015784
-0.002145
0.013851
0.016052
-0.002814
-0.016977
0.001395
-0.001248
0.008866
-0.002054
0.030569
0.017587
-0.013006
0.023519
0.007192
-0.018094
-0.013914
0.014332
0.004672
-0.009256
0.008129
0.002193
0.003279
0.007681
-0.006015
-0.015185
0.003368
-0.007611
0.009896
-0.021016
-0.007324
0.011692
-0.009322
-0.003157
0.001198
0.002992
0.006223
-0.002126
-0.012800
-0.016152
0.013973
0.003125
-0.028351
0.014265
0.000166
-0.017438
-0.006795
0.011250
-0.012982
-0.031407
0.007660
0.000694
-0.011452
-0.016393
0.001223
0.005694
-0.003885
0.008071
0.021156
-0.016397
0.005377
-0.000834
0.006444
-0.008876
0.005337
-0.014831
-0.029085
0.002195
0.004157
0.015357
0.002660
0.023228
0.012634
-0.005541
0.019624
0.005670
0.012829
-0.003635
0.010851
0.021003
0.008532
-0.033624
-0.000228
0.009872
-0.001535
0.013242
-0.019427
-0.001756
-0.015297
0.016495
0.003617
0.002060
-0.025807
-0.012138
-0.019957
0.019610
-0.016136
-0.004564
0.014521
-0.015030
-0.009616
-0.004502
-0.015541
0.004282
0.007410
0.012033
-0.001936
0.004489
0.023737
0.000022
0.007094
-0.009176
-0.001922
0.006359
-0.005781
0.008343
0.026310
0.005951
0.000871
-0.020853
-0.005542
-0.000435
0.009641
-0.003746
-0.003029
-0.025759
0.017817
0.001054
0.013864
-0.005356
0.002936
0.009306
0.013116
0.021284
0.001846
0.023206
-0.023714
-0.006787
0.009620
0.004867
-0.014878
0.004029
-0.005564
-0.003816
-0.004095
0.001639
-0.024970
-0.003292
0.001637
0.006426
0.014806
-0.021374
0.014991
-0.001961
0.001585
0.007916
0.011869
0.009817
-0.010268
0.004505
0.010154
-0.004897
-0.006604
0.021202
0.000174
0.026114
0.007678
0.016124
0.016473
-0.026126
-0.015340
0.006821
0.009400
0.020772
0.020842
0.004182
0.012121
0.004095
-0.003823
0.002711
-0.012496
0.016931
-0.015172
-0.007107
-0.015675
0.013011
0.002551
0.012601
0.010407
-0.009048
0.011827
-0.016160
0.024423
0.005376
-0.033320
0.021331
-0.036457
-0.001197
0.002083
-0.011425
0.008521
0.013527
-0.011947
0.022647
0.001043
0.005937
0.013301
0.009564
0.011045
0.015762
-0.002122
-0.005960
0.018603
-0.017240
0.006241
-0.024875
0.006443
0.002967
-0.003686
-0.014176
0.016617
0.001577
0.005936
0.001645
0.026082
-0.009637
0.009907
0.000089
0.000728
-0.000845
-0.012574
-0.006100
-0.026630
0.004840
0.005363
-0.005452
0.006570
0.009317
0.005449
0.002454
0.003270
0.009449
-0.004918
-0.015430
0.011461
0.002908
-0.008866
-0.006656
0.012743
0.000255
-0.006774
-0.009657
0.006071
-0.025625
0.009111
-0.003001
0.002778
-0.011371
0.008527
-0.001103
-0.001023
0.012968
0.008117
0.008736
0.017183
-0.015067
0.010660
0.001909
-0.017405
-0.009033
-0.020391
0.002185
-0.005472
0.012992
0.010769
0.020802
-0.002067
0.011599
-0.004347
-0.000413
0.029335
0.008512
0.014460
-0.009815
0.015785
0.017472
0.000205
0.016369
-0.011436
0.007658
0.008820
-0.015925
0.001201
0.002764
0.018075
0.009118
0.004429
0.004478
0.005603
0.000808
-0.014192
0.015912
-0.027302
-0.001216
-0.013456
0.000273
0.011277
0.002020
-0.020362
-0.027925
-0.017995
0.011356
0.021163
0.009242
-0.006952
0.016694
0.004696
0.004062
-0.015044
0.000933
0.002594
0.018326
-0.017412
0.017967
0.013964
0.010084
-0.020751
0.000613
0.017433
0.018812
0.004054
-0.004123
-0.006072
0.008472
0.016324
0.004336
0.012745
0.006258
0.008280
-0.021754
0.003426
0.016540
-0.012481
0.000770
-0.025717
-0.028717
0.005744
-0.001124
0.005630
0.002199
0.013650
0.013043
-0.001794
0.001379
0.000723
0.006043
0.010772
-0.001747
-0.017175
0.004553
-0.003620
0.021034
0.020143
0.011800
0.004740
0.004363
-0.018785
0.006951
0.005140
-0.003298
-0.011442
0.011879
0.033224
0.020189
-0.017511
0.014823
0.013537
0.005562
0.015454
0.014851
0.005690
0.000466
0.022119
0.006850
0.010138
0.000342
0.008792
-0.009356
0.001868
-0.002746
-0.012538
-0.021255
0.011699
0.022285
-0.000899
0.000987
0.006114
-0.023539
-0.019028
-0.009689
-0.024752
-0.004986
0.016307
0.003188
0.018477
0.020757
0.010925
0.000115
0.000541
0.008340
-0.003587
0.024727
0.000304
0.001712
0.021128
0.013148
0.000872
-0.000812
-0.010947
0.006172
0.010404
0.005135
-0.009681
-0.014315
0.004415
0.007550
-0.001765
-0.001959
0.001612
-0.007412
0.008254
-0.006223
0.005693
0.015355
-0.008868
0.020425
0.005502
-0.000925
-0.014399
0.005976
-0.028683
0.001259
-0.001176
-0.006340
0.010654
0.003360
0.004822
0.028711
0.006081
0.005082
0.007503
-0.007497
0.006801
-0.016490
0.012035
0.001574
-0.001803
-0.011463
-0.012392
-0.027037
-0.001832
-0.011966
-0.000770
0.007389
-0.005660
0.004277
0.000540
-0.019905
0.007209
-0.001782
0.004919
-0.002636
-0.018203
-0.002855
0.011758
0.019755
0.015413
-0.010527
0.011978
0.009541
-0.011936
0.007033
0.003003
-0.008300
-0.000695
0.020673
-0.007629
-0.009948
-0.005586
-0.001458
0.015261
-0.003506
0.017970
0.008679
0.011712
0.003366
-0.008009
-0.006345
-0.006200
0.010848
-0.007692
0.013383
-0.006082
0.012861
0.013292
0.017710
0.005987
-0.000134
0.003233
0.002896
-0.005914
0.012062
0.002922
0.016739
-0.017486
-0.015551
0.007410
0.013449
-0.010387
0.007178
-0.001996
0.007351
0.002951
0.012211
0.005956
0.023871
0.025551
0.006496
-0.005224
-0.009125
-0.008061
-0.002763
-0.016845
0.021668
-0.008491
0.025326
0.004546
-0.002006
-0.010312
-0.010431
-0.006679
0.017922
-0.000338
0.021325
0.007470
-0.022548
-0.009873
-0.000824
0.012275
0.004185
-0.004249
0.009997
-0.004205
-0.018922
0.003463
0.015928
0.002477
0.023166
0.001241
-0.025483
0.012288
0.016541
-0.007351
-0.006690
-0.015878
0.007120
0.019223
0.007495
0.022049
0.014412
-0.003364
0.002001
-0.014454
0.012124
0.004151
0.004783
-0.012397
0.003645
-0.000162
-0.012724
-0.004239
0.000977
0.005299
0.001236
0.003102
0.010969
0.006519
0.013929
-0.002251
0.009114
0.006541
0.009672
0.032971
-0.002643
0.001731
0.002858
-0.004852
-0.020659
-0.004796
0.012170
0.005496
0.001083
-0.002859
0.002901
-0.000506
0.008461
0.022734
0.001023
-0.015679
-0.002281
0.015549
-0.006700
0.005611
0.007915
0.004077
-0.009844
0.001899
0.009892
0.001403
-0.021968
0.011717
0.019942
0.010559
0.012301
0.004091
0.013743
0.020126
-0.003839
0.000819
0.008272
0.008598
0.028476
0.007584
-0.009086
-0.009489
0.001204
0.001811
-0.024521
0.012239
-0.000654
0.016968
-0.016345
0.005579
-0.010458
0.015383
0.003087
0.020860
0.003993
-0.011062
-0.030901
0.000419
0.003210
-0.017136
-0.009756
0.025993
0.028582
-0.006936
0.004921
-0.004899
0.020853
-0.021631
0.019028
-0.002658
-0.009267
0.019554
0.010584
0.002445
0.005390
-0.026528
0.027079
0.006983
0.006286
-0.018475
-0.006254
0.006618
-0.032633
0.006411
0.002171
0.003092
-0.000561
-0.000761
-0.016847
-0.020183
0.011823
0.013789
0.006381
0.005113
0.002664
0.014511
0.005516
0.001316
-0.018896
0.007214
-0.008825
0.008307
0.006391
0.008027
0.001724
0.002078
0.001723
-0.004566
-0.003363
-0.000319
0.010330
0.011211
0.005428
-0.003682
-0.017480
-0.012136
-0.007280
-0.021383
0.000603
0.006153
-0.029030
0.002244
0.007731
0.015540
0.003457
-0.004384
-0.023153
0.008058
0.003248
0.010968
0.004861
0.000208
0.018841
0.004796
0.012110
0.003766
0.006948
0.011913
-0.022209
0.011553
0.017437
0.016323
0.018148
0.009899
0.005673
0.004062
-0.005444
0.010130
0.001981
0.011036
0.012616
0.001872
-0.008713
0.012860
-0.007278
0.003262
0.015229
-0.013238
0.002589
0.020493
0.005817
-0.003887
-0.025040
-0.000609
0.017894
0.006011
0.007263
-0.010667
0.006708
-0.013577
-0.001184
0.000195
-0.012071
0.005512
-0.000929
0.013010
0.009247
-0.000413
-0.028961
0.007813
0.018112
-0.016857
0.000792
-0.021287
0.002449
-0.005452
0.005437
-0.019356
-0.019368
-0.015911
0.012911
-0.007575
0.007777
-0.006516
-0.016024
-0.016829
0.007194
0.005092
0.012950
-0.010006
-0.011702
0.003348
-0.011620
-0.000439
0.004143
-0.009565
-0.003579
0.025625
0.001964
0.016093
-0.024243
-0.015089
-0.006577
0.003883
-0.026530
-0.001857
0.012854
0.006577
0.013422
-0.026360
-0.001311
-0.013512
0.018618
0.005144
0.002057
0.005344
0.000170
-0.008959
0.003991
-0.014189
-0.027024
0.015714
-0.002774
-0.007580
0.002066
0.006682
-0.000220
0.001051
-0.001627
0.028631
-0.006837
0.016647
0.010397
0.001831
-0.004312
-0.003522
0.002321
0.022196
0.010358
-0.015974
0.006711
0.002535
0.016033
0.017962
-0.017634
0.001248
-0.009028
-0.007124
0.016669
-0.036176
0.005919
0.018157
-0.008506
-0.005906
-0.031445
-0.001379
-0.026148
0.011072
-0.003022
0.023970
-0.001755
0.003117
-0.003943
-0.001386
0.003607
0.017773
-0.013862
0.000481
-0.004198
-0.007637
0.013660
0.033247
0.003601
0.004284
0.018878
0.016439
-0.003369
0.006945
-0.005416
-0.017987
0.004804
0.014924
-0.018155
-0.007001
0.015652
-0.021649
-0.007797
0.018414
-0.014215
0.007624
-0.014277
-0.001001
0.007274
0.020859
0.001771
0.022191
-0.010162
0.019233
0.000067
0.026107
0.014862
-0.013983
0.013297
0.009984
-0.013778
0.006363
0.011427
-0.001860
0.010804
-0.024913
0.019822
-0.003607
0.024307
0.003735
0.023697
0.008297
0.001777
0.010774
0.002672
0.016992
-0.000996
0.001298
0.016835
-0.004542
-0.005234
0.015455
-0.020622
0.003552
0.004959
-0.001889
0.009110
0.001253
-0.010647
0.019298
-0.020378
-0.003502
-0.014081
0.010938
0.002509
0.020576
-0.023951
-0.006906
-0.005461
0.002511
-0.015374
0.016025
0.000777
0.002621
0.023463
0.014878
0.019831
0.004856
0.004521
0.002975
0.002058
0.011655
0.015169
0.001454
0.018021
-0.004523
0.000729
0.010248
0.021490
0.016337
-0.008273
-0.023527
-0.008249
0.017177
-0.002620
-0.019759
0.000288
-0.020866
0.019073
0.004912
0.008238
-0.004885
0.009552
0.003308
0.020449
0.015821
0.010240
0.003982
-0.003141
0.006709
0.007224
0.011107
-0.005911
0.011050
-0.008090
0.013320
0.007654
-0.020346
0.017185
0.008552
0.000156
-0.014543
0.024439
-0.001480
0.006875
-0.016179
-0.019820
-0.008417
-0.004857
0.002636
0.026144
0.009182
-0.020272
0.011777
0.013931
0.002033
-0.002584
-0.004230
0.008495
-0.005706
0.005394
-0.009136
0.011998
-0.001920
0.015526
0.010181
-0.020086
-0.005899
0.023299
-0.013791
-0.003299
-0.009325
0.001797
0.010929
-0.013726
-0.024826
-0.006532
-0.022330
-0.003231
0.005465
0.014737
-0.008603
0.010739
0.014999
0.008210
0.025112
-0.014230
0.002108
-0.008768
0.014288
0.000106
-0.013597
-0.004306
0.010057
0.016114
-0.001858
-0.000485
-0.012555
-0.020841
-0.015611
-0.028892
0.010001
0.002873
-0.018696
-0.013131
-0.009124
0.006451
0.000193
0.004053
-0.021316
0.000584
-0.041301
-0.001941
0.021644
0.000834
-0.014671
0.018841
0.008203
0.006892
0.008097
0.006559
-0.009415
0.017548
-0.014482
0.013720
-0.002805
0.011091
0.011422
0.000234
0.006534
-0.003871
0.002101
0.006946
-0.039646
-0.011858
-0.014750
0.006002
0.000626
-0.006430
-0.000871
0.001249
0.004514
-0.021296
