# 参数名称：invres3.conv.4.running_mean
# 参数形状：(288,)
# 参数数据类型：float32
# 参数值（保留6位小数）：
-0.070837
0.009543
0.048623
0.009676
0.008450
0.042012
0.011904
0.010286
-0.050321
0.021159
0.012719
-0.008162
0.000658
0.062815
0.006757
-0.010560
-0.020824
0.017485
-0.032599
0.004347
0.030478
0.030659
0.008889
0.014654
-0.026839
0.018964
-0.002162
0.005065
-0.015043
0.013425
0.060638
0.027088
-0.051550
0.019321
-0.007176
0.048993
-0.036221
0.011930
0.035105
0.024722
0.005931
0.028115
-0.051208
0.009779
0.013667
-0.058196
0.015357
0.001840
0.103197
-0.063712
0.021222
0.011026
-0.005174
0.014874
0.002787
0.003748
-0.000287
-0.026282
0.042561
0.023129
-0.037880
0.008589
0.040519
0.011794
0.009222
-0.028395
-0.053316
0.016487
0.032803
0.013788
-0.016563
0.000230
0.012240
0.069801
0.038057
0.040917
-0.055681
0.037578
-0.055586
0.041761
-0.004727
0.004118
-0.010873
0.009086
0.015686
0.050009
0.033805
0.015387
0.015048
0.056791
0.009795
-0.064314
0.011973
-0.041721
-0.040588
-0.045649
0.008862
-0.022427
-0.025439
0.045597
0.000059
-0.053643
0.018210
0.011559
0.012682
0.042849
-0.011402
-0.017987
0.012367
0.002356
0.008877
0.007039
0.031530
0.004904
0.016475
-0.035287
-0.041717
0.014861
-0.030153
0.036689
0.012713
0.005871
-0.002276
-0.010456
0.002574
0.020527
-0.011284
0.027037
0.006313
0.010999
0.009801
0.002330
0.007584
0.007811
-0.065677
0.043116
-0.024597
0.007429
0.006794
0.006267
0.043356
0.003419
0.031620
0.028225
0.024816
0.001400
0.028423
0.009013
0.012883
0.034408
0.001372
-0.042701
0.005254
-0.056792
-0.006595
0.006916
0.011132
0.033148
0.020313
0.033778
0.011243
-0.041970
0.003769
-0.001404
0.015135
-0.027262
0.025237
0.013443
0.028131
0.034600
-0.052682
0.031657
-0.043592
-0.023931
0.003848
-0.021753
0.000316
0.002062
0.034214
-0.046872
0.006955
0.045566
0.005683
0.013578
-0.050400
0.008493
0.003406
-0.000357
-0.031355
-0.054291
0.030589
0.040305
0.022533
-0.061575
0.004949
0.042723
-0.037686
0.049042
0.015257
0.018022
0.067090
0.011068
0.087060
-0.053872
0.009654
-0.003558
-0.004132
0.011490
0.001742
0.018618
0.003146
-0.058183
-0.028958
0.000118
-0.001173
-0.005612
0.010899
-0.000062
-0.089966
0.016822
0.052205
0.017819
0.017971
0.000204
0.046802
0.008710
0.014747
0.019776
0.001396
0.002473
-0.019886
0.004939
0.030495
0.024539
0.077829
0.000483
0.010392
-0.011990
0.013522
0.028710
0.009475
0.025763
-0.007592
-0.025686
0.010371
0.004723
0.009457
-0.037456
0.013624
0.023581
0.004339
0.000196
0.024683
0.016301
0.023678
0.022908
0.019589
-0.031135
0.029129
0.017617
-0.062093
0.058468
-0.029581
-0.045175
0.050627
0.009228
0.027164
0.008608
0.017898
0.076456
0.012440
0.035536
-0.042253
0.028665
-0.044172
-0.040437
-0.025252
0.033330
-0.009539
-0.053632
-0.007894
0.026443
0.090333
-0.000604
0.006852
0.031057
0.019353
-0.020657
