# 参数名称：invres4.conv.3.weight
# 参数形状：(192, 1, 3, 3)
# 参数数据类型：float32
# 参数值（保留6位小数）：
-0.010514 0.003828 -0.008361
-0.003806 0.096686 -0.023226
-0.003066 -0.024252 -0.007526
0.015050 -0.029564 -0.009528
0.025842 -0.062806 0.016512
0.031453 -0.045719 -0.007423
-0.056827 -0.075910 -0.021070
-0.080722 -0.017077 -0.002394
0.023336 -0.020362 0.021585
0.040663 0.010337 -0.037468
-0.062286 0.007060 -0.069065
-0.059316 -0.003653 -0.064491
-0.033449 -0.008296 0.007888
-0.020505 -0.023190 0.031310
-0.043045 -0.012553 -0.004211
-0.004152 0.000319 -0.009378
-0.005113 0.088254 -0.019461
-0.006246 -0.012290 -0.010567
0.002671 0.003825 -0.015205
-0.061265 0.008967 -0.001571
-0.002206 0.006009 -0.008636
-0.063462 -0.012638 -0.061605
-0.001553 -0.064596 -0.054482
-0.022252 0.029999 -0.032794
0.022225 -0.018784 0.010783
-0.061341 -0.027247 -0.036659
-0.043510 -0.037630 0.001120
0.029061 0.027771 0.022174
-0.027170 0.051468 0.009155
0.011224 -0.028014 -0.009293
-0.006703 -0.022053 0.000879
-0.045185 -0.014503 -0.043328
-0.020469 -0.001412 -0.009239
0.005412 -0.009526 0.017975
-0.005649 -0.010928 -0.069976
0.004082 -0.028797 0.009430
-0.027253 -0.038652 0.030284
-0.032152 0.020297 -0.010067
-0.075803 -0.013621 0.011979
-0.067199 0.058412 -0.045638
0.036291 -0.040063 -0.002804
-0.053253 0.000489 0.004577
0.025495 0.001253 0.013969
0.015450 0.056566 -0.024672
-0.012078 -0.013782 -0.003414
0.014862 -0.024523 -0.069065
-0.034795 -0.028945 0.009347
-0.047326 -0.039486 0.009404
-0.015012 0.003464 -0.021894
-0.052375 0.025632 -0.011636
-0.074720 -0.025594 -0.015330
-0.015989 -0.019794 0.018911
0.051716 -0.029275 -0.024040
-0.000491 0.024724 -0.044910
-0.026250 0.024805 -0.029405
-0.041262 -0.023504 -0.016094
-0.031689 -0.006740 0.012146
-0.001967 0.005138 -0.042906
-0.048072 -0.009013 -0.056563
-0.032832 -0.071338 0.006281
-0.028438 -0.051788 0.015072
-0.066229 -0.070268 -0.036307
-0.006404 -0.017570 0.013096
-0.002669 -0.005995 0.024247
0.024349 -0.003726 0.076218
0.017978 0.030342 0.061662
-0.011902 -0.068862 -0.047406
-0.031787 -0.072315 0.017076
-0.036272 -0.053165 -0.012363
-0.001606 -0.040919 0.011987
0.023816 -0.044524 0.013454
-0.045631 -0.013291 0.020589
0.006804 0.002234 0.004083
-0.017432 -0.005300 -0.001800
-0.036674 -0.023595 -0.043049
-0.003956 0.038989 -0.002800
-0.053932 0.015712 0.045242
0.003333 0.038060 0.013248
-0.015970 -0.010614 -0.008218
0.073252 0.005109 0.004389
-0.004047 -0.009004 -0.015006
0.003079 0.078283 0.026973
0.001090 0.067698 -0.011121
0.030184 -0.002252 0.024072
0.027361 0.004582 0.027413
-0.033826 -0.034367 -0.040917
0.010280 0.015127 -0.063818
0.030380 0.043068 0.041288
-0.013839 0.019264 0.062104
0.019376 0.044333 -0.006806
0.028308 0.023685 0.037416
0.035147 0.047442 0.032372
-0.048324 0.015696 -0.027872
-0.011161 0.044281 0.016426
0.010928 -0.015130 0.086559
0.004590 0.034695 0.050832
-0.006762 -0.003772 -0.077133
-0.006567 0.021901 0.008618
-0.004708 -0.071743 -0.022120
-0.028854 -0.030899 -0.048512
0.018541 -0.052481 -0.004309
-0.042358 -0.058953 0.009472
0.019395 0.083334 -0.026030
0.021859 0.024347 -0.011221
-0.031497 0.050778 -0.020150
-0.030911 -0.003314 0.011871
-0.029468 -0.052308 -0.041874
-0.005208 0.036687 0.019485
0.002069 0.024426 0.000696
0.028546 0.047342 0.013921
-0.065697 -0.002205 0.007080
0.051884 0.069022 0.023882
-0.019506 -0.046164 -0.088486
-0.003306 0.065394 0.006182
-0.068129 -0.043268 -0.005150
-0.013486 -0.014349 -0.051252
-0.023525 -0.015640 -0.038951
-0.009572 -0.013625 -0.012884
0.113805 0.028915 -0.015475
-0.009596 -0.013879 -0.022546
-0.087144 -0.020508 0.001709
0.020267 0.022714 0.007976
-0.020238 -0.080055 -0.006145
-0.041994 0.003691 0.015323
-0.039318 0.020355 0.026532
-0.012199 -0.026704 0.017610
-0.014083 0.000150 -0.023759
0.025900 0.105095 -0.023342
-0.015267 -0.010681 -0.027953
-0.032440 0.033518 0.012184
0.007888 0.073944 -0.013092
-0.026583 -0.015707 -0.013440
0.013632 -0.068455 0.030703
0.005342 -0.088748 -0.041847
0.035799 -0.017304 0.012953
0.018990 -0.021351 -0.000280
0.015882 -0.046011 -0.037164
0.013508 0.000095 -0.013314
-0.075521 -0.055246 0.048995
-0.034649 -0.046297 -0.000904
-0.025998 0.004671 -0.021259
-0.023356 -0.014105 0.001388
0.073968 0.014265 -0.010458
0.001474 -0.012290 -0.009423
-0.041554 -0.052101 0.037454
0.004319 -0.010289 -0.024358
-0.035828 -0.003114 -0.034208
0.039862 0.053147 0.006020
-0.000269 0.049667 0.063446
0.010092 0.037790 0.012500
0.010081 0.069858 -0.003539
-0.013078 0.008461 0.005749
0.003093 0.004378 -0.014542
0.021892 0.015254 -0.010583
0.045760 0.030241 -0.072210
-0.037122 0.057047 -0.059278
0.010398 0.013552 -0.069251
-0.003206 -0.047899 0.002135
-0.019826 -0.030990 -0.064213
-0.026460 -0.041243 0.029764
-0.016340 -0.062898 0.004011
0.014493 -0.031722 0.011302
0.007697 -0.037100 -0.041263
0.000294 -0.026748 -0.083482
0.005638 0.007187 0.006142
0.021467 -0.002048 0.001882
0.021775 -0.008470 -0.015125
-0.033303 -0.072392 -0.001616
-0.011354 -0.022209 0.028572
-0.023613 -0.055373 0.000415
-0.023162 0.020691 0.032103
-0.006220 -0.002779 -0.010107
0.006653 0.062554 -0.019247
0.001145 -0.014203 -0.008229
-0.014054 -0.032349 0.003879
-0.022896 0.040923 0.037074
0.027576 -0.081126 -0.042320
0.020100 0.001886 -0.003357
-0.049345 -0.000500 -0.016715
0.005284 -0.048226 -0.010572
-0.025694 0.012551 -0.016512
-0.003344 0.006928 -0.018290
-0.076248 -0.011915 -0.041259
-0.059031 0.010788 -0.016062
-0.035667 -0.038086 0.003799
-0.043086 -0.028384 0.039296
-0.034771 -0.035354 -0.042228
0.008033 -0.026919 0.007264
0.011076 0.013404 -0.051267
0.004692 0.024301 -0.038558
0.049822 0.048093 0.007599
0.018981 0.062010 0.029044
-0.017463 0.003562 -0.000372
-0.110174 0.004841 0.036499
-0.006238 0.037852 -0.044407
-0.019610 -0.018931 0.031310
-0.025653 0.013134 -0.020839
-0.097330 -0.035670 -0.036220
0.002284 -0.066149 -0.000579
-0.057754 -0.038873 -0.002071
0.007360 -0.016968 -0.025312
0.032836 0.011273 -0.009375
0.016370 -0.046261 0.026360
0.008816 -0.058575 -0.038706
-0.014502 0.005412 -0.020703
0.016199 0.068084 -0.016535
-0.015651 0.005494 -0.022426
-0.010683 -0.028432 0.001808
-0.023690 -0.016128 -0.010299
-0.006044 -0.061536 0.011276
0.016090 0.010409 0.018368
0.009350 -0.010876 -0.000527
-0.047191 -0.050688 -0.001615
0.032081 -0.070919 0.000655
0.022814 -0.105116 -0.008781
0.044589 0.040812 -0.040660
0.010885 -0.033737 0.012605
0.091195 0.028423 0.001509
0.026502 -0.050430 -0.007816
-0.016613 0.011989 -0.008774
0.019524 -0.016193 -0.077666
0.010354 0.016375 -0.011632
-0.011949 -0.001709 -0.055133
0.009155 -0.012151 -0.027362
-0.100666 0.040990 -0.025800
-0.016388 0.067318 0.000051
0.008420 0.022309 0.034713
-0.021261 -0.008009 -0.031013
0.001236 0.004437 -0.003344
-0.034881 -0.079629 -0.004437
0.003583 -0.001388 -0.002534
-0.022834 -0.041964 -0.052623
-0.002853 0.021709 -0.023655
0.003237 -0.013447 -0.033260
0.016540 -0.023155 -0.006429
0.026429 -0.052410 -0.001923
-0.000471 0.033807 -0.071844
-0.056055 -0.050487 -0.000003
-0.015177 0.021007 0.013161
0.028712 0.025379 0.023249
-0.003696 0.012128 0.009237
-0.083976 -0.017010 0.006407
-0.013286 -0.010764 -0.038468
-0.022224 0.009092 -0.003561
-0.041763 0.009297 0.014534
-0.034900 0.002206 0.012657
-0.020991 -0.004479 -0.021504
0.001678 0.037866 0.017203
-0.015989 0.015977 -0.002909
-0.025869 0.004823 -0.024930
-0.011103 0.058614 0.024190
-0.035651 0.039530 0.039927
-0.035127 0.003366 -0.007190
-0.085125 -0.007747 -0.017266
-0.005351 0.009189 0.003503
-0.004887 0.036844 0.067803
0.004639 0.002106 -0.027077
-0.001016 -0.005073 -0.002240
-0.010301 -0.032040 -0.001657
-0.008595 -0.063570 -0.005954
-0.002871 -0.011205 -0.004199
0.006272 -0.009017 -0.000666
-0.071229 0.073124 -0.019491
-0.000705 -0.030536 0.020201
0.011662 -0.021376 -0.002603
0.043548 0.039055 -0.013729
-0.010544 -0.002168 -0.016822
-0.006518 -0.055981 0.011723
0.048464 -0.029579 0.014704
-0.036224 -0.019165 0.010538
-0.022945 -0.077289 -0.010256
-0.027482 -0.011658 0.008622
0.005440 0.003283 0.009400
0.039728 0.026635 0.004375
-0.021862 0.059523 -0.028006
0.006960 -0.016475 0.020413
-0.089771 -0.083233 -0.047959
0.031928 -0.075145 0.001255
-0.071159 0.015488 -0.014521
0.054649 -0.035103 0.040073
-0.104625 -0.045588 -0.026159
-0.011740 -0.056950 -0.053335
0.028949 0.054205 0.026801
-0.019931 0.013955 0.009733
0.019289 -0.000344 0.005666
-0.007495 -0.001697 0.004073
-0.018607 0.117031 -0.023490
-0.011239 -0.020518 -0.009597
-0.004000 -0.017315 0.001195
-0.020145 0.086079 -0.001021
-0.005554 -0.013202 -0.009283
0.017547 0.012617 0.032702
0.061267 0.045898 0.021872
0.031694 0.040056 -0.042321
0.016315 0.021383 0.026524
0.012457 0.030127 0.016983
-0.026508 0.011257 -0.021495
-0.027745 0.019976 0.016699
0.004748 0.023222 0.061964
0.009053 -0.027123 -0.020900
-0.010245 -0.009418 -0.000784
0.064631 0.018592 -0.015295
-0.011739 -0.007358 -0.006356
-0.019492 -0.010831 0.052101
-0.028046 -0.009216 -0.040626
-0.052550 -0.125657 0.040733
-0.005539 0.039376 0.021570
-0.003905 0.027084 -0.007824
0.003484 -0.008476 -0.002324
-0.023588 0.045288 -0.054439
0.024074 -0.065709 0.019068
0.015393 -0.002783 -0.030083
0.001698 -0.048109 -0.013710
0.001013 -0.017511 0.002608
0.001311 -0.037846 -0.060349
-0.014424 0.026217 0.025971
0.006135 -0.008190 0.015471
0.005134 0.022260 0.058871
-0.037061 0.048506 0.025675
-0.015839 0.053330 0.050023
-0.021174 0.028344 0.022966
0.013380 0.009849 -0.048591
0.020019 0.043344 0.011046
0.005387 -0.012898 -0.045046
-0.049450 -0.045382 -0.007720
0.013866 -0.057450 -0.012636
-0.066224 0.054169 0.054963
0.034821 -0.042179 -0.008788
-0.017028 -0.063480 -0.029855
0.003884 -0.006267 0.032974
-0.051186 0.006672 -0.057538
-0.055422 -0.015490 0.024735
0.001748 0.078477 -0.013523
-0.006456 0.076310 -0.082516
0.034119 -0.026260 0.058941
0.013488 -0.009227 -0.061875
0.026046 -0.058793 -0.029398
-0.021105 0.000945 -0.049853
0.004104 -0.033734 -0.015236
-0.007517 0.018599 -0.014629
0.005008 0.037938 0.019838
-0.014923 0.011841 -0.028728
-0.015577 0.026440 0.034285
-0.111122 -0.010801 -0.005117
0.014601 -0.042608 -0.038115
0.031394 -0.036237 0.003070
-0.016218 -0.041840 -0.049582
0.007638 -0.044846 0.019596
-0.003803 0.007016 0.011106
-0.001563 -0.062933 -0.002701
-0.004026 -0.006488 0.029017
0.033836 0.015655 0.023602
0.032742 0.015826 0.025675
-0.003222 0.031509 0.031932
0.010081 -0.007896 0.001337
-0.008622 0.084088 0.010867
-0.006599 -0.002106 -0.037112
-0.022206 0.003757 -0.018857
0.071915 0.027000 -0.024748
-0.010012 -0.000600 0.007265
-0.097062 0.007453 -0.057652
0.057110 0.043793 -0.011771
-0.021225 0.007905 -0.023817
-0.022510 -0.093390 -0.014611
-0.005576 -0.009701 -0.062934
0.005528 0.032450 0.056265
0.012251 0.007481 0.006934
-0.010125 -0.070891 0.002259
0.026375 -0.009533 0.020768
0.008516 0.053475 0.013569
0.038851 -0.058459 0.019703
-0.032986 0.018336 -0.011784
0.046858 0.019325 0.002312
-0.001130 0.003582 -0.019216
0.028118 0.029164 0.026053
-0.016108 -0.007044 0.005897
-0.118579 0.011444 0.002321
0.013925 -0.022695 0.017276
-0.034884 -0.052743 -0.039562
-0.002459 -0.031844 0.024375
-0.097779 0.000221 -0.029365
-0.062914 -0.020405 -0.056794
-0.031539 -0.032266 0.039110
-0.034528 0.033052 -0.017436
0.005119 -0.059781 -0.002176
-0.017530 -0.048023 -0.021953
-0.027004 -0.008054 -0.026400
-0.048222 0.049933 0.060939
-0.032824 0.021508 0.081423
0.041383 -0.008473 0.026336
-0.017765 -0.023804 -0.023178
0.125504 0.030876 -0.001737
0.002734 -0.022739 -0.022279
0.008849 0.065744 -0.013094
-0.018701 0.049762 0.027214
0.010267 0.027647 -0.010885
-0.075275 -0.013695 -0.045143
-0.039212 -0.004108 -0.036976
-0.011558 0.031221 -0.049174
0.009152 -0.004758 -0.058994
0.032530 -0.051061 -0.075369
0.017446 -0.026439 -0.016025
-0.015108 -0.034248 0.006631
-0.017461 -0.012291 -0.002240
0.032140 -0.069354 -0.072660
0.007570 0.003109 0.013176
0.024298 0.077241 0.026397
-0.043070 0.001953 -0.044814
-0.010516 -0.007806 -0.004568
0.086419 0.006449 -0.003158
-0.013482 -0.003302 -0.013436
-0.011023 0.033960 -0.074546
-0.022870 -0.004747 -0.054897
0.086363 0.020672 -0.050718
-0.037477 0.030428 -0.017722
0.004090 0.055235 -0.005516
0.002943 0.049203 0.007683
-0.034996 -0.015244 -0.011872
-0.036870 -0.013735 0.005453
-0.020700 0.005111 0.017411
0.025514 -0.070947 0.012312
0.025461 -0.052522 -0.017164
0.040112 -0.050621 0.002680
-0.027309 0.039320 0.035781
0.021749 -0.011637 0.006685
-0.001093 -0.038918 -0.056829
-0.010260 -0.031312 -0.044637
-0.019176 -0.049850 -0.017757
0.007591 -0.007031 -0.006888
-0.049201 -0.008680 -0.040618
-0.035973 0.019793 0.009177
-0.026006 -0.037155 -0.019284
0.060415 0.048493 -0.006173
0.020818 0.030376 -0.010926
-0.002026 -0.015811 0.020352
-0.015943 0.043965 -0.011352
-0.014023 0.049806 0.020918
-0.000143 -0.008411 0.047714
-0.015675 -0.008140 -0.026658
-0.075802 -0.041573 -0.080380
0.011335 0.003149 0.007153
-0.003129 0.013736 -0.020711
-0.000741 0.097732 -0.002876
-0.006325 -0.015130 -0.029665
0.006148 -0.013174 0.008023
-0.024934 -0.013250 -0.039449
-0.003301 -0.034536 0.003602
0.033271 0.032480 0.041168
0.030288 -0.001446 -0.028984
0.007940 -0.027751 0.029874
0.022664 0.037741 0.032078
0.005432 0.022140 0.000901
-0.003855 -0.019177 -0.015526
0.028850 0.012595 0.011522
-0.047325 0.064539 -0.038652
-0.035583 0.024672 0.008183
0.020519 -0.076637 0.009162
-0.040532 -0.029905 0.026850
0.035908 -0.000711 0.046097
-0.010192 -0.011663 -0.000883
0.037389 0.007570 -0.017346
0.029500 0.023042 -0.029202
-0.020837 -0.060370 -0.102209
0.017587 -0.059772 -0.022534
0.006419 -0.056463 0.085402
-0.005768 0.021300 0.004169
-0.001691 0.019133 0.028448
-0.007623 0.011861 0.029667
-0.000121 -0.093444 0.008157
0.061324 -0.038368 0.014387
-0.002540 -0.039983 -0.018617
0.004235 -0.007383 0.034139
0.022505 0.034776 0.043342
0.004967 0.004703 0.028608
-0.020232 0.007432 -0.021324
0.126323 -0.012356 0.000486
-0.035463 0.016049 -0.025872
-0.007694 0.085798 0.028098
0.056690 0.093638 0.014748
-0.023594 0.011591 0.037120
-0.014809 -0.016072 -0.007267
0.114463 0.024574 -0.015180
-0.015537 -0.012094 -0.008699
0.004431 0.061933 -0.028674
-0.055854 0.062827 0.043989
-0.018341 -0.000813 0.015790
-0.006452 -0.055294 -0.009381
0.014529 0.019789 0.028292
-0.053132 -0.008015 0.007190
-0.068941 -0.015168 -0.030774
0.001692 -0.021559 0.005905
-0.032192 0.015092 -0.026739
-0.057715 -0.026159 0.000567
-0.048080 -0.041704 0.039782
-0.017588 0.012159 -0.000941
-0.028120 0.023160 -0.024491
-0.036213 0.011306 0.022196
-0.055287 -0.019741 0.026010
0.004848 0.024007 0.030113
-0.029796 -0.053090 0.017406
-0.024279 -0.014494 -0.011723
-0.006421 0.008862 -0.050450
0.026124 0.065928 -0.029905
-0.004540 0.013697 0.009442
0.034149 0.010420 -0.007747
-0.005766 0.067027 -0.021808
0.000528 0.017902 -0.026800
-0.024040 -0.022404 0.015691
-0.056918 -0.045979 0.023751
-0.030755 -0.014083 0.012267
-0.005232 0.017643 -0.007461
0.021143 0.058081 0.004479
-0.014420 0.015575 -0.010636
0.008907 0.035539 -0.013484
-0.005198 0.030631 -0.006489
-0.010800 -0.007897 -0.014493
0.012509 0.002372 0.000972
0.010770 -0.085668 -0.038870
-0.012772 -0.011996 -0.018252
-0.054716 0.004017 0.023582
-0.053208 -0.033686 -0.008849
-0.015080 0.004059 0.012173
-0.056497 0.011123 0.024141
-0.049319 -0.027905 -0.002751
0.022944 0.029575 -0.026433
0.012589 0.000308 0.037976
0.030123 -0.011045 -0.031068
-0.036594 -0.035068 -0.052246
-0.018706 0.016195 -0.007037
0.012580 0.079155 -0.018812
-0.016597 -0.016607 -0.002512
-0.031675 0.013503 -0.009888
-0.052934 0.027114 -0.020553
-0.006207 0.003325 0.017572
0.065508 0.076453 0.041018
0.023285 -0.018639 -0.008500
-0.054219 0.034639 0.037800
-0.034284 0.023577 0.011693
-0.011480 0.041956 0.003431
0.037959 0.046455 0.024815
-0.008348 -0.004714 0.023252
0.066766 0.001373 0.011494
0.045066 -0.041743 0.003928
-0.031808 0.002472 -0.028509
0.080060 0.058350 -0.049497
0.024263 0.026168 0.022699
0.022086 0.054824 0.014581
0.056506 0.036533 0.030564
0.002069 0.025627 0.036901
-0.007555 0.001636 0.014032
0.105794 -0.006397 0.004814
-0.001412 -0.075308 0.007079
0.027326 -0.042025 -0.015476
-0.057750 0.058608 -0.029285
-0.026436 -0.028024 -0.071868
0.061182 -0.009760 0.027778
0.061237 -0.019723 -0.034020
0.021855 0.028584 -0.045125
0.006701 -0.011515 -0.036959
-0.033815 0.017565 -0.060718
-0.031080 0.020118 -0.027048
0.077564 -0.029456 0.061210
0.029557 0.044639 0.005805
0.035374 0.017658 0.026685
-0.017500 -0.044766 -0.067919
0.028110 -0.037451 0.008698
-0.012284 -0.047714 -0.031285
-0.018685 -0.004818 -0.011073
0.087177 0.010877 -0.006949
-0.003134 -0.006646 -0.012041
-0.009763 0.007772 0.002824
-0.007955 -0.006251 0.008032
-0.045914 0.007487 -0.015238
-0.020284 0.008527 0.030152
-0.003469 0.041199 0.036272
-0.012514 -0.014066 -0.023790
