# 参数名称：invres4.conv.4.bias
# 参数形状：(192,)
# 参数数据类型：float32
# 参数值（保留6位小数）：
-0.092116
-0.061110
-0.026389
-0.019600
-0.023538
-0.059292
0.017819
-0.020401
-0.041491
-0.018205
-0.027686
-0.042044
-0.000494
-0.074738
-0.031493
-0.012674
0.001894
-0.013985
-0.020006
-0.011384
0.016995
-0.023821
-0.021073
-0.024873
-0.013538
-0.074775
-0.069611
-0.020090
0.024438
-0.068194
-0.024681
-0.021248
-0.046617
-0.023800
-0.053901
0.052345
-0.006288
-0.014420
-0.011590
-0.056175
-0.066731
-0.073141
-0.108290
-0.059414
-0.015193
-0.024748
-0.024904
-0.087744
-0.010187
0.004425
-0.052063
-0.006396
-0.030365
-0.061867
0.009022
-0.015877
-0.023047
-0.067607
-0.035124
-0.066378
-0.008359
-0.009421
-0.032110
-0.029159
-0.037958
-0.034105
0.052584
-0.047932
-0.078911
-0.041920
-0.056471
-0.070078
-0.052720
-0.020146
-0.074533
0.016887
-0.065334
-0.018827
-0.043043
-0.056650
0.019069
-0.071110
-0.014422
-0.068108
-0.002354
-0.031966
-0.024062
0.006487
-0.080676
0.032376
-0.022536
-0.030751
-0.075717
-0.023759
-0.049311
-0.070497
-0.080096
-0.007196
-0.060813
-0.081592
-0.113675
0.007932
-0.029169
-0.048874
0.004442
0.003219
-0.079936
-0.073113
-0.008221
-0.010140
-0.063870
-0.091531
-0.033443
-0.040875
-0.017253
0.012936
0.030532
-0.022663
-0.044648
-0.089195
-0.057019
-0.034786
0.108318
-0.049421
0.010142
0.041879
-0.039466
-0.012248
-0.021906
-0.091450
-0.122501
0.001726
-0.043321
-0.039236
-0.032754
-0.026219
-0.071834
-0.049448
-0.008331
-0.045942
-0.045776
-0.025689
0.003625
0.010648
-0.037997
0.028266
-0.049941
-0.076949
0.008774
-0.078357
-0.078527
-0.054559
-0.046432
-0.090902
-0.040730
-0.012140
-0.042099
-0.065621
-0.060465
-0.019490
-0.096419
-0.077461
-0.035161
-0.014980
-0.018012
-0.036596
-0.009772
-0.018717
-0.026677
-0.027646
-0.049006
-0.094101
-0.022476
-0.007600
-0.062716
-0.057142
-0.062618
-0.012283
-0.024660
-0.042433
0.028285
-0.063609
-0.037677
-0.007473
-0.013889
-0.087431
-0.005640
-0.030784
0.011127
-0.082544
-0.033695
-0.091118
