# 参数名称：invres3.conv.6.weight
# 参数形状：(24, 288, 1, 1)
# 参数数据类型：float32
# 参数值（保留6位小数）：
-0.217857
0.541453
0.225734
-0.281955
0.796078
0.089869
0.689130
0.553780
0.352263
-0.148686
0.258017
0.243326
0.225216
-0.051304
-0.393595
0.112213
-0.187103
-0.021094
0.152587
-0.556522
0.271667
-0.183161
-0.042850
-0.193162
-0.083713
-0.217224
-0.092546
-0.074541
0.255956
0.307287
-0.017034
0.291013
-0.499879
-0.225994
0.228813
-0.323326
0.149179
-0.025293
0.098928
0.040472
-0.070471
0.139816
0.270925
-0.016749
-0.118127
-0.273108
0.367903
-0.056328
-0.379293
0.035316
-0.116892
-0.469237
0.485706
0.773382
-0.134530
-0.281590
-0.391213
0.334209
-0.348345
-0.012198
-0.071742
-0.111974
0.406194
0.149423
-0.386104
-0.088531
-0.552977
-0.060443
-0.187300
0.028221
0.471498
0.133357
0.265210
-0.464378
-0.488819
-0.017814
0.040052
0.043599
0.224112
-0.201916
-0.171006
-0.483511
-0.474447
0.534936
-0.040730
-0.432931
-0.002080
0.056100
0.093544
0.284742
-0.029471
-0.195396
0.129582
0.422365
0.152698
-0.345433
-0.296909
-0.241116
0.436372
0.716141
0.362524
0.058982
0.334351
-0.143751
-0.408993
0.353658
-0.187315
-0.063748
0.232271
0.234320
0.391989
-0.160579
-0.051296
0.619968
-0.303352
0.099983
-0.077969
0.475235
-0.141388
-0.315553
-0.025469
0.116383
0.261529
-0.344291
0.220780
0.234422
0.362788
-0.342641
-0.639606
0.418652
0.216845
-0.382245
-0.283013
0.056197
-0.349451
0.349668
-0.352051
0.081997
0.027116
0.184499
0.803897
-0.254698
-0.230600
0.575376
0.041539
-0.582059
-0.067107
-0.116210
-0.214779
-0.213060
-0.190645
0.299420
0.007143
0.111151
0.046854
0.136269
0.100857
-0.512659
-0.062995
-0.287201
-0.288121
-0.173807
-0.162386
-0.031938
0.079769
0.130269
0.144480
-0.155720
-0.053255
-0.267292
0.193219
0.215337
0.086083
-0.014692
-0.033117
-0.277668
-0.638254
-0.446735
0.467065
-0.609455
0.076715
-0.233474
0.290807
0.256782
0.200526
-0.256068
-0.100562
-0.005901
-0.227023
0.265963
0.161283
-0.112894
-0.410058
0.131093
-0.027829
-0.607807
0.121542
0.226907
-0.233825
0.342259
0.162389
-0.094121
-0.270454
0.257067
-0.110299
-0.111719
0.147206
-0.097085
0.134463
-0.425193
-0.530762
-0.208650
-0.016048
0.130018
-0.369235
-0.209435
-0.269699
0.354125
-0.033060
-0.092718
0.452747
-0.241455
0.260709
-0.358810
-0.237049
-0.290943
-0.011990
-0.062799
-0.062791
-0.026989
-0.163943
0.216148
0.134700
0.132293
0.495271
-0.074782
0.019594
-0.336579
-0.108109
0.221157
-0.198655
-0.445172
-0.394172
0.267271
-0.430313
0.386568
-0.145652
-0.224430
-0.060235
0.291491
0.391252
0.070916
0.349277
0.262815
0.023623
-0.468800
0.261958
-0.281038
0.070167
-0.165269
-0.234815
-0.039323
0.170235
-0.048797
0.128637
0.250560
-0.330887
-0.312753
-0.127556
-0.292612
0.138781
-0.143286
0.015517
-0.008283
-0.164361
-0.023544
0.151928
0.182027
0.069261
0.054886
-0.426712
0.144786
-0.278319
-0.402507
0.248305
-0.185226
0.017108
0.120356
-0.533649
-0.047381
0.069891
0.160256
0.310809
-0.207248
0.761321
0.181067
-0.097163
-0.592501
0.275682
0.001311
-0.235266
-0.277718
-0.299321
0.224137
-0.316806
-0.193714
-0.527840
0.606429
0.030160
-0.170453
0.265239
-0.578438
0.161957
-0.531966
0.057363
0.323066
0.173851
-0.411081
-0.085828
-0.114836
-0.058273
0.308555
-0.424670
0.159409
-0.092345
-0.100317
-0.240858
0.157548
0.061914
-0.011681
0.105925
0.058798
-0.223941
0.137937
0.340379
-0.158009
0.255587
0.254047
-0.179255
-0.093644
-0.403106
-0.346871
0.646832
0.175475
0.228345
0.094483
-0.305856
0.246253
-0.219262
-0.103213
0.029158
-0.178840
0.042881
-0.085098
0.498016
0.072329
-0.397040
0.035315
0.212174
0.313996
0.063281
-0.618799
0.214018
0.327690
0.220137
-0.463156
-0.082126
-0.246118
-0.028541
-0.145566
-0.297298
-0.193146
0.142180
0.135828
-0.572925
0.570999
0.235548
-0.523879
-0.262284
0.497788
0.050585
0.475999
-0.038452
-0.218341
-0.220173
0.264338
-0.218615
0.259704
-0.239872
-0.242146
-0.106756
-0.232992
0.034532
-0.024332
0.490903
-0.433068
0.244888
0.028080
-0.576948
0.007130
-0.396241
-0.453286
0.079767
0.394428
0.174617
0.335144
0.137354
0.134333
0.201506
0.101486
0.008573
-0.165344
-0.134897
-0.040615
0.143957
-0.066547
0.705780
-0.225564
0.368489
0.367540
-0.498089
-0.452640
-0.618399
-0.425803
0.008339
-0.099731
-0.292658
0.146145
-0.793668
0.029042
0.014012
-0.131553
0.070782
0.015583
0.444955
0.367467
0.234630
-0.064801
-0.168604
0.025128
0.215205
0.114421
0.290834
0.050639
0.041763
0.145483
-0.195548
-0.146998
-0.089580
-0.057010
-0.265224
0.215031
-0.007860
-0.143975
0.168018
-0.060591
0.070177
-0.328820
-0.417257
-0.439309
0.017882
-0.005768
0.029663
-0.333931
0.070760
0.096953
-0.449207
0.021697
-0.172335
0.017391
0.285536
0.235908
-0.108631
0.504207
0.245944
-0.112600
0.344652
0.093753
0.130721
0.126474
0.242946
-0.179439
-0.212794
-0.324673
-0.007717
-0.174121
-0.251857
0.135588
0.161062
-0.089065
0.221841
0.289757
0.531012
-0.273326
0.291423
-0.297892
-0.096568
-0.242754
0.049254
0.721573
-0.264762
-0.005143
0.163249
-0.266072
-0.475897
-0.007099
0.326860
0.035792
-0.033293
-0.257247
-0.058148
0.308176
-0.144968
0.012474
-0.276945
0.359351
-0.178677
0.049010
0.181347
0.378508
-0.166323
-0.195166
0.038028
-0.014836
-0.113715
-0.338090
0.112860
-0.516031
-0.223909
-0.616230
-0.111395
0.244622
-0.212135
0.257819
-0.007326
0.047861
0.506333
-0.444901
-0.272613
-0.119933
-0.087370
-0.343354
0.530990
0.081208
-0.340000
0.016009
-0.001480
0.112078
0.370082
-0.013924
0.494964
0.082308
-0.425231
-0.301316
-0.134998
0.212329
-0.206517
0.230828
0.104235
-0.056009
0.102442
0.047270
0.345835
-0.058225
-0.265416
-0.457954
0.128867
0.103894
0.056996
-0.148042
-0.166852
0.367479
-0.211455
-0.354722
0.388418
-0.285134
0.353679
0.061904
-0.558083
0.284023
-0.031128
0.247106
0.201813
-0.445548
0.146267
0.287822
0.111690
0.399503
0.241532
-0.090890
-0.463362
0.012097
-0.116406
-0.095467
-0.104267
0.250554
-0.007514
0.300068
-0.218569
-0.202034
-0.166425
-0.047408
-0.121166
-0.249776
0.218928
-0.409785
0.143581
-0.033246
0.239805
0.027344
-0.248074
0.279041
-0.230582
-0.281107
0.678420
-0.203064
0.189043
-0.276118
0.064004
-0.074067
-0.223834
0.099723
0.026564
-0.230714
0.125243
0.250643
-0.435896
-0.489361
0.436312
0.338427
0.353813
0.209082
-0.036311
-0.479682
0.266910
-0.267531
-0.026038
-0.104769
-0.112047
0.180623
-0.311818
-0.083154
-0.285734
0.081614
0.439677
-0.215159
-0.309365
-0.347431
0.122479
0.004052
0.179017
-0.390066
0.314436
0.048596
-0.035483
0.524574
0.000397
0.236341
0.166163
0.103151
-0.098452
-0.086678
0.319311
-0.064746
0.173690
-0.148619
0.027194
0.311217
-0.398015
-0.171265
0.311693
0.181340
-0.270426
-0.096757
-0.046386
0.023857
-0.011769
0.175363
-0.296432
-0.346018
-0.018330
0.144997
-0.327923
0.087159
0.370209
-0.021711
-0.013992
-0.149718
0.130819
-0.382999
-0.357996
0.009038
-0.332323
0.018443
0.402628
-0.317713
-0.142595
0.267446
-0.213000
0.471258
-0.050955
-0.094358
0.371861
0.198390
-0.112735
0.220721
0.247219
-0.108880
-0.053244
-0.096164
-0.356908
0.032051
-0.000665
-0.030451
0.039872
0.119452
0.261090
0.054005
0.565534
0.521470
0.292942
-0.137385
-0.009560
-0.184053
0.364704
-0.245684
-0.312595
0.329362
-0.223950
0.034657
0.108844
0.182086
-0.177112
0.079613
-0.100517
-0.168578
-0.008248
-0.112374
0.297480
-0.196581
-0.315982
-0.292748
-0.041782
0.059494
0.098346
-0.480840
-0.154992
-0.055425
-0.413652
-0.288868
0.489255
0.373425
0.105773
0.006716
-0.126863
0.240881
-0.124982
0.206954
0.327417
0.419326
-0.206602
0.122799
-0.532316
0.013819
-0.071289
-0.451142
-0.276142
0.216065
-0.062828
0.090078
0.327739
-0.150581
0.434513
0.231150
0.135502
0.250257
0.351382
-0.126406
0.459226
-0.128698
0.243407
0.295283
0.376793
0.261582
0.370405
0.227542
-0.223775
0.387018
-0.039785
-0.716727
0.201617
0.080904
-0.314905
0.251210
-0.231904
-0.119840
-0.245823
-0.502961
0.501395
0.023179
-0.030906
0.158853
0.521906
0.369781
0.046854
-0.190940
-0.112135
0.025565
0.175414
0.500927
0.403128
-0.110718
-0.167230
0.118956
0.061750
0.268686
-0.502437
0.224524
0.045028
-0.053096
0.050738
-0.251330
-0.002807
-0.120933
-0.268363
-0.189954
-0.289025
-0.254997
-0.061681
0.062088
0.212595
0.270489
-0.056040
-0.088646
0.586125
-0.191622
-0.642666
-0.206135
0.018706
-0.302336
0.657488
0.190884
0.010995
-0.180361
-0.094112
-0.025062
-0.541064
-0.121016
-0.370448
-0.171212
-0.141402
0.245169
-0.165717
0.423079
0.230547
0.000337
0.518405
0.086181
-0.045026
0.390508
0.115646
-0.088038
-0.035383
0.640476
-0.361508
0.554857
0.198482
0.307316
-0.297195
-0.265650
0.027438
0.271764
-0.144205
0.034702
-0.080346
0.199609
-0.078916
-0.071169
0.254109
-0.367339
-0.064744
0.029487
-0.068381
0.136381
-0.099681
0.470565
0.080931
-0.189772
-0.219775
0.137802
0.336520
-0.542084
0.286951
0.022995
-0.122193
-0.236964
-0.274368
0.904604
0.096169
0.122535
0.009934
-0.115076
0.465279
-0.358397
0.349603
-0.078503
-0.135091
0.061787
-0.434258
-0.402256
-0.232618
-0.165694
0.219814
-0.105770
0.044377
-0.101158
-0.064281
0.210619
0.310430
-0.416231
0.304950
0.029729
0.345725
-0.373803
-0.004023
0.150725
0.022386
0.012927
-0.099839
-0.194470
-0.154601
-0.193707
-0.173002
-0.216393
0.019971
0.230157
-0.019486
-0.111479
0.246330
-0.776804
-0.539383
-0.024161
0.131177
-0.208369
-0.035324
0.248545
-0.148029
-0.006260
-0.328472
0.501778
0.312604
0.285793
-0.748268
0.181787
-0.032066
-0.412512
0.258047
-0.266253
-0.090395
0.177597
0.279114
0.073053
-0.760248
-0.996518
0.096874
-0.367259
0.106939
-0.313967
0.304052
0.629198
-0.599470
-0.195492
0.025225
0.415971
-0.236840
0.137614
-0.017126
-0.067624
0.461305
0.530578
0.042643
-0.443294
-0.189180
-0.461921
-0.382534
-0.157025
0.056594
0.248302
0.277932
-0.141802
-0.253398
0.078351
0.343985
0.148446
-0.177666
0.133349
0.227388
-0.249182
0.157788
-0.039492
-0.039162
-0.096716
-0.548960
-0.267552
-0.040408
0.252384
-0.206317
-0.033990
0.024278
0.449393
-0.089129
0.280110
1.033367
0.013786
0.075172
0.270091
-0.061453
0.092873
0.129925
-0.277994
0.130203
0.129976
-0.520263
0.054927
-0.363987
-0.021693
-1.017790
0.001715
0.326689
-0.358559
-0.217328
-0.239530
-0.103103
0.174879
0.630995
-0.192535
0.594934
-0.067043
0.428503
-0.132153
0.267754
0.181231
0.443098
-0.006149
0.061176
-0.876436
-0.131530
0.215010
0.570669
0.230748
-0.480307
0.060183
-0.080665
-0.276368
0.198272
0.326412
0.078601
-0.107213
-0.039126
0.021505
0.507301
0.010487
-0.287769
-0.758452
0.091079
0.049150
0.214300
0.185945
-0.319986
-0.036940
-0.072908
-0.047927
0.249354
-0.593293
0.401909
-0.246518
-0.252188
0.115152
0.225606
0.195926
0.397616
-0.003853
-0.018728
-0.611176
-0.277582
0.339298
0.330343
0.075607
0.157177
-0.209349
-0.119256
-0.280768
-0.091635
0.376734
0.043837
-0.284812
0.221848
-0.245016
-0.302691
0.281656
0.049055
0.119498
-0.103720
-0.360082
-0.350559
-0.021818
-0.249009
-0.358460
0.422543
0.397759
0.019923
0.211163
-0.297599
-0.485852
-0.048259
0.319252
-0.147383
0.190524
0.382258
-0.173127
-0.034936
0.208623
-0.126949
0.275578
-0.207200
-0.285803
0.240804
-0.175945
-0.011007
0.248696
0.503703
0.113344
-0.095341
-0.422492
0.102264
0.500742
-0.120447
-0.086415
-0.358460
0.258947
0.243404
-0.186691
0.204580
-0.156459
-0.421152
-0.011318
-0.419298
-0.326463
0.194251
0.264426
-0.202732
0.241332
0.435308
-0.158595
-0.035087
0.401752
0.107345
0.182385
0.001721
0.186496
-0.022391
0.109035
0.115939
-0.203992
0.223824
0.062920
-0.169238
0.392736
-0.372267
0.273960
0.267396
-0.082725
-0.049273
-0.329307
0.082591
-0.523778
0.438263
-0.016792
-0.373611
0.078997
0.272546
0.561853
-0.299355
-0.183215
0.198739
0.040591
-0.092748
0.127976
0.068495
0.055978
-0.236199
-0.113217
0.204406
-0.179368
0.393174
-0.061794
0.188683
-0.188550
0.174638
-0.330110
0.040809
-0.049529
0.049719
-0.003260
-0.033276
0.189661
0.249667
-0.203042
0.338340
-0.375470
-0.215287
-0.002308
-0.274234
0.190872
-0.507702
-0.272784
-0.237841
-0.165071
0.131189
0.023267
-0.126966
-0.273900
0.045678
0.131059
0.139294
0.237805
-0.240150
-0.277944
-0.109434
0.637218
0.007804
0.144589
-0.160362
0.226254
0.163305
0.213988
0.395043
0.253927
0.419869
0.148737
-0.316191
-0.530592
0.560262
-0.099937
0.215501
-0.264204
0.317017
0.025649
-0.616040
-0.410484
-0.074232
0.011671
-0.287929
-0.081286
0.610217
-0.211762
0.235135
0.111542
-0.042598
0.152844
-0.200783
-0.171101
0.251479
0.601961
0.153456
-0.204069
0.261460
-0.050123
0.319390
-0.273398
-0.231575
0.016234
-0.214495
0.218404
-0.461484
-0.444300
-0.043424
0.348943
0.138497
0.012411
0.010172
0.136401
-0.460047
0.726575
-0.213044
-0.212068
-0.265753
0.078064
0.327696
0.137988
0.324234
-0.429483
-0.199190
-0.286221
-0.131381
0.031511
-0.107052
-0.154469
0.038042
0.159775
0.133500
-0.113780
-0.452407
-0.006511
0.312108
0.188424
-0.129887
0.335276
0.203871
0.053594
-0.231414
-0.368240
0.148282
-0.122300
0.257628
-0.009342
-0.056083
0.117447
-0.231401
-0.023686
0.193702
-0.014548
0.283231
-0.257035
0.115168
-0.104172
0.372072
-0.187316
0.282373
0.234873
-0.126939
-0.401013
0.579682
0.211901
-0.100646
-0.409271
-0.267355
0.219682
0.112115
0.541700
-0.489366
0.026948
0.263555
0.215704
0.037983
0.065576
-0.017949
-0.262844
-0.262755
0.046717
0.004680
-0.189920
0.546076
0.293557
-0.219408
0.108300
0.282762
0.409277
0.460118
0.035760
-0.130395
0.310916
-0.201591
-0.030924
0.127970
-0.177610
0.114621
-0.317416
0.719052
-0.253473
-0.551665
-0.157407
0.173155
0.401354
-0.492905
0.024954
-0.332427
-0.266670
0.118360
0.142873
-0.198248
-0.069929
0.111852
0.424631
-0.248478
0.458596
-0.335613
-0.052707
0.004241
-0.469130
0.073673
-0.375417
-0.060594
-0.265405
-0.358364
0.153872
-0.038355
-0.162154
0.080875
-0.223329
0.694976
-0.205727
-0.313998
-0.211968
-0.484202
0.011709
0.355999
-0.418187
-0.421882
0.098293
-0.037670
-0.378004
0.157429
-0.179090
0.008116
-0.076118
-0.334870
0.269378
0.050659
-0.215911
-0.029981
0.228420
0.334981
-0.203487
-0.056426
0.011182
0.060152
0.001949
0.124689
0.516040
-0.391451
-0.097030
0.025219
0.592690
0.012024
0.161016
0.661041
-0.328925
-0.043018
-0.411487
-0.117539
-0.015229
-0.153608
-0.276696
-0.165792
-0.156447
-0.259149
-0.071661
0.216075
0.413439
-0.111437
-0.267594
0.058304
0.070561
0.194433
0.147513
0.429504
0.700595
-0.161230
-0.570361
0.056373
-0.144351
0.135471
0.411202
-0.056812
0.233667
-0.641365
0.353768
0.068316
0.079151
0.012908
0.259567
-0.094896
-0.055706
-0.173806
0.327202
-0.146630
-0.261340
0.017730
-0.458867
-0.571722
-0.310793
0.144896
-0.377775
-0.515121
-0.059961
0.717583
-0.122169
-0.417740
-0.200375
0.045801
0.062086
-0.328151
-0.111445
-0.383799
-0.181652
-0.068106
0.121372
-0.121533
0.290224
-0.331766
-0.512183
-0.098358
-0.157253
0.255862
0.089226
0.494529
0.122825
0.228328
-0.165608
0.133908
0.443123
-0.175065
0.107354
0.003354
0.378732
-0.148992
-0.336854
0.126598
0.238786
-0.508780
-0.207568
0.488557
-0.051837
-0.052499
-0.068390
-0.370558
-0.154195
0.492326
0.613320
-0.283737
0.532618
-0.320419
0.362660
0.362374
-0.010074
0.180728
0.205783
0.135142
-0.190061
-0.097796
-0.281588
0.111979
-0.132876
-0.139566
0.025393
-0.063098
-0.101558
-0.004893
0.246452
0.083002
0.216820
0.046444
0.084787
-0.012031
-0.130319
-0.276958
-0.285829
0.559615
-0.261889
-0.148758
-0.062316
-0.075802
0.081429
-0.233374
-0.163138
-0.103774
0.278007
-0.146203
0.013898
-0.279058
0.310314
-0.522654
0.271785
0.431631
0.421666
0.106642
0.243114
-0.093207
0.112295
-0.074562
-0.077919
0.138207
-0.045962
0.546216
0.150347
-0.068816
0.641923
0.215824
-0.329698
-0.070712
-0.289023
-0.189992
-0.255190
-0.101854
-0.038999
-0.446843
0.052194
-0.052296
-0.020259
0.055537
0.025844
0.191988
0.149989
0.827025
0.292576
0.279532
0.009007
0.035832
-0.420471
-0.098899
0.216276
-0.000294
0.139747
-0.107772
-0.262695
0.115866
-0.362116
0.019371
-0.228969
-0.015467
-0.076441
0.502199
-0.592829
-0.374482
-0.050659
0.163541
0.361781
-0.198771
0.082417
-0.020567
-0.199477
0.000636
-0.046902
-0.724865
-0.356209
0.178905
-0.112400
-0.483406
-0.082132
0.573525
0.048855
0.288195
-0.199448
-0.255508
-0.181754
0.538616
-0.252995
-0.295926
0.074021
-0.165767
-0.237895
-0.220901
-0.033590
0.445046
0.166593
-0.218379
0.141241
-0.279862
0.447077
0.169736
-0.601045
-0.205248
-0.342950
0.034907
-0.052976
0.194292
-0.190610
-0.137176
-0.210633
0.049731
-0.106892
-0.193239
0.147213
-0.174291
-0.587848
-0.167754
0.058297
-0.057284
0.155054
0.492253
-0.465998
-0.226895
-0.026900
0.111271
-0.133657
0.588504
0.087857
0.085094
-0.027655
-0.087766
-0.415447
0.449205
0.303829
0.012350
-0.152041
-0.138748
-0.222866
0.102654
-0.199802
-0.016031
0.181564
0.526561
-0.365359
0.361933
0.270773
0.232334
0.102563
-0.179381
0.454886
-0.227962
-0.043252
0.376252
-0.436928
-0.251056
-0.054981
-0.195917
-0.139677
0.373074
-0.122977
-0.145797
-0.396302
0.114133
0.078265
0.394627
-0.038938
0.486319
0.478174
0.286196
0.425557
0.595357
-0.036745
-0.052785
0.026619
-0.085949
0.310721
-0.013218
-0.255599
-0.592438
-0.111573
-0.160378
0.375609
0.158608
-0.121963
0.050661
0.171089
0.083852
0.081943
0.209803
0.380407
0.153626
-0.363561
0.018971
-0.217747
0.077315
0.061860
0.134043
0.213042
0.044039
-0.317760
0.085015
0.351871
0.101404
-0.227760
0.101595
0.390993
-0.004125
-0.062805
0.161142
-0.074590
-0.262742
0.072459
-0.028141
-0.135863
0.027456
0.190091
0.128802
-0.267074
-0.369203
-0.126707
0.138284
-0.292905
-0.002452
0.069231
0.322485
0.320637
0.101063
0.224012
-0.683220
-0.414323
-0.074126
0.190802
-0.273080
0.015773
-0.204385
-0.405483
-0.250221
-0.005748
-0.015142
0.331405
0.388290
-0.264053
-0.372972
-0.249005
-0.117622
-0.123600
-0.495536
-0.186956
0.266525
0.053543
0.193765
-0.314259
-0.009834
0.059706
-0.068820
-0.006046
-0.244836
0.115159
0.116957
-0.001601
-0.188284
-0.032223
-0.158850
0.322347
-0.363644
-0.144249
0.165094
-0.917070
-0.038162
0.156903
0.478520
-0.529714
0.333894
-0.223561
-0.141114
-0.129511
-0.560618
0.351312
-0.628021
0.209687
0.328983
0.137699
-0.442126
0.362883
0.077851
-0.336993
-0.046986
0.111498
0.082672
0.214034
0.002158
0.235617
-0.072146
-0.081666
0.145756
-0.188891
0.107325
-0.226330
-0.268077
0.242633
-0.408549
-0.423441
-0.477382
-0.025253
-0.209760
0.142250
-0.273719
-0.090198
0.371744
-0.118750
0.073086
-0.049034
0.539002
-0.003487
-0.230335
-0.298445
0.609412
-0.480366
0.065553
-0.011116
-0.216752
-0.002773
-0.301716
-0.687322
0.135874
-0.459218
-0.517826
0.035545
0.463079
-0.312762
-0.018585
0.016875
0.265625
-0.054760
-0.061312
0.040021
-0.197220
0.448785
0.151324
0.007022
-0.111923
-0.426346
0.523557
-0.190483
-0.112244
0.018822
0.017603
-0.628143
0.125843
0.027827
0.083624
-0.387661
-0.020590
0.151807
-0.294965
-0.145486
0.136412
0.320985
-0.311515
0.160911
-0.215175
-0.280182
-0.219072
-0.615734
0.080287
0.288401
-0.533467
0.159760
-0.289107
-0.180889
0.020330
0.114799
0.463540
-0.158335
-0.187955
0.177222
-0.169435
-0.169711
0.041580
0.045585
-0.023270
-0.117911
0.190929
-0.031260
-0.211881
-0.286457
-0.192672
-0.002567
-0.200387
-0.169022
0.467995
0.107557
0.422094
0.044109
-0.127588
0.068159
-0.027682
0.089673
0.058472
-0.588914
-0.023326
-0.410316
0.309750
-0.445354
-0.331772
0.616449
-0.475487
-0.550046
-0.119326
-0.183415
-0.225766
-0.354192
-0.068432
-0.109059
0.052572
0.379796
0.186586
-0.281994
-0.133875
-0.202576
-0.335262
0.242432
-0.004784
0.284013
0.273200
-0.079671
0.249881
-0.189319
-0.062931
0.253622
-0.070347
-0.287149
-0.444591
-0.195678
0.225237
0.349942
0.141243
-0.001327
-0.304612
-0.058856
-0.567824
0.386933
-0.728124
0.124925
0.848052
0.124818
0.063756
0.088874
0.344017
-0.004904
-0.223662
0.396102
0.453692
-0.369053
0.012352
-0.291842
-0.317118
-0.127134
0.045312
0.210535
0.325719
0.122079
-0.345838
0.369987
-0.049085
0.001778
0.008261
-0.099294
0.012747
0.198374
-0.431036
0.032132
-0.293008
0.265764
-0.071053
-0.230416
-0.077221
0.228718
0.069661
-0.222537
0.004662
-0.114343
-0.148773
-0.463585
-0.016698
-0.150089
-0.852446
0.008058
-0.081875
-0.030914
0.179172
0.195654
-0.057696
-0.505427
0.156669
-0.321161
-0.337669
-0.243665
0.006418
-0.003091
0.262576
0.566781
0.346015
-0.122383
0.233133
0.259378
-0.040967
-0.074166
-0.286979
-0.178332
0.158135
-0.159301
0.170952
0.239638
0.011759
0.307285
-0.187095
-0.100461
-0.023152
0.372949
0.126692
0.052745
-0.073453
-0.657371
-0.381243
-0.018258
-0.503422
-0.133032
0.318587
0.084933
0.016653
-0.090300
-0.114047
0.125318
-0.070875
-0.115718
-0.528947
-0.416350
0.154125
-0.294865
0.105427
-0.417399
0.072845
-0.367782
-0.027170
0.440295
0.119538
-0.509081
0.555223
-0.407725
0.078586
-0.200867
0.035335
0.114918
0.129251
0.189289
0.244110
-0.276944
-0.153735
-0.314001
0.072208
-0.208809
-0.202881
-0.088534
-0.330910
0.350360
0.226217
0.138690
-0.178844
-0.066239
0.358541
-0.025003
0.422215
-0.250403
0.140764
-0.044310
0.131371
-0.024886
0.356012
-0.520855
0.257821
0.067273
0.143987
0.261416
0.494650
0.208087
-0.070731
0.265176
-0.292994
-0.207455
0.115246
-0.434868
-0.268217
0.224233
-0.006000
0.109136
0.389098
0.366582
-0.333659
-0.237020
0.226401
0.995979
-0.166068
-0.316705
-0.255677
0.056656
-0.439165
0.008821
-0.025600
-0.351339
0.060693
0.267976
0.039914
-0.150991
0.086546
-0.361214
-0.290079
-0.355509
-0.240802
-0.179588
-0.334048
-0.093346
-0.090603
0.560977
0.693597
0.533384
-0.304252
-0.007214
-0.054644
0.103427
0.110943
-0.024158
0.430122
0.157648
-0.262289
-0.326011
0.128514
-0.051603
0.447158
-0.473115
-0.130543
0.197070
-0.294635
-0.375540
0.002104
-0.102005
-0.241720
0.106671
0.782001
-0.116715
0.257537
-0.103319
0.023566
0.154783
0.267863
-0.470162
0.092883
-0.035502
-0.135390
0.270093
-0.106359
-0.169624
-0.224953
-0.153868
-0.203793
0.039542
-0.048608
0.226957
0.208663
0.251032
-0.249964
0.111266
0.227811
0.180550
-0.032267
0.029521
-0.068898
0.186637
-0.154337
-0.084482
-0.424533
0.079893
-0.248205
-0.351134
-0.591893
0.376737
0.109083
0.323715
-0.369684
-0.112214
-0.639971
0.000388
0.211850
-0.533954
-0.117790
0.368433
0.347683
0.751920
0.621344
-0.432700
-0.199306
0.086691
0.493010
-0.084754
-0.592688
-0.162193
-0.139020
-0.080272
-0.082864
0.071233
-0.612986
0.003872
-0.387059
-0.500720
0.082442
-0.251909
0.440790
0.179368
0.227456
0.296119
0.113641
-0.178106
0.116930
-0.190736
-0.553802
-0.228274
0.210736
-0.054876
0.073612
-0.440182
-0.223221
-0.402526
0.040372
0.436077
-0.108444
0.223069
0.006710
-0.384759
0.052294
-0.018815
0.663224
0.159118
0.107066
0.094083
-0.189245
0.525685
-0.697074
0.307480
-0.661225
-0.033703
0.043997
0.137826
0.013295
0.728218
0.112384
0.172605
-0.097114
0.297558
-0.459873
0.422072
0.059623
0.139377
-0.176260
0.170627
0.258414
-0.103995
0.435572
0.380722
-0.145653
0.112050
0.425397
-0.154816
0.280655
0.488089
0.057800
0.233540
0.040904
0.287517
0.507293
0.461973
0.211172
-0.348994
-0.104743
0.406156
-0.081224
0.110374
-0.143793
-0.190498
-0.481052
0.278588
0.228812
0.327857
-0.189125
-0.158509
0.124574
0.210829
0.200119
-0.278249
-0.072999
0.087290
0.330004
-0.023234
0.269023
-0.378614
0.208037
0.182232
-0.234739
-0.430097
-0.054657
0.157236
0.612052
-0.402508
-0.108011
0.034370
-0.391360
-0.177660
-0.644724
-0.352463
0.132413
0.048044
-0.172613
-0.141657
-0.385279
-0.098762
-0.041086
0.514503
0.028228
-0.313273
-0.508277
-0.537390
0.011069
-0.132269
0.182826
-0.085861
0.245946
-0.080263
0.523586
-0.106619
-0.285963
0.509705
0.122126
0.485523
0.039852
0.173444
-0.414603
-0.238772
-0.237784
-0.032707
0.100171
-0.021422
0.146809
0.007114
-0.388632
0.301412
-0.026889
0.029405
-0.087646
0.050775
-0.046584
0.076836
0.127862
-0.486238
0.257692
-0.092494
-0.166181
-0.054493
-0.440678
0.067120
-0.126705
0.443328
0.045747
0.501803
0.381295
-0.115445
0.031061
0.087360
0.232623
-0.062445
0.151091
0.079900
0.140356
0.445459
0.289124
-0.105415
0.258431
-0.179806
0.184068
-0.173206
-0.286396
0.263033
-0.289898
0.269326
0.153201
0.090160
-0.898535
0.141396
0.441993
0.025956
0.270235
0.031964
0.112042
-0.147086
-0.310917
0.163570
-0.332253
-0.489993
0.141001
-0.126485
0.114865
0.120058
0.088975
0.196655
-0.169526
-0.016704
-0.283102
-0.112948
0.048773
-0.005069
-0.037944
-0.322874
0.070346
-0.241210
-0.785121
0.168719
0.610408
-0.227471
0.132770
-0.275824
0.037104
-0.370979
0.321907
0.051772
-0.043424
-0.063041
0.207285
-0.269917
-0.234671
-0.117088
-0.182038
0.248418
0.121890
0.170882
0.232819
-0.901456
0.467667
-0.042470
0.342334
0.322447
0.285265
0.205076
-0.342775
-0.326244
0.388155
0.010875
-0.019923
0.143979
0.223582
0.335496
0.140276
-0.102642
0.742688
-0.002187
-0.044372
0.018832
0.235815
0.140245
-0.315084
-0.424060
0.541569
0.515984
-0.657796
0.020963
-0.602015
0.293435
-0.142030
0.313220
-0.023149
0.335296
0.303907
0.009080
-0.065480
-0.380669
-0.109400
-0.138441
-0.140846
-0.154477
-0.169625
-0.278425
0.049983
0.334444
-0.046216
-0.699087
0.324677
-0.290831
-0.427418
-0.748661
-0.268172
0.100522
-0.226132
-0.105540
-0.058828
0.215425
0.034289
-0.000206
0.565366
-0.303699
0.057090
0.035668
0.051771
0.396159
-0.176690
0.021490
0.148769
-0.167273
0.173424
-0.578588
0.108472
-0.000732
0.131852
0.093381
-0.140879
0.087526
-0.091687
-0.139196
0.278177
-0.305501
0.034836
-0.168896
0.797627
0.204424
-0.391346
0.094545
-0.151207
0.096188
-0.124216
0.183752
-0.110106
0.066688
0.346632
0.447011
0.314918
-0.164531
-0.142075
0.394917
0.219149
0.003587
-0.141185
-0.505478
0.218510
0.204165
-0.231114
0.026044
0.398650
-0.333203
0.177640
0.103525
0.099712
0.068577
0.245427
0.214893
-0.093070
-0.340510
0.528691
-0.185400
0.454417
0.104481
-0.024221
-0.073178
0.085261
-0.380462
0.018739
-0.123522
-0.191810
-0.088245
0.377370
0.355156
0.056286
-0.184303
-0.084557
-0.190663
-0.144549
0.112533
0.088665
0.466645
0.244128
0.340227
0.182521
-0.003628
-0.254107
-0.259794
-0.159036
0.152131
0.036402
0.227818
0.371630
0.264321
0.156512
0.166131
0.241065
0.164298
-0.021287
-0.539395
-0.084229
0.047751
0.055493
-0.049205
0.068588
0.170413
0.098029
0.064748
-0.026344
0.417808
-0.133253
0.787350
0.020880
0.679579
0.252968
0.469214
-0.238722
-0.575492
-0.444684
-0.443431
0.335322
-0.158289
0.037958
-0.069244
-0.238717
-0.015217
-0.301655
-0.243748
0.174887
0.133077
0.530943
0.148658
0.072374
0.091950
0.069800
-0.346018
0.386872
-0.347659
-0.069741
0.210074
0.438375
0.253771
0.082527
-0.535807
-0.478702
-0.212333
-0.468615
-0.046106
-0.196397
-0.302509
-0.072857
-0.231856
-0.005178
0.062024
-0.116390
-0.218751
-0.170340
-0.087736
-0.220474
0.083505
-0.054598
0.378083
0.093088
0.157605
0.170311
-0.774856
-0.099464
0.133732
-0.077266
0.445909
-0.071834
-0.144256
0.044475
0.452829
-0.178916
-0.313298
0.431518
-0.117551
-0.517275
0.066226
0.527289
0.272468
0.279681
0.071737
0.129022
0.442340
-0.011666
-0.077737
0.178234
0.223035
-0.054233
-0.175890
-0.190841
0.283446
0.131679
-0.237610
-0.192033
0.017316
0.152943
0.013650
-0.614917
-0.085312
0.173522
-0.077062
0.330289
-0.066056
-0.225055
0.423335
-0.127694
0.142200
0.104284
-0.244331
-0.022994
0.124368
-0.300082
-0.155469
-0.011592
-0.153729
-0.238020
-0.036165
0.244493
-0.260702
0.293728
-0.273545
0.375122
0.351513
0.021858
0.086233
0.048489
-0.016964
0.233725
0.179160
-0.251901
-0.000504
-0.227111
0.198416
-0.004349
0.437978
0.731308
-0.152372
-0.183511
0.839400
0.242005
0.373343
0.057134
-0.523948
0.336641
-0.209276
-0.058814
0.397359
-0.226679
-0.242673
-0.695112
0.473025
0.442674
-0.105985
-0.022860
-0.332709
-0.129900
0.045273
0.220446
0.134047
0.081588
0.320512
-0.413431
-0.395944
0.526119
0.363212
0.249124
0.169925
0.030211
-0.034316
-0.145873
-0.115898
0.123206
0.193414
-0.153497
-0.040097
0.263126
-0.308010
0.013548
-0.384993
-0.137270
-0.031801
0.177582
0.306763
0.207330
-0.206888
0.290094
-0.006725
0.032237
0.023887
-0.471190
-0.273259
0.028920
-0.083112
0.280242
0.077031
0.189001
0.105342
0.173651
-0.159656
0.124514
-0.037062
-0.604293
-0.414482
-0.122184
0.369563
0.155599
-0.469692
-0.280079
0.145568
-0.181205
0.000391
0.192692
0.261802
0.527400
-0.432051
0.284100
0.032299
0.222631
-0.367900
-0.086420
-0.073409
-0.500369
-0.078157
0.368363
-0.456927
-0.472288
-0.294680
-0.053065
0.041155
-0.013624
0.360074
-0.053115
-0.343876
0.089396
-0.188155
0.341629
0.929044
-0.098237
0.053642
-0.134591
-0.495860
0.049668
-0.336467
-0.166169
-0.030305
-0.523817
-0.388790
-0.038487
0.063002
-0.168617
-0.484883
-0.059032
0.320557
0.216295
-0.347238
-0.147436
-0.054710
-0.258388
0.113352
0.349317
0.185739
-0.113660
0.339757
0.353638
0.248570
0.205628
-0.446071
0.168917
-0.142154
-0.160966
-0.300360
0.349578
0.207239
-0.263434
-0.054320
-0.003217
0.265382
0.383990
0.272728
-0.225754
0.229559
-0.184547
-0.247251
0.116432
-0.100846
0.082071
0.142923
-0.407555
0.146254
-0.528729
-0.140046
0.131565
-0.390165
0.037966
-0.254743
-0.066738
-0.145475
0.393191
0.465272
0.348229
-0.154945
-0.020200
0.024878
-0.406885
-0.082713
-0.029781
-0.026591
-0.516405
0.259855
-0.041139
0.486566
-0.862870
0.453840
-0.391043
0.077715
0.295323
-0.014907
0.256983
0.546980
0.344651
0.614901
0.490699
-0.373026
0.301473
-0.214163
0.330831
-0.048499
0.257091
-0.152588
-0.465931
-0.076012
0.184729
-0.094713
0.240625
-0.509326
-0.254890
-0.000408
0.102428
0.013022
0.364638
0.186160
-0.276577
0.228221
0.185850
0.073086
-0.201859
0.443710
-0.863874
0.140545
-0.156427
0.084597
0.113328
-0.375471
-0.105040
-0.158395
0.026051
-0.153744
-0.102968
0.397412
-0.114790
0.436315
0.207923
0.106759
-0.132898
-0.250225
-0.095858
-0.050124
0.705011
-0.085582
0.184205
0.177899
0.181056
-0.210104
0.131966
0.099464
-0.381726
0.101710
-0.224755
0.967615
-0.406129
-0.359637
0.065332
0.558016
-0.024930
-0.020252
-0.012516
0.245299
0.156159
0.059979
0.211543
-0.525024
0.059152
-0.120851
0.451988
0.184342
-0.432680
0.357394
0.249896
0.187984
0.197075
-0.033175
0.127698
-0.132743
0.033596
-0.050956
0.486474
-0.327154
0.001820
-0.418403
0.239981
-0.219575
-0.638166
-0.153592
0.343129
0.049107
0.300840
0.452428
0.618296
0.058992
0.011787
0.539721
-0.216427
-0.142896
-0.162525
0.134199
0.136471
0.126023
-0.117820
-0.114656
0.247174
0.278514
-0.048415
-0.380695
0.026683
0.171458
-0.268365
0.093770
0.467606
0.007712
-0.035363
-0.176502
0.070404
0.182471
0.109732
-0.335953
0.201389
0.269921
0.053135
0.016569
-0.031187
-0.201763
-0.088467
0.199534
0.282704
-0.411570
-0.284891
-0.120688
0.223321
0.226299
0.473980
-0.269662
-0.124318
-0.297531
-0.219666
0.253038
0.084847
-0.005429
-0.143436
-0.517044
-0.489713
-0.276638
-0.249777
0.198724
-0.092521
0.227525
0.409374
-0.297970
-0.628612
-0.270189
0.206672
-0.170093
-0.190033
0.498209
-0.217345
-0.398537
0.191592
-0.362938
0.010729
-0.229548
-0.323745
-0.290383
-0.839142
-0.147695
-0.197993
0.238401
-0.437181
-0.626314
0.173309
-0.537603
0.128415
-0.030092
-0.053554
0.039505
0.124488
-0.368769
0.204379
-0.079177
-0.253400
-0.103322
-0.009885
-0.360463
-0.577334
-0.180865
-0.572577
-0.014306
0.355918
0.513473
-0.408785
-0.081956
0.384611
0.200635
0.181491
0.298674
0.430290
0.578629
-0.390650
0.608788
-0.369407
0.197559
-0.006969
-0.428819
0.081709
0.288220
-0.497625
-0.120274
-0.322779
0.097664
-0.278628
0.270612
0.231734
0.051672
-0.297541
0.285256
-0.218827
0.242119
-0.211596
-0.181397
-0.004073
0.334209
-0.429920
-0.366036
0.226780
0.158033
0.116642
-0.053058
-0.000240
0.102689
0.079053
0.080610
0.010283
-0.152151
-0.028392
0.035137
0.177483
-0.234271
-0.174065
0.295556
0.253234
-0.045890
0.088790
0.212000
-0.171646
0.049301
0.140053
0.236728
-0.160881
-0.044267
0.267849
-0.064638
0.440135
0.169492
-0.415639
-0.074741
0.068950
-0.279762
0.343826
0.165041
-0.028527
-0.363908
-0.321222
-0.033160
-0.010319
-0.003352
0.070318
0.066879
0.102789
0.659213
-0.289024
0.624453
-0.054741
0.261297
0.023394
-0.065337
-0.105723
-0.408331
-0.111666
-0.034536
0.282281
-0.010339
-0.325444
0.270588
-0.867242
-0.624051
-0.176285
0.261057
0.496683
-0.205305
-0.307355
0.089058
-0.235267
-0.567496
0.033817
0.015228
-0.149049
-0.043990
-0.528714
0.446119
0.125991
-0.324456
-0.663073
0.314914
-0.021932
-0.131118
0.077229
-0.099029
0.266323
0.118233
-0.424594
-0.182521
-0.460554
0.218677
-0.181496
-0.560920
0.016454
0.605462
0.286883
0.204781
0.338178
-0.095123
-0.148633
-0.169888
0.154076
-0.704669
0.063580
-0.116885
0.105622
0.369798
0.474829
-0.400196
0.792874
-0.198975
0.064312
-0.015360
0.358783
0.216702
-0.027619
0.360945
0.246391
0.381026
-0.320735
-0.043338
-0.056033
0.236575
0.703434
-0.687866
0.065487
0.465607
0.219115
0.169906
-0.070575
-0.298289
-0.199359
0.008775
-0.265493
-0.214653
-0.330477
-0.010663
0.298752
-0.285975
-0.399397
0.160215
-0.021789
-0.177140
0.015215
-0.096884
-0.335713
-0.326123
0.128208
0.188749
-0.117659
0.157355
0.170874
0.519646
0.183756
0.249249
0.567766
-0.315746
-0.072044
-0.027567
-0.301615
0.068002
0.273594
0.219159
-0.157730
0.006413
-0.209274
0.396510
-0.435427
-0.037444
0.034782
-0.179954
-0.275490
0.092117
-0.466801
-0.057745
0.350579
0.436016
-0.106625
0.367249
0.309870
0.163841
-0.506878
-0.142267
-0.166315
0.343107
-0.270799
-0.144178
0.228726
-0.073423
-0.008767
-0.285799
0.575590
0.209309
-0.009661
0.419777
0.141230
0.191576
-0.067933
-0.010197
-0.163474
0.118797
-0.180650
0.484214
-0.484243
0.373230
0.031333
-0.225263
0.194020
0.457668
-0.058785
-0.170908
-0.328601
0.282357
0.342337
-0.009118
0.309445
0.363600
-0.664434
-0.328365
0.072929
-0.142709
-0.126340
0.361796
-0.145748
0.068448
0.073529
0.059838
0.132422
-0.036365
0.018481
0.035088
0.473534
0.141455
0.210271
-0.037988
-0.252017
0.021801
-0.269139
-0.150892
0.839873
-0.197416
-0.028657
-0.197233
0.260875
-0.171333
0.556939
-0.025515
0.364998
-0.108248
0.075374
-0.215638
-0.181024
0.151507
-0.047819
-0.133472
-0.008943
-0.101795
0.101272
-0.290144
0.104776
0.023105
-0.234725
0.335445
-0.023116
0.237051
0.120778
-0.305259
-0.019945
-0.106920
0.141026
0.598534
0.322155
0.047961
0.285690
-0.001391
-0.446849
0.130959
-0.158732
-0.124169
0.025788
-0.062047
0.321765
-0.333778
0.285176
-0.168089
-0.013339
0.198619
0.053377
0.214489
-0.833955
0.051270
0.237933
0.142475
0.306086
0.498883
-0.509180
0.076819
0.394805
-0.093505
0.063875
0.184473
0.256595
-0.019976
0.331447
-0.014730
-0.102322
0.342969
-0.176282
-0.317965
-0.215452
0.177254
0.029407
0.248061
-0.067524
-0.623700
0.041889
-0.530563
0.278119
0.219390
0.021598
0.444967
-0.144577
0.078498
-0.395496
0.025513
-0.017372
0.043748
-0.093396
-0.477764
0.033884
-0.165878
0.343896
-0.220790
0.316363
-0.170625
-0.280616
0.238669
0.277038
0.119871
0.082299
-0.037505
0.290936
-0.309832
0.432113
-0.095255
0.136037
0.080851
0.259880
0.155110
0.272524
0.142220
0.339941
0.032101
-0.345829
-0.123491
0.215453
-0.615751
-0.130783
0.286345
-0.065821
0.426095
0.578173
0.221235
0.458201
-0.132052
0.137566
-0.037078
0.067694
-0.223977
0.599125
-0.209039
0.743517
-0.277642
-0.361522
-0.302435
0.097287
0.381065
-0.168757
0.164804
-0.164999
-0.623395
0.362330
-0.096664
0.112467
0.594268
-0.214720
-0.247841
-0.474049
0.229618
0.418816
-0.173194
-0.026921
0.043449
0.466626
0.064104
0.121608
0.123797
-0.768165
0.274765
-0.454828
0.477323
-0.003391
0.107533
0.082944
-0.031902
-0.200129
0.148836
-0.338250
-0.312169
-0.398386
-0.347264
0.319858
0.396356
-0.036972
-0.230332
0.004668
-0.332011
0.039037
0.036677
0.005857
0.119601
0.436217
-0.083205
-0.083051
0.178627
0.075286
-0.105841
0.213870
0.159850
-0.051322
0.235588
-0.332593
-0.006218
-0.377259
0.089807
0.611362
0.386871
0.012659
-0.257848
-0.360101
-0.079299
0.024174
-0.063851
0.094734
0.155408
0.046340
-0.009675
-0.015255
0.215030
0.003389
0.353893
-0.288693
0.373012
-0.003267
0.186266
0.150567
0.055874
0.060035
0.201666
0.277816
0.015996
-0.118163
-0.119840
-0.198155
-0.254681
-0.372555
-0.178828
-0.089539
-0.021654
-0.097834
0.004625
-0.002959
0.101394
-0.021127
0.220191
-0.142453
0.075151
0.016419
-0.040557
0.371870
-0.004367
-0.121803
0.427990
-0.079200
0.105882
0.177205
-0.036988
-0.394409
-0.016955
0.426286
-0.325744
-0.079738
-0.019304
-0.159876
0.069527
0.066055
0.025208
-0.006059
0.352675
-0.013011
0.205847
0.201391
-0.261938
-0.443375
0.274939
0.173370
0.567125
0.050356
0.159751
-0.339033
-0.203628
0.424095
-0.142401
-0.250123
-0.283081
-0.421692
0.026643
-0.103000
-0.100691
-0.081612
0.641997
-0.133774
0.444557
-0.060914
0.071022
-0.316185
0.378251
0.045705
-0.317591
0.083287
0.196182
0.002019
-0.099854
0.159776
0.320412
0.276924
-0.255034
-0.131436
0.247590
0.333159
-0.329679
0.520944
0.144662
0.366055
-0.007674
0.060747
-0.137219
0.154148
0.393006
-0.378032
0.383314
-0.242281
0.219466
0.564644
-0.155206
-0.685118
-0.527223
-0.090622
0.080567
-0.043921
0.278255
-0.296519
0.148242
0.051832
0.095542
0.197740
0.134314
-0.188178
0.127301
0.059723
0.086128
-0.297979
-0.436270
0.080438
-0.224085
0.051561
0.432781
-0.563229
-0.651501
-0.373384
-0.630186
0.172109
0.052953
0.086282
-0.003331
0.154236
-0.444275
0.206551
0.399854
-0.656032
-0.179614
-0.080845
0.240459
-0.006285
0.302626
-0.330848
0.008682
0.212977
0.137398
0.119740
-0.253008
-0.012894
0.255510
-0.256013
0.035181
-0.575516
0.438287
-0.153082
0.647758
0.367296
-0.290013
-0.090950
0.080930
-0.138977
-0.385178
-0.083712
0.289971
-0.190924
0.029495
0.503172
-0.153687
0.467910
0.306144
0.102347
-0.203268
-0.037179
-0.063834
-0.291164
0.019557
0.412553
-0.048938
-0.057257
-0.121371
0.172269
-0.377123
0.401871
-0.343190
0.115607
0.061369
-0.664055
-0.093962
0.032298
-0.277411
-0.101563
-0.107453
-0.107567
0.207983
-0.256652
0.373002
0.196904
-0.404394
-0.261664
0.203576
0.432227
-0.346492
0.173131
0.182997
-0.202292
-0.073738
-0.066396
-0.280822
0.374207
0.160012
0.600807
-0.061710
0.130575
-0.132393
0.134237
-0.098776
0.058546
-0.207527
-0.057679
0.000357
0.298333
-0.108550
0.089203
0.038057
0.256697
-0.157170
0.531416
-0.045628
0.006839
-0.338882
-0.215327
-0.205256
-0.514506
0.023064
-0.381826
0.101114
0.119193
-0.535753
-0.022839
0.401039
0.420169
0.037195
0.207064
-0.011610
0.161780
0.284096
-0.378921
-0.138465
0.026030
-0.285693
-0.038570
-0.573126
0.060292
-0.263531
0.161295
-0.129460
0.528229
0.069904
-0.645207
0.266056
-0.496926
-0.044302
-0.115096
0.226242
0.059551
-0.509829
-0.287854
-0.004959
0.346436
-0.030188
0.102886
-0.062719
0.146406
-0.010838
-0.342929
-0.525686
-0.055579
0.260112
-0.033909
0.576016
0.361230
0.036213
0.175330
0.568317
0.173906
0.443494
-0.526240
0.273787
0.204107
-0.334834
-0.150421
0.510933
-0.199564
-0.074370
-0.258022
0.095660
-0.232600
0.127196
-0.001093
0.242143
0.152677
0.494768
-0.119526
0.214022
0.193972
0.005353
-0.328533
0.062736
0.184493
0.120532
-0.131364
-0.338712
0.284684
-0.356120
-0.478406
-0.052551
0.581621
-0.268254
0.198160
-0.265918
0.179702
-0.051081
0.099448
-0.135336
-0.113699
0.082096
-0.442687
-0.281822
0.348224
0.128854
0.118011
0.182270
-0.289765
-0.111296
-0.296788
0.072659
-0.260186
-0.141097
-0.256685
-0.209949
-0.144893
0.133996
-0.851701
-0.172652
0.060885
0.037952
-0.242308
-0.207569
0.020779
-0.299821
-0.595986
-0.177591
-0.187947
-0.072637
0.006144
-0.299979
-0.641185
0.062103
0.016398
-0.086879
0.115696
0.043649
0.482020
0.072410
0.583325
0.104296
-0.229159
-0.438938
-0.431927
-0.138682
-0.808551
-0.015313
-0.459951
0.063156
0.257812
0.006188
0.297503
-0.225579
0.225236
-0.188551
0.023856
-0.479249
-0.030110
0.570630
0.560885
-0.740189
-0.313214
0.020269
0.446304
0.254653
-0.859630
-0.296921
-0.061574
0.280827
-0.005264
0.498625
-0.166507
0.020818
-0.148474
0.464146
-0.172910
0.361845
-0.126619
-0.113711
0.395455
-0.106399
-0.073867
-0.064391
0.009416
0.143840
-0.422451
-0.087289
-0.125119
-0.292540
-0.261040
-0.167314
0.071042
0.042716
-0.052080
0.071898
-0.025611
0.477712
0.138580
0.030439
0.291605
-0.178968
0.129406
-0.014856
-0.670471
0.009692
0.108221
0.186168
0.068468
-0.232069
0.377074
-0.195386
0.346117
-0.326654
-0.002264
0.282898
-0.214036
-0.046269
-0.149206
-0.166859
-0.575739
-0.822727
-0.429715
0.408399
0.225859
0.129684
-0.053876
-0.229347
0.418604
0.007812
-0.117718
-0.101221
-0.047702
0.100914
-0.087669
0.328010
-0.606683
-0.064998
0.339429
0.635172
-0.428785
0.084296
0.302789
0.111971
-0.284314
0.098601
0.298484
-0.058344
0.256507
-0.128414
0.122737
-0.074319
0.300985
0.299228
-0.363260
0.032200
0.080614
-0.556138
0.202802
0.514326
0.047603
0.458452
0.664684
0.027653
0.041412
-0.265135
0.090787
-0.522332
0.060887
-0.208286
0.106816
-0.076421
-0.073535
-0.684291
-0.052000
-0.196487
-0.059595
-0.025728
-0.122646
0.086534
0.222116
-0.190056
-0.198235
0.165111
0.140519
0.055885
0.145982
-0.373454
0.300097
-0.188748
0.000223
0.058491
-0.049781
0.445309
0.265827
-0.049975
0.324437
0.136412
-0.439415
0.170145
0.002640
-0.223663
0.023622
-0.046015
-0.087219
-0.276865
0.200534
0.315056
-0.173152
-0.063874
-0.101457
-0.106988
-0.686239
0.165565
0.146817
0.223111
0.185659
0.447745
-0.128600
0.480002
0.256033
0.114329
-0.466836
0.362344
0.247316
0.135746
0.319667
-0.055378
0.583243
-0.264215
0.100962
-0.195451
0.369697
0.232698
0.389749
-0.204111
0.184732
0.290600
-0.275600
-0.217981
0.414375
-0.249599
0.470595
0.091081
-0.540803
0.003432
-0.037969
0.649934
0.237085
-0.146960
-0.636059
-0.086095
0.432486
0.728951
-0.155218
-0.002764
-0.198268
-0.300519
0.113256
0.508565
0.380600
-0.031543
0.134185
0.134833
0.207246
0.070783
-0.267190
0.008135
-0.383094
0.012921
-0.119475
-0.039842
0.354504
-0.282683
0.515360
0.200554
-0.303629
0.050174
0.239489
0.278805
0.302123
-0.159386
-0.388266
0.658159
0.361682
-0.261307
-0.119572
-0.153308
0.017649
-0.001652
-0.242399
0.046083
0.115609
-0.176149
-0.368565
0.232640
0.156551
-0.094160
-0.342231
0.038715
-0.148034
-0.378615
-0.328797
-0.103605
-0.187571
0.566840
0.169456
0.038198
0.652779
-0.401636
0.245489
-0.533738
0.040154
0.357819
-0.422800
0.174041
0.294972
0.011374
-0.396363
-0.062149
0.159159
0.683412
0.133434
0.117066
0.215833
-0.238068
-0.229200
-0.151460
0.177003
-0.371376
-0.335168
-0.337235
0.030840
0.181824
0.361436
-0.372647
-0.099319
0.145766
-0.276091
-0.044200
-0.209143
0.240143
0.167212
0.076363
0.083087
-0.061010
-0.686914
-0.438268
0.278066
-0.178128
-0.030277
-0.090825
0.288738
-0.444768
-0.524618
0.022458
-0.041734
-0.022713
-0.266102
0.166562
-0.041397
-0.449787
-0.128085
-0.546277
0.057419
0.052317
-0.191752
0.022776
0.227901
-0.484834
-0.331179
0.302430
-0.120063
-0.359243
0.132271
0.152028
0.105174
0.017008
-0.120348
-0.100616
-0.349089
0.074312
0.225307
0.783824
-0.359705
0.067218
-0.376014
-0.315120
-0.129392
-0.187196
0.080809
-0.040945
0.506695
0.250825
0.075631
0.076598
-0.513206
0.308325
0.032648
-0.411769
0.141487
-0.105901
-0.192205
-0.257517
-0.234054
-0.507785
-0.013548
0.003160
-0.050987
0.076444
-0.014216
-0.244179
-0.062080
0.363266
-0.212409
-0.424927
0.244199
0.181452
0.385691
-0.157156
-0.173191
0.266573
-0.042804
0.457678
0.042726
0.068911
-0.231157
-0.201209
-0.395057
0.228412
0.276817
-0.324967
-0.086631
-0.284100
0.021822
0.200893
-0.296772
-0.032646
-0.133832
-0.435302
-0.331810
0.543328
0.075709
-0.232751
0.138842
-0.206642
0.041891
-0.277117
0.315600
-0.065433
-0.212639
-0.324301
-0.318888
-0.173536
0.087773
0.069536
-0.103784
-0.047334
-0.000186
-0.259957
0.922380
0.379487
0.066537
0.297397
-0.460273
-0.086687
0.340056
0.486338
0.587873
-0.052663
0.342601
0.350778
0.241457
-0.077243
0.068335
-0.346422
-0.187407
0.380290
-0.484844
0.043235
0.091037
0.293182
0.124767
-0.182984
0.451759
-0.329749
0.297323
-0.667635
-0.321789
0.048831
-0.044670
-0.350742
-0.079939
-0.074281
0.003074
0.308063
-0.030853
-0.201209
-0.306410
0.117057
0.246942
-0.430215
-0.056801
-0.608101
0.003914
-0.169466
-0.207280
-0.198770
0.073212
-0.161021
-0.187655
-0.273720
0.128120
0.351851
-0.217788
0.010392
0.042797
0.538604
0.121598
0.530658
-0.040839
0.140285
-0.097146
-0.232910
0.002556
-0.005237
0.478623
0.373177
-0.227782
-0.479597
-0.132115
0.165860
0.139359
-0.344333
0.099731
-0.030355
-0.110380
0.120807
-0.032626
-0.081331
0.141627
-0.215905
0.170027
-0.498713
-0.253930
-0.128945
-0.098103
-0.332622
-0.028190
0.037637
0.098237
0.601828
-0.447834
0.113186
0.291004
-0.143816
-0.487226
-0.020333
0.219616
-0.381355
-0.013867
0.263629
-0.221612
-0.193575
0.437260
0.098089
-0.372562
0.160880
-0.221703
0.061659
0.143966
0.334373
-0.061626
-0.059221
-0.052301
0.058685
-0.375294
-0.037395
-0.159922
-0.389234
-0.263059
-0.419263
0.010842
-0.519772
0.581833
-0.609147
-0.043687
0.566088
0.314817
-0.759526
-0.466764
0.057366
0.153213
-0.134322
0.277488
0.168365
0.163555
-0.211216
-0.017795
-0.206872
-0.217318
-0.185317
-0.027907
0.169696
0.077839
-0.113166
0.296178
-0.395923
-0.192423
-0.459781
0.035415
0.171488
0.086798
0.673738
0.076978
-0.224852
-0.046277
0.024691
0.587466
0.626930
-0.048443
-0.540236
0.121021
-0.354449
-0.192644
0.421531
-0.266127
-0.222274
-0.082537
-0.022277
-0.318574
0.034119
0.020569
-0.265335
-0.205377
0.599041
-0.522318
0.056103
0.053334
-0.320376
-0.079696
0.316255
-0.017297
0.074541
0.539009
0.650169
0.591324
0.087644
-0.353236
0.461443
0.118351
-0.022404
-0.132441
-0.015438
-0.062515
0.004235
0.167408
0.062677
0.759164
-0.254250
-0.007092
0.266043
-0.222387
0.095263
0.330239
-0.433240
0.114146
0.143867
0.392260
-0.202203
0.138055
0.029590
-0.336990
-0.458746
0.372521
-0.089161
-0.068035
-0.532060
0.115694
-0.016041
0.215311
0.045174
0.223445
0.381067
-0.312012
0.146649
0.199010
-0.284257
-0.036777
-0.296780
-0.013080
-0.235459
0.036968
0.102696
0.115714
-0.520602
-0.269424
-0.045795
0.417775
-0.434437
0.221615
0.085330
0.416003
-0.256119
-0.124606
-0.539327
0.577630
0.351171
-0.065781
-0.292403
-0.114751
-0.568166
-0.138955
0.233927
-0.002434
-0.310972
-0.559904
-0.090834
0.028071
0.237865
0.146860
-0.000490
0.063975
-0.284282
-0.042482
0.122396
-0.782815
-0.186309
0.387425
0.120457
-0.071671
0.517763
0.103637
0.174474
-0.110285
-0.228069
-0.015238
-0.235069
-0.048294
0.068255
0.240581
0.074033
-0.371713
-0.017617
0.577715
-0.026871
-0.001255
-0.249463
0.398368
0.733789
0.103899
-0.368704
0.559022
0.479435
-0.358742
0.397815
0.471768
0.110030
-0.573763
-0.145366
0.501525
0.230985
-0.115066
-0.369480
0.337538
-0.114280
0.021631
-0.454492
0.327021
-0.060287
0.015340
-0.500773
-0.080789
-0.309173
-0.394249
0.235286
-0.098713
-0.171467
-0.081425
0.385838
-0.217594
0.286418
-0.026969
0.728327
0.227370
-0.292247
0.187390
-0.172783
0.229222
0.431362
0.259670
0.235024
0.050046
0.094491
0.254400
0.274730
0.165620
0.731166
-0.229513
-0.520822
-0.099827
0.226777
0.126595
-0.338105
-0.084149
0.250791
-0.136713
0.135973
0.071204
0.011620
-0.263115
0.122448
-0.808336
0.236189
0.487927
-0.458977
0.277531
-0.532584
-0.844614
-0.074314
0.101769
-0.212606
-0.337771
-0.087298
0.523935
0.562070
0.438321
0.255237
-0.152835
0.056406
0.084809
0.120433
-0.530472
0.356624
-0.437904
-0.231160
0.183768
-0.497189
-0.274418
0.528763
0.191654
-0.036397
0.081346
0.248182
0.097248
-0.350269
0.376184
-0.111286
-0.134550
0.379938
-0.225329
-0.387604
0.011217
-0.379517
-0.198923
0.084013
-0.018874
-0.071836
-0.460234
0.187504
0.294091
-0.163564
-0.358711
-0.017128
-0.050798
0.147444
0.145689
-0.295492
-0.275429
-0.062160
0.139556
-0.280217
0.029661
0.180172
0.087868
-0.223373
-0.019350
-0.201611
-0.125743
-0.431428
0.291548
0.213584
-0.267416
0.289218
-0.203758
-0.183138
0.032877
-0.386095
-0.153046
0.053109
-0.146564
-0.198008
-0.170863
0.225457
0.199760
0.464715
0.199265
-0.028565
0.339402
-0.467374
0.017340
-0.217348
-0.013071
-0.349884
-0.273198
0.214143
0.464335
0.104831
-0.165719
-0.255044
-0.437028
0.013407
0.633301
-0.072705
0.202064
-0.180907
0.132465
-0.087828
-0.471286
0.198235
0.290661
0.338479
0.418480
-0.623894
0.162528
-0.390766
-0.223495
-0.143249
0.157284
-0.350584
-0.112185
0.050821
0.300956
-0.646082
0.259798
0.044782
0.094413
0.172077
0.068685
0.413946
0.057981
-0.204790
-0.259246
-0.274848
0.317427
0.299774
-0.070484
-0.066369
-0.325271
0.176147
-0.081108
-0.131382
0.111317
-0.260508
0.096686
0.102572
-0.754819
-0.080557
0.035461
0.095334
0.206689
0.321286
-0.186817
-0.328883
-0.046825
0.352384
-0.342877
-0.630249
-0.565035
0.196906
0.214470
-0.106549
-0.538877
-0.043957
0.020479
0.288380
0.133989
-0.353973
-0.056694
-0.164043
0.324202
-0.161805
0.392760
-0.035242
0.068040
0.467465
0.092028
0.028089
0.361904
-0.224633
-1.117653
-0.457588
0.346677
0.141371
-0.491005
-0.334549
-0.023479
-0.076618
-0.294793
0.216864
0.082820
0.079132
-0.065230
0.228103
0.202734
-0.124821
0.084885
0.521835
-0.064019
0.081124
0.066386
0.657411
-0.243403
0.178082
0.201415
0.082683
-0.277729
-0.387337
-0.252215
-0.263636
-0.069394
-0.202251
0.516049
-0.344601
0.181417
-0.298242
0.279413
-0.027610
0.466392
-0.013152
0.324202
0.318819
0.024403
-0.201597
-0.213299
-0.038316
0.130734
0.029466
0.314940
0.071062
0.143940
-0.558107
-0.407158
0.220563
0.245019
0.613744
-0.598866
0.028980
-0.201642
-0.079368
-0.388820
-0.032301
0.491611
0.074621
0.003906
0.044733
-0.206749
0.265380
-0.153669
-0.449322
0.096689
0.121429
0.057341
-0.268154
-0.145365
0.279006
0.270981
-0.164295
0.031299
-0.588769
0.036064
-0.121738
-0.506851
0.411976
-0.351581
0.500258
0.682436
0.402613
-0.387162
-0.069397
-0.122220
0.039924
0.273972
-0.021329
0.054501
-0.768009
-0.093096
0.029073
-0.538843
-0.171628
-0.270482
-0.324012
-0.054821
-0.167128
0.510397
-0.771710
-0.121307
0.423252
-0.004868
-0.161856
0.318758
0.242419
0.275064
0.356492
0.262661
-0.168374
0.328286
0.246780
-0.023192
0.383550
0.476922
-0.243780
0.294124
0.522023
0.017903
-0.051262
0.384135
-0.233923
0.019397
0.216155
-0.192180
0.001808
-0.195464
-0.550137
-0.257101
-0.348990
-0.439638
0.311827
-0.099903
-0.195773
-0.020943
-0.155307
0.664685
-0.042680
-0.104687
-0.121065
0.138361
-0.144181
-0.031095
0.100644
0.365188
0.132865
-0.230422
-0.012990
0.652119
-0.361936
0.633436
-0.247946
0.161820
-0.119292
-0.520055
-0.019935
-0.235305
0.128514
0.129802
-0.337338
0.348449
0.124779
-0.284638
-0.100473
0.350590
-0.246874
-0.058208
0.304696
-0.320513
-0.421004
-0.037807
0.207415
0.090871
0.497011
0.125605
0.539034
0.003740
-0.161164
-0.097728
0.404589
0.014621
-0.466344
-0.301374
-0.233493
-0.378117
0.580409
-0.177463
0.342492
-0.152963
-0.365106
0.272224
-0.152007
-0.231642
0.093284
-0.124582
0.561464
0.374201
0.188902
0.288015
-0.192070
0.150160
0.283906
-0.047644
-0.100987
0.179646
-0.045658
-0.201105
0.436268
0.217953
0.233532
0.036571
-0.176983
-0.165844
0.222618
-0.378131
-0.492252
-0.342869
0.201433
-0.116404
-0.155664
0.135741
-0.095281
0.216921
-0.218919
0.444172
-0.448685
-0.083868
-0.142808
0.254919
-0.238193
-0.065295
-0.321085
-0.188069
-0.391406
0.199652
0.083319
-0.052694
0.219067
0.223451
0.084225
-0.215887
-0.153984
0.372228
0.044429
-0.531439
0.061082
0.162614
-0.279896
0.128793
-0.161623
0.035287
-0.210103
0.408345
-0.008501
-0.208776
-0.009424
0.754129
-0.167970
-0.204633
0.069925
0.150520
-0.184291
-0.212131
-0.114510
-0.392329
-0.148353
-0.265158
-0.071941
-0.017954
-0.168050
0.127757
-0.192132
-0.140932
-0.193533
0.202570
0.221394
-0.166198
-0.094099
0.073623
-0.382875
-0.187905
0.266952
-0.199700
-0.469157
0.019799
0.023674
0.138998
0.329856
-0.063765
0.315559
0.118032
-0.051251
-0.270532
0.245710
-0.116349
0.290631
-0.198304
-0.142895
-0.155866
-0.307422
0.271571
0.113361
0.006929
-0.343132
0.134985
-0.095659
0.441472
0.092732
-0.368914
0.217014
0.074816
0.372932
0.024571
0.019080
0.048301
0.624641
-0.002522
0.708807
0.492444
-0.455615
0.566561
0.140944
0.400080
-0.157894
-0.004017
0.058854
-0.032662
-0.239962
0.136976
-0.372534
0.237502
0.190854
-0.064421
0.196773
-0.063519
0.255886
0.012623
-0.495537
0.086506
-0.030182
-0.103645
-0.014542
0.065251
0.367714
0.333678
-0.172435
0.050815
0.260412
-0.041160
0.167366
-0.432324
0.307564
-0.323138
-0.353738
0.089572
-0.188691
0.155475
0.089100
0.270371
-0.029311
-0.305362
0.588944
0.162572
0.215875
0.174387
-0.341891
-0.414774
0.527670
0.064110
-0.317748
0.322492
-0.291690
0.209236
0.072209
0.349121
0.094666
0.457598
-0.525190
0.271505
0.381336
-0.433320
0.130705
0.189955
-0.373624
-0.170628
-0.411873
-0.166915
0.411237
-0.005072
0.132072
-0.190930
0.335049
0.244416
-0.085046
0.066389
0.377554
0.043502
-0.067826
0.223332
-0.431118
0.078369
0.198104
-0.275889
0.168176
0.122405
0.015192
-0.276043
0.354134
0.178127
-0.438450
0.312746
-0.089834
0.271512
-0.522636
-0.472399
0.306088
-0.371979
0.173941
-0.115260
-0.070737
-0.005985
-0.093148
-0.304593
-0.263012
0.660951
0.425391
-0.426051
0.085202
-0.051137
0.612085
0.176482
0.252867
0.243884
0.550970
-0.293471
-0.035909
-0.057181
-0.037167
0.361798
0.040251
-0.237995
-0.359467
-0.178069
0.023769
-0.030312
-0.096914
-0.173859
-0.495164
0.204326
0.208848
-0.261042
-0.123783
-0.282607
0.419101
0.360742
0.382532
-0.635839
-0.138694
0.093294
-0.453456
0.061082
0.148539
-0.068021
-0.273275
0.239363
0.198787
0.077412
0.410242
-0.399810
-0.671273
-0.241949
-0.136128
0.139752
-0.216304
0.123651
-0.294044
-0.139113
-0.030215
-0.061987
-0.444842
0.366021
-0.179294
-0.455457
0.304063
-0.058192
-0.084003
0.103149
0.140327
0.088248
-0.299154
0.138146
0.166997
0.509006
-0.104746
-0.032449
-0.306768
-0.275177
-0.094045
0.580860
-0.469938
0.044178
-0.209868
-0.155013
-0.016547
-0.152323
-0.353617
-0.425429
0.110765
0.105452
0.000675
0.027635
-0.332333
-0.128868
-0.283904
0.017336
-0.287909
0.437506
-0.269753
0.250472
0.031254
0.062619
-0.192952
0.125106
0.449431
0.064983
-0.052080
-0.026523
-0.042586
0.124111
-0.313648
0.395481
-0.310803
-0.175602
0.107739
0.179404
0.185534
-0.468161
0.861581
0.242540
-0.151626
-0.102515
-0.645901
-0.147860
0.225946
0.034644
0.194256
0.300588
0.022156
-0.275215
0.248867
0.440506
0.097432
-0.256875
0.281989
0.491227
-0.278374
-0.111643
0.630953
-0.169996
0.129354
0.207591
0.076633
0.132503
0.230988
-0.151241
-0.521045
-0.017969
0.062115
0.483363
-0.310009
-0.118120
0.155960
-0.210878
0.008599
-0.664232
0.307001
-0.413480
0.197086
-0.173008
-0.386217
-0.676051
0.150542
0.297347
0.152856
0.729312
0.017608
0.559934
-0.070254
0.006700
0.299270
0.332376
0.239591
0.082367
0.306052
-0.296640
0.345267
0.258819
-0.274402
0.056796
-0.064685
-0.000963
-0.038044
-0.058762
0.030536
-0.322896
0.004771
-0.296931
-0.455211
-0.053913
0.117030
-0.608606
-0.480154
-0.190895
0.305779
0.023535
-0.348767
-0.026226
0.432863
-0.018696
-0.092466
0.120502
0.328686
0.226652
-0.445270
-0.078020
-0.344623
0.000649
0.412889
-0.605690
-0.594847
-0.372030
-0.032372
-0.067216
0.445443
0.233331
0.254625
0.541268
-0.148641
-0.055175
0.276110
0.352533
-0.339604
-0.072753
0.152481
0.180658
0.458117
-0.271720
0.149858
0.344925
-0.020474
0.431736
0.026056
0.171529
0.067915
0.270109
-0.371567
0.283143
-0.459037
-0.216609
0.172353
0.437018
-0.332779
0.004849
-0.150682
-0.062815
0.364918
-0.550071
0.012773
-0.003446
-0.053740
0.497350
0.066230
0.088260
0.204435
0.183499
-0.214628
-0.073928
0.396850
0.372072
0.483544
0.035763
-0.205204
-0.559774
-0.573639
0.249700
-0.038609
0.505364
0.090823
-0.127976
-0.123905
-0.226849
-0.340766
-0.500678
-0.281215
0.153548
-0.075336
0.274471
-0.213248
0.286367
-0.021658
-0.169938
-0.491463
0.068467
0.042023
0.329521
-0.217787
0.165914
0.265533
-0.367870
0.151118
0.402607
0.074038
-0.424575
0.205525
0.480303
-0.259730
0.004459
0.243836
-0.937050
-0.222604
-0.253212
0.114412
0.270044
0.049741
0.095518
0.310361
-0.185164
0.176833
-0.274358
0.192320
0.293849
0.159125
-0.031676
-0.088583
0.332085
0.057264
0.069975
-0.513016
0.204132
0.591388
0.202366
0.239648
-0.135597
-0.206174
0.132257
0.579528
0.121041
-0.021368
0.345194
-0.133347
0.082902
0.398948
-0.699777
-0.022362
-0.231174
-0.187503
-0.286083
-0.445796
-0.024320
0.073207
-0.051242
0.021449
0.107841
0.033285
-0.078998
-0.236332
-0.087807
-0.617081
-0.027930
-0.179253
0.011758
-0.122621
-0.004587
0.381571
-0.109075
0.020982
-0.316016
0.117526
0.028727
0.097325
0.106620
-0.039460
-0.357187
-0.106171
-0.555760
0.264037
-0.227889
0.716426
0.514293
-0.296174
0.204474
-0.373556
-0.592576
0.330514
-0.321776
0.444181
0.506863
0.626095
0.251986
0.509363
-0.064711
-0.335179
-0.254845
-0.003600
0.530467
-0.353487
0.678347
-0.174643
-0.369888
0.054533
-0.559062
0.139535
-0.209349
-0.105249
-0.224948
-0.005241
0.433561
0.075810
-0.403070
-0.761813
0.102699
-0.478513
0.017496
-0.146536
0.213433
0.178803
-0.206097
-0.567944
0.022040
0.054949
-0.125349
-0.011477
-0.041920
-0.066164
0.403549
-0.554159
-0.146592
0.190915
-0.366971
-0.007010
0.371818
0.062399
0.134393
-0.210756
-0.410048
-0.203055
0.372646
-0.094018
-0.110655
-0.117749
-0.311923
0.655400
-0.367492
0.874597
-0.384896
0.073114
0.309670
-0.178785
-0.142880
0.156321
0.612391
0.146095
-0.309256
0.292499
0.325043
-0.225694
-0.294750
0.123319
-0.856251
-0.310222
0.169840
-0.371051
-0.096692
0.348066
-0.149664
-0.152364
-0.022488
0.260565
0.058904
-0.061862
0.095208
-0.284862
-0.005853
0.126754
0.019724
-0.018980
0.133501
-0.320105
-0.310082
0.215866
0.245176
0.062287
-0.761418
0.316321
0.026564
0.114893
0.024038
0.317232
-0.162573
-0.062224
-0.364162
-0.066289
-0.260701
-0.303585
-0.030469
0.156864
0.229750
0.102222
0.044153
0.039794
-0.550392
0.357748
-0.104245
-0.268831
-0.080865
0.023097
-0.693888
-0.696511
0.327574
-0.198029
-0.198803
-0.012657
-0.417368
0.103361
0.238219
-0.043879
0.112506
-0.292574
0.043191
-0.006470
0.040915
-0.060417
-0.011797
0.006740
-0.495281
0.421708
-0.834798
-0.334133
-0.110260
-0.442801
-0.180045
0.084107
-0.464701
0.000558
0.137093
0.364350
-0.289050
-0.277314
-0.516172
0.052465
0.165676
-0.434167
-0.357879
-0.494027
-0.099503
-0.138336
0.653406
-0.164695
-0.384204
-0.149739
-0.033554
-0.029461
-0.084765
-0.030973
0.185924
0.279418
-0.311839
0.255137
0.185845
-0.133521
-0.163897
0.112093
0.426914
-0.088770
0.151607
0.139171
0.564278
0.503148
-0.383848
0.168180
0.042594
0.115776
-0.234588
-0.265886
0.003284
-0.326524
0.104565
0.000556
0.025278
0.077261
0.343185
0.004424
0.648847
0.045355
-0.085604
0.024385
0.115691
0.207942
-0.190489
-0.029599
-0.562843
0.605720
-0.163599
0.228708
0.194501
0.248047
0.090529
0.116137
0.297011
0.255349
0.265320
-0.062598
-0.117651
0.219141
-0.016728
0.160143
0.400502
0.192685
0.449081
-0.260877
0.158916
0.512234
0.332807
-0.058415
-0.131490
0.182816
0.057847
0.028863
-0.092914
0.044965
-0.120991
0.159052
0.444098
-0.356223
-0.153603
0.175035
-0.113334
-0.154229
-0.319225
-0.551080
0.002117
0.264045
0.522915
0.345895
-0.161612
-0.511276
0.216703
0.031743
-0.182524
0.022797
0.477563
0.164336
0.060560
-0.464040
0.492364
0.209062
-0.191596
-0.071944
0.148474
-0.238538
-0.166787
-0.415608
-0.272485
0.091959
-0.065824
-0.248588
0.381470
0.074214
0.172088
0.340264
0.280424
0.078004
-0.025483
-0.152012
-0.316461
-0.018342
0.417344
-0.434810
-0.118132
-0.084428
-0.220958
-0.038722
0.055066
0.300063
0.467224
0.445006
0.071425
0.409356
-0.053482
0.048290
0.174363
-0.049369
0.003264
-0.091754
-0.167753
-0.097335
-0.078944
-0.389523
-0.083444
-0.168606
-0.201664
0.154315
-0.173665
-0.253263
-0.358706
0.198000
0.478697
-0.076453
-0.117859
0.154290
-0.346045
-0.342075
0.071230
0.199102
-0.484741
0.014609
-0.160772
-0.152101
0.160517
0.283647
-0.171791
0.266008
0.114049
-0.230114
-0.027166
-0.075251
-0.239460
0.128699
-0.210059
0.505723
0.138995
0.155624
0.617489
0.151077
0.137327
-0.309419
0.219085
0.025996
0.361040
0.351726
0.255844
0.103254
-0.161397
-0.145655
-0.275362
0.172033
-0.064123
0.392153
-0.081227
-0.032418
0.018372
0.179964
-0.601165
0.089026
0.252396
-0.033089
-0.053839
-0.096658
0.446660
-0.107819
0.336018
0.005897
-0.186827
0.142933
-0.401093
-0.383948
0.198581
0.318737
-0.500112
-0.316062
0.245642
-0.184913
0.077629
0.142653
-0.216442
0.099196
-0.464805
-0.068748
0.006902
-0.782552
0.238189
-0.257453
-0.164073
-0.024504
-0.124840
0.086985
-0.120638
0.392078
-0.124615
0.421736
-0.412882
-0.103454
0.312835
-0.066143
0.143932
-0.150374
0.027372
0.002207
-0.340314
-0.034744
-0.256459
0.402548
-0.200874
0.294160
-0.268878
-0.101162
0.126647
-0.484865
0.108044
-0.414882
-0.279037
0.037647
0.119730
0.344237
0.191338
0.052520
0.202731
-0.029522
-0.081964
-0.021040
-0.541461
0.225866
-0.004813
-0.289128
0.237563
0.223510
-0.706440
-0.095075
0.257344
0.203801
0.041515
0.244521
0.242060
0.175841
-0.199970
-0.171728
-0.095168
-0.471445
-0.121756
0.317356
0.183930
0.104045
-0.038753
0.174668
0.026961
-0.440841
0.045848
0.451891
-0.660474
-0.176913
0.483213
0.230941
0.199542
-0.308097
-0.134656
-0.807549
0.544487
0.194941
0.033408
-0.082493
0.134242
-0.068833
0.236295
-0.191710
0.336462
-0.251451
-0.418333
0.124445
-0.331246
-0.176823
0.175402
-0.189461
-0.061400
-0.338008
-0.286338
0.276418
0.277859
0.033787
-0.082433
-0.155907
-0.076147
0.239942
0.665704
0.143876
-0.037048
-0.203503
-0.532212
0.310277
-0.630050
0.178470
-0.474089
0.009886
-0.315450
-0.335598
0.182856
0.538769
-0.077940
-0.092180
0.593148
-0.061091
-0.331013
0.430791
0.162755
-0.174341
-0.189722
0.148192
-0.011550
0.184509
-0.183697
-0.224474
-0.301659
0.382900
0.290644
0.185892
0.253409
0.482853
-0.044102
0.349118
-0.119422
-0.465031
-0.079285
-0.420534
-0.222208
-0.483332
0.402029
-0.402665
0.637238
-0.398481
-0.298154
-0.031916
-0.065510
-0.565195
-0.077509
-0.254387
-0.361349
0.483066
0.483403
-0.179387
-0.030242
-0.060751
0.029660
0.144967
0.301395
0.117938
-0.244640
-0.099344
-0.281267
-0.072020
0.047842
0.030465
-0.294952
-0.605150
0.026570
-0.016084
0.037597
0.187565
0.016240
-0.190638
0.541935
0.238796
-0.349659
-0.110824
-0.036527
0.579417
0.236370
-0.352398
0.502682
-0.192999
0.250574
0.277404
-0.383155
0.290801
0.014774
-0.023988
0.320150
0.317714
-0.053861
-0.013953
0.204842
0.316606
0.180996
0.166849
0.399845
0.100486
0.561294
0.130759
-0.075217
0.105376
0.007904
-0.194965
0.035118
0.112514
0.629215
0.266559
0.166949
0.258662
-0.099925
0.034392
0.410869
-0.152090
0.000583
-0.132162
0.110910
-0.450664
-0.720089
0.250593
-0.074456
-0.310287
0.194390
-0.129310
0.266008
-0.202687
0.482081
0.511894
0.042338
0.184431
-0.285902
0.457843
0.249764
0.219560
-0.124333
-0.165352
-0.412358
0.021205
-0.427688
-0.072953
-0.310127
-0.333418
0.215264
-0.163436
-0.110987
-0.129145
-0.125884
0.183558
0.499278
-0.546154
-0.273347
0.075276
-0.259570
0.341521
0.053036
-0.372178
-0.045679
-0.029524
-0.176285
0.211978
-0.284860
0.295506
-0.302186
-0.043713
0.422531
0.186942
-0.058863
0.217488
0.286169
0.375451
-0.112307
0.408916
0.234645
0.211059
-0.513400
0.003069
0.256436
-0.137295
-0.163847
0.305101
0.053872
0.551711
-0.281621
-0.310458
0.100963
0.329033
-0.072924
0.195684
0.145443
-0.168768
0.145351
0.251833
0.042093
0.365991
-0.485803
0.157823
0.023474
-0.171876
-0.075925
0.274015
-0.016859
-0.126679
0.114858
-0.110845
-0.161629
-0.285771
0.262014
-0.174977
-0.404576
-0.372542
-0.390542
0.034642
-0.125535
-0.146605
0.127417
-0.192086
-0.206839
-0.086578
0.248711
-0.392197
0.038677
-0.171493
-0.224973
-0.126636
-0.291713
0.177269
0.057378
-0.276055
0.660699
0.169305
-0.460828
-0.052134
0.313854
0.284269
-0.145819
0.274634
-0.281043
-0.211552
0.324365
-0.154894
0.090137
0.311034
0.141692
-0.189281
0.010998
-0.256900
-0.172695
-0.240073
0.091895
-0.314723
0.276190
-0.344126
0.025669
0.079096
-0.512833
-0.309982
-0.124342
-0.084968
0.381137
-0.125365
-0.036580
0.077226
0.322947
-0.414855
0.416928
0.075601
0.044510
0.003863
0.029960
0.577571
0.049668
-0.012527
0.059920
0.011706
0.314804
0.029557
-0.359418
0.075379
-0.018370
0.194675
0.187118
-0.191920
0.152344
0.418308
0.116090
0.004894
-0.158450
0.095905
0.165120
0.119736
-0.028235
-0.084992
0.411514
0.189147
-0.108563
0.144501
-0.150833
-0.440826
-0.074104
0.490081
-0.486552
-0.266969
-0.017920
-0.224446
-0.481231
0.395913
-0.204943
-0.069841
-0.110626
-0.082553
-0.177191
0.169981
0.148847
0.675417
0.166460
-0.414817
-0.039676
-0.394584
-0.145312
-0.267733
-0.163417
0.189323
0.238262
0.213267
0.262751
0.431533
0.067984
0.002442
-0.135411
-0.002841
-0.247564
-0.166884
0.380681
0.013194
-0.012476
-0.447650
0.124118
0.585187
-0.058839
-0.515632
0.111873
0.013589
0.498718
0.183626
0.309582
0.183035
0.105946
-0.277702
-0.063292
-0.535569
0.156193
0.526580
-0.211017
-0.219285
-0.245787
0.238445
0.070201
0.106617
-0.250424
0.140226
0.189463
-0.272877
0.773153
-0.230727
0.369912
0.047207
-0.075424
-0.476229
-0.275917
0.278361
0.081558
0.559277
0.003370
0.245580
-0.172270
0.116339
0.168715
-0.346887
-0.269133
-0.012647
-0.250815
-0.359861
0.252090
-0.363780
-0.028856
-0.329980
0.015877
0.272572
-0.198365
-0.021832
0.315120
0.351743
-0.124168
0.173725
-0.033135
-0.271177
-0.527414
0.129422
-0.063160
-0.263285
-0.193250
0.004436
0.415431
0.283265
-0.146882
0.129509
-0.128761
-0.155061
-0.195655
0.035465
-0.608266
-0.066562
0.101607
0.204088
0.142352
-0.232999
-0.438827
-0.194931
-0.237701
0.761135
-0.276725
0.653084
0.096493
0.303723
0.008385
-0.088322
0.220831
0.138483
-0.182254
0.037898
-0.196379
0.028216
-0.170364
0.086396
0.147155
-0.242541
0.029192
-0.646054
0.186746
-0.204954
0.595188
-0.112772
0.059467
-0.353468
0.080114
0.230064
0.180148
-0.265796
0.115558
-0.218224
0.108932
-0.472374
0.042085
0.327428
0.408806
0.317223
0.200469
0.025391
0.575559
-0.321517
-0.185790
-0.547140
0.016826
-0.079280
0.211564
-0.282827
0.357581
-0.008196
-0.496077
-0.693500
-0.005758
0.412106
0.085682
0.278688
-0.091571
0.195141
-0.149013
-0.064849
0.066269
0.133300
0.462134
0.171545
-0.035778
-0.260110
-0.693830
0.172218
-0.263926
0.061211
0.202907
-0.225648
-0.047197
-0.397275
-0.298104
-0.352323
-0.224678
-0.060808
-0.386723
0.118004
-0.285542
0.450245
0.164214
-0.282581
-0.180451
-0.084549
0.096754
-0.015077
-0.363316
-0.172622
-0.354085
-0.401806
-0.031648
-0.018964
0.109727
0.194369
0.158642
-0.557495
-0.133057
0.083295
-0.237165
-0.042673
0.235424
0.232377
0.059138
-0.053688
0.168315
0.568464
0.129270
0.357589
0.386582
0.071632
0.175595
-0.043771
-0.252119
0.071243
0.047158
0.291719
0.172189
0.151443
-0.049777
-0.198227
-0.465841
0.308547
0.249696
-0.241032
-0.082265
-0.089634
0.654393
-0.091810
-0.157808
-0.122982
0.059583
-0.028445
-0.170107
-0.331140
0.039111
0.286298
0.009372
0.144084
0.069828
0.157255
0.278688
0.061426
-0.134441
-0.399465
-0.060584
0.213923
0.187924
-0.101859
0.146716
0.489658
0.419180
-0.556638
0.067351
-0.316300
-0.380150
-0.010789
-0.566871
-0.638820
-0.596675
-0.059398
-0.148463
0.016244
0.381654
-0.117403
-0.600052
-0.155226
0.146716
-0.182377
-0.525042
0.256078
0.149503
0.235683
-0.320082
0.519327
-0.030130
0.309959
0.304638
-0.177062
0.052143
0.013369
0.116790
0.416864
0.054223
-0.389310
0.013999
0.293379
-0.054723
-0.161150
0.360596
-0.266301
0.462481
-0.124342
-0.141071
-0.340244
0.347164
0.188378
-0.525273
0.116945
-0.405809
0.132904
0.028023
-0.083843
0.082843
-0.173207
0.024281
-0.052350
-0.149901
-0.347237
-0.113437
0.132053
0.179847
0.530528
-0.174150
-0.003922
-0.194908
-0.261993
0.226689
-0.375738
