# 参数名称：invres2.conv.4.weight
# 参数形状：(384,)
# 参数数据类型：float32
# 参数值（保留6位小数）：
0.958699
0.931535
0.983115
0.973324
0.940724
0.977619
0.990118
0.990932
0.964339
0.963883
0.958428
0.991247
1.008273
0.907630
0.930237
0.963890
0.969770
0.985412
0.946805
0.928036
0.962625
0.989395
0.972525
0.957290
0.961244
0.936070
0.928496
0.955382
0.919504
0.920911
0.982229
0.939903
0.970344
0.987557
0.932633
0.978542
0.982031
0.996540
0.978733
0.978230
0.924689
0.980956
0.944499
0.910330
1.004991
0.935645
1.003534
0.948720
0.958927
0.969749
0.949784
0.990350
0.959181
0.914531
0.936287
0.961517
0.940792
0.949897
0.954008
0.988483
0.925696
0.927846
0.942485
0.971589
0.967154
0.984824
0.943446
0.964562
0.970327
0.962329
0.967924
0.987947
0.941151
0.948358
1.008207
0.937042
0.966931
0.998253
0.986558
0.942502
0.946486
0.988513
0.937830
0.921091
1.042351
0.949275
0.989508
0.962762
0.955482
0.950750
0.940134
0.936528
0.971993
0.953711
0.919663
0.963971
0.938152
0.978023
0.967717
0.937137
0.934822
0.929234
0.966904
0.967201
0.974481
0.946960
0.976820
0.979649
0.976359
0.943102
1.014672
0.953071
0.905472
0.957297
0.957288
0.955319
0.951815
0.940625
0.975971
0.987370
0.919285
0.945862
0.995708
0.959753
1.060010
0.927332
0.965258
1.001380
0.963872
0.950514
0.980001
0.973569
0.938249
0.956761
0.981367
0.945744
0.940809
0.937995
0.955154
0.947567
1.003470
0.960332
0.961405
0.967130
0.967490
0.999661
0.979029
0.953217
0.968069
0.991217
0.950610
0.966733
0.934748
0.962503
0.925280
0.931949
0.999424
0.959246
0.982993
0.988005
0.966453
0.964911
0.969425
0.962311
0.945738
0.962584
0.954172
0.932874
0.962329
0.929222
0.976826
0.957127
0.945651
0.991106
0.950844
0.965849
0.926304
0.980291
0.941627
1.017475
0.927636
0.953704
0.966940
0.961167
0.940035
0.986186
0.939903
1.008162
0.969942
0.923960
0.971272
0.947453
0.972382
0.927617
0.944892
0.971843
0.928901
1.001195
0.960437
0.991666
0.948143
0.984259
0.932338
0.989415
0.974766
0.946503
0.966468
0.958925
0.985899
0.964249
0.963606
0.990778
0.962520
1.009415
0.922338
0.943891
0.943850
0.944133
0.968858
1.022135
0.993813
1.080404
0.951653
0.956318
0.968669
0.952966
0.986966
0.962397
0.964205
0.952939
0.946301
0.927058
0.997818
0.957708
0.971352
0.967589
0.993915
0.967751
0.986621
0.940670
0.947648
0.968774
0.967822
0.992670
0.995020
0.989718
0.949047
0.968058
0.963636
0.964018
0.952705
0.929349
0.954932
0.985817
0.974010
0.981490
0.984509
0.950384
0.921890
0.977061
0.962646
0.995767
0.983077
0.972933
0.940784
1.011619
0.976902
0.963912
0.953145
0.947380
0.927101
0.952006
0.927221
0.972217
0.964216
0.965885
0.957151
0.966182
0.959047
0.988186
0.955632
0.941812
0.960302
0.966052
0.969850
0.990597
0.967190
0.980591
0.945759
0.982766
0.959008
0.954596
0.976774
0.945128
0.966961
0.967857
0.982751
0.946501
0.936893
0.975995
0.969698
0.956086
0.980745
0.943079
0.940603
1.002172
0.983246
0.942094
0.957975
0.956551
0.959127
0.967761
0.955067
0.937979
0.992682
0.955709
0.966227
0.954254
0.935446
0.984804
0.968686
0.946849
0.953654
0.975068
0.975905
0.944771
0.942373
0.994595
0.936841
0.964352
0.963987
0.969652
0.965956
0.984820
0.946866
0.949199
0.952243
0.954874
0.954423
0.987574
0.963770
0.982838
0.950240
0.951467
0.948840
0.963312
0.945760
0.982420
0.953424
0.969578
0.968351
0.958623
0.997879
0.983083
0.953730
0.945957
0.953738
0.945010
0.914961
0.948139
0.966327
0.937946
0.993543
0.976608
0.930844
0.927327
0.947766
0.959003
0.974926
0.969283
0.918752
0.945590
0.961544
0.959516
1.018911
0.963868
0.945703
0.949024
0.962263
0.960102
0.931891
0.958258
0.963295
0.971087
