# 参数名称：invres1.conv.4.bias
# 参数形状：(1152,)
# 参数数据类型：float32
# 参数值（保留6位小数）：
-0.003641
-0.012597
-0.027005
-0.004621
0.010536
0.004897
0.004218
-0.025533
0.005234
0.009720
0.005062
0.013424
-0.025168
-0.017433
0.000984
-0.006646
-0.002247
0.001170
-0.001408
-0.002074
0.000113
-0.012583
-0.009565
-0.003574
-0.003571
-0.013123
-0.007422
0.002989
-0.007177
-0.030230
-0.019273
0.000401
-0.009608
-0.003226
0.010980
0.005565
0.005159
0.012364
-0.005616
0.000529
-0.004335
-0.000736
0.011486
-0.002237
-0.013071
-0.017100
0.002700
-0.016984
-0.017592
-0.001869
-0.021403
-0.003231
0.001983
-0.000230
-0.002729
-0.014039
0.001945
0.009515
-0.006565
-0.012004
-0.000877
-0.011195
-0.022930
0.008648
0.001032
0.000722
0.005127
0.003794
0.011427
-0.035655
-0.014187
0.000338
-0.003051
-0.004095
0.008503
-0.022340
-0.012449
0.013994
0.008891
-0.007974
0.014670
-0.000019
-0.006712
-0.010382
-0.006651
-0.011841
-0.013523
0.008318
-0.028452
-0.002089
0.006143
0.007494
-0.004650
-0.001732
0.002784
-0.021177
-0.011123
-0.006294
-0.006663
0.010524
0.006991
-0.004820
0.011330
-0.024145
0.000417
0.004215
0.009157
-0.003249
0.007918
-0.005290
-0.022222
-0.012481
0.003572
-0.004805
-0.002698
-0.005521
-0.005071
0.014991
-0.001929
0.000400
-0.002729
0.005969
0.003239
-0.023572
-0.023496
-0.008549
-0.009577
-0.009085
-0.006744
0.005401
-0.011755
-0.025596
-0.004166
0.017066
0.003007
0.010274
-0.002826
-0.014115
0.000948
-0.009714
0.009243
0.003490
-0.019034
0.010325
0.008349
0.016308
0.005291
-0.023150
0.003841
-0.012816
-0.019547
0.005965
-0.024090
0.000945
0.003228
-0.016027
-0.019912
-0.011492
0.004316
0.003732
-0.003343
-0.000539
-0.008692
-0.001331
-0.016905
0.007041
0.012480
-0.002902
-0.021669
0.000069
-0.008321
0.014731
0.008316
0.002326
-0.025020
-0.005292
-0.006333
0.008077
-0.001194
-0.011858
-0.025343
0.016284
-0.002831
0.003853
-0.006284
0.004375
0.009538
-0.012162
0.005253
-0.003823
-0.010786
-0.005870
0.010949
-0.002023
0.006669
-0.005848
0.009596
0.005809
-0.004003
0.006826
-0.020907
-0.019016
-0.002446
0.009792
-0.006200
0.001340
-0.008261
-0.000696
-0.022253
0.002857
0.001943
0.005687
-0.001961
-0.000953
0.000540
0.003174
0.002838
-0.013714
0.006169
-0.008952
-0.007532
-0.001530
0.013690
-0.019316
-0.026163
0.016759
0.000985
-0.008558
-0.005199
-0.009837
0.021858
-0.006658
-0.008482
-0.003691
-0.002255
0.001947
0.000402
-0.024676
-0.030236
0.000580
0.000256
-0.001402
-0.005576
-0.002666
-0.023727
-0.019047
0.001137
0.001262
0.003776
0.013083
-0.008121
0.004682
-0.020824
-0.002008
-0.011574
0.014489
-0.017399
-0.024004
-0.019781
-0.029041
-0.004113
0.003412
-0.005391
-0.002938
0.008521
0.011907
-0.011437
0.004979
-0.030774
0.001086
-0.018431
0.002274
0.001721
0.000824
-0.003772
-0.011375
0.015756
-0.006800
-0.021837
0.016083
0.003135
-0.010698
0.010595
0.001059
0.003350
0.000640
-0.001168
-0.003214
-0.009553
0.002883
-0.001690
-0.008597
0.000051
-0.000766
0.011580
0.006831
0.002375
-0.005604
-0.007736
-0.007917
-0.024824
-0.019129
0.005634
-0.002505
-0.004839
-0.002414
-0.004162
-0.002988
0.006357
0.011029
0.003920
0.000648
-0.009579
0.004392
0.012469
-0.004735
-0.004437
0.004292
-0.012116
-0.009792
-0.004150
0.007857
0.020366
0.005101
0.005000
0.005787
-0.015535
-0.018421
-0.009065
-0.014443
0.000357
-0.009191
-0.015773
0.002452
-0.028619
0.024737
0.004636
-0.002559
0.015195
-0.010135
-0.004039
0.001798
-0.012980
-0.000999
-0.002112
0.005577
-0.024622
-0.005925
-0.023425
-0.008412
-0.013447
-0.000074
0.010418
-0.000450
-0.005952
0.003593
0.006993
-0.007115
-0.000975
-0.014572
-0.000213
0.007393
-0.004321
-0.020946
-0.020294
0.007511
0.000925
-0.001778
0.029820
0.000891
0.015281
-0.012893
-0.000654
-0.021183
-0.002648
-0.000094
0.001638
-0.006220
0.005706
0.008317
-0.021992
-0.012976
0.005956
-0.009892
-0.007276
-0.018897
0.017822
-0.007069
0.008337
-0.003786
-0.007893
-0.005620
-0.026532
-0.025454
-0.000403
0.007359
0.000603
0.006195
0.000722
-0.006764
-0.012376
0.000238
0.002992
-0.005534
0.009705
-0.014021
-0.011120
-0.011338
0.002953
-0.004360
0.008240
-0.012027
-0.019758
0.002968
-0.027571
0.004576
-0.030247
-0.023728
-0.009506
0.001381
-0.016400
-0.002208
-0.004999
0.000104
-0.002259
-0.005858
0.002627
-0.002937
-0.003390
-0.002733
-0.021122
-0.009710
0.015017
0.000623
-0.003934
0.003996
-0.025429
-0.000680
-0.029528
0.001204
-0.016038
0.001845
0.013481
0.007298
-0.010363
-0.028048
-0.003510
-0.003219
0.010635
-0.011634
-0.005660
-0.005689
0.001476
-0.017463
-0.000813
-0.003437
-0.005211
-0.003679
-0.015890
-0.006039
0.000117
-0.006835
0.000601
-0.012576
-0.009048
-0.018842
0.000947
0.006078
-0.008852
0.007753
0.014304
-0.023629
-0.000827
-0.004378
0.000262
-0.000153
0.004894
-0.018767
-0.004256
-0.005016
0.010819
-0.007405
0.008135
0.014022
-0.003591
-0.009342
-0.010824
-0.031269
-0.007174
-0.004958
0.009669
-0.012331
0.005800
0.005926
0.005090
0.004300
0.000570
-0.011982
-0.006805
-0.004059
-0.005959
0.010888
-0.007163
-0.013393
-0.024446
-0.001337
-0.007981
0.015946
-0.001286
0.008390
0.002616
-0.003784
-0.002493
-0.013261
0.012757
-0.014112
-0.007666
-0.020871
-0.000548
0.001277
-0.023413
-0.001768
0.000379
0.008825
0.007481
0.003562
-0.029603
0.000144
0.000527
0.007310
-0.004258
0.012524
0.005290
0.007971
-0.008278
-0.005586
0.004874
-0.022666
0.011098
0.006020
0.002714
-0.006367
0.003463
0.001280
-0.013768
0.002279
-0.010341
-0.002836
-0.001800
-0.010695
-0.007349
-0.001112
0.004164
-0.027715
-0.005059
-0.015608
-0.002801
0.011162
0.005289
-0.008310
-0.023745
-0.003777
0.008106
-0.014901
-0.005221
-0.007495
-0.004331
0.003686
0.002703
0.000321
-0.008614
-0.003319
-0.001731
-0.003470
0.007288
-0.008664
0.002478
-0.017673
-0.028749
-0.019844
-0.005459
0.001270
-0.007555
-0.002883
0.014017
-0.006560
-0.003705
0.003369
-0.011178
-0.016634
-0.003345
0.019950
0.008915
-0.021131
-0.002229
-0.009508
0.010326
0.006128
-0.007965
0.010749
-0.005297
-0.023924
0.016350
0.005780
-0.002626
0.006717
0.002602
0.002148
0.010491
-0.024971
-0.017670
0.009640
0.000684
-0.024367
-0.001475
0.014951
0.008584
-0.000421
-0.002683
0.003961
0.001412
0.000358
0.000228
-0.002496
0.010323
-0.027990
-0.016240
-0.010293
0.002100
-0.007371
-0.001948
0.002561
-0.002269
-0.004823
0.007745
-0.020494
-0.013571
-0.009348
-0.007153
-0.012441
-0.027843
-0.004343
-0.032580
0.003835
-0.026581
0.008745
-0.002697
0.000728
0.012081
0.010511
0.001371
-0.022770
0.002782
0.000673
0.009229
-0.013313
0.006461
-0.010286
-0.001793
0.001039
-0.010961
0.003313
0.002591
-0.021446
-0.010390
-0.001020
-0.015088
0.016339
-0.004062
-0.015610
-0.005413
-0.007232
-0.003268
-0.030439
0.005292
0.001202
0.004828
-0.013706
-0.014918
-0.009292
-0.000610
-0.010045
-0.012801
-0.003526
0.008221
0.001237
0.000636
0.005544
0.002504
0.002098
-0.032941
0.011598
-0.003181
0.009323
-0.025674
0.000505
-0.023145
0.008968
0.009525
-0.000557
0.001563
0.012734
0.006457
-0.004723
-0.006112
0.015032
-0.003483
-0.004889
0.002210
-0.029812
0.002892
-0.027291
-0.003129
-0.015488
0.002450
-0.009261
-0.015007
0.003515
-0.010827
-0.031617
0.010245
0.002050
0.000754
0.001962
0.003737
0.012489
-0.005703
0.005197
0.005882
-0.003165
-0.000075
0.003408
-0.002055
0.009193
0.002254
-0.013523
-0.017483
0.011049
0.005784
0.003374
-0.023909
-0.001508
0.004140
-0.000286
0.007957
-0.013514
-0.001064
0.009712
-0.006467
-0.004279
0.002204
-0.006133
-0.012440
0.003266
0.000852
0.015555
-0.011577
-0.006690
-0.012261
0.002394
0.005775
0.001517
0.009576
0.007202
-0.005823
0.004728
0.005233
-0.010972
0.003493
-0.009030
0.006270
0.008378
-0.002568
0.006904
-0.026247
0.001419
0.009174
0.000268
-0.009731
-0.017912
-0.014585
-0.029697
-0.024415
0.007388
-0.021986
-0.023812
-0.010436
0.002663
-0.023797
-0.002631
-0.002498
-0.003216
-0.001105
0.006418
-0.002607
-0.027149
-0.029538
-0.006687
-0.017120
0.004519
-0.033578
-0.031037
-0.001839
0.008887
-0.003927
-0.000585
0.004277
0.008954
0.010609
0.001347
-0.003888
-0.030933
0.004593
-0.001363
0.003533
-0.017504
-0.005997
0.013129
0.004799
-0.012390
0.009332
0.006901
0.011152
-0.005007
0.000753
-0.026175
0.002798
0.001690
0.012170
-0.013246
-0.003921
-0.015572
0.014676
0.021835
0.004777
-0.006094
0.004355
-0.002256
0.016712
-0.001711
-0.006788
-0.005918
-0.006862
-0.000192
-0.012141
0.004426
-0.008400
-0.001072
0.010288
0.007972
-0.001356
0.009278
-0.019974
-0.016954
-0.025769
0.009331
0.010044
-0.003625
0.018706
0.011170
-0.000208
-0.009453
-0.014605
-0.000764
0.005897
0.001447
0.012275
0.002044
-0.004822
-0.012988
-0.012134
0.004620
0.008600
-0.001709
-0.003111
0.006174
-0.000101
0.000676
0.009651
-0.007280
-0.001920
-0.001017
-0.018370
-0.006899
-0.006619
0.008509
-0.001055
-0.006280
-0.026594
-0.018135
-0.009360
-0.015435
-0.000487
-0.006672
0.003992
-0.018006
-0.019453
-0.008789
-0.012334
-0.004816
-0.014347
0.001689
-0.004570
0.000806
0.005860
-0.022771
0.004709
-0.000697
-0.007977
0.007384
-0.018080
0.016290
-0.015920
0.009961
-0.018966
-0.007513
-0.013872
-0.006883
-0.001306
0.009061
-0.000278
0.012248
0.005197
0.013003
0.019624
-0.030606
-0.016571
-0.005702
-0.003885
0.011117
-0.013004
-0.017616
0.020613
-0.011979
-0.002125
-0.030366
-0.007940
0.012071
-0.005323
-0.023796
0.013506
0.010401
-0.017547
-0.004557
-0.013522
-0.001277
-0.007790
0.011435
-0.000427
-0.011155
-0.014149
-0.005314
0.008741
-0.013223
-0.025022
0.005481
0.014605
-0.000877
-0.011000
-0.001224
0.004428
-0.015047
-0.017188
0.010406
-0.001440
-0.018516
0.015441
-0.009262
0.008316
-0.001241
-0.033015
0.010761
-0.016089
-0.004859
-0.014550
0.004442
-0.008104
-0.009781
-0.005276
0.007460
0.004249
-0.001676
0.000801
-0.008622
-0.008651
0.003639
-0.014017
-0.003613
-0.000824
0.015832
0.011728
0.006980
0.001772
-0.007473
-0.017328
0.004119
0.003518
0.018929
0.009781
0.007238
-0.030867
0.001309
-0.015999
-0.012992
0.009211
-0.000129
-0.027957
-0.006372
-0.008176
-0.015801
0.017502
0.012560
-0.032350
-0.022675
0.000328
-0.002316
-0.005913
-0.028444
-0.011791
-0.007788
0.002708
0.008431
0.003992
0.001009
0.002008
0.001465
-0.002384
-0.005201
-0.026208
-0.000148
-0.003450
-0.005394
0.010602
0.008040
-0.020487
0.007979
-0.004456
-0.016877
-0.003611
0.012481
-0.000717
0.005714
-0.008559
0.001359
-0.015845
-0.002190
-0.000823
-0.009936
-0.008829
-0.007204
0.008879
-0.001537
-0.008810
0.005904
-0.001190
0.008649
-0.005393
-0.014332
0.005756
-0.005436
-0.017659
0.004036
-0.024032
-0.000444
-0.004450
0.000660
-0.006381
-0.010488
0.004651
-0.011802
0.001979
-0.023872
0.002549
-0.021458
-0.015334
0.004406
-0.014804
-0.020789
0.001417
0.010460
0.001302
-0.003378
-0.001986
-0.002287
0.014082
-0.007067
0.003469
-0.001507
-0.019952
0.012037
-0.007595
0.012172
-0.029710
-0.010652
-0.000196
0.001091
-0.021544
0.008918
-0.006129
-0.010574
-0.003013
0.000624
-0.002966
-0.010729
0.006788
-0.000438
0.010684
0.010846
0.009395
0.000967
-0.026962
-0.006206
-0.000555
0.002713
0.007247
-0.004580
0.017636
0.002245
-0.003617
0.000374
-0.000884
0.002785
-0.025496
-0.015794
-0.008475
-0.025897
0.004980
-0.002675
-0.006342
-0.016140
0.007009
-0.026449
-0.005270
-0.000239
0.009393
0.003700
0.003275
-0.004336
0.012660
-0.002594
-0.024964
-0.007736
-0.000560
0.013116
-0.006346
0.006958
-0.002648
0.008499
-0.002149
-0.001891
-0.004530
0.009698
