# 参数名称：invres4.conv.1.running_mean
# 参数形状：(192,)
# 参数数据类型：float32
# 参数值（保留6位小数）：
-0.049713
-0.030571
-0.001903
0.025502
0.026059
-0.046405
-0.002695
0.033861
-0.020084
-0.022429
0.024237
0.026166
-0.021059
-0.028914
-0.037707
0.016895
0.035796
-0.035670
0.013771
0.009431
0.022076
-0.011892
0.034433
-0.023381
-0.003889
-0.020847
-0.040736
-0.013730
0.037803
-0.022331
-0.049811
0.048158
0.010979
0.008766
-0.048981
-0.040550
-0.020511
-0.041768
0.008154
-0.032123
-0.007482
-0.004816
-0.060627
-0.057761
-0.037676
-0.024000
-0.029166
-0.048536
0.022480
0.064622
-0.036904
-0.029038
-0.025110
0.034809
-0.008778
-0.017956
-0.032712
-0.050896
0.004402
0.013925
-0.000966
0.023351
-0.025618
0.011990
0.024641
0.051449
-0.015992
-0.043224
-0.052172
0.016624
-0.041317
-0.020550
-0.017220
0.004271
-0.011527
-0.015625
0.003445
-0.001802
-0.015039
-0.043276
-0.054431
-0.040178
-0.026021
-0.033267
-0.008842
-0.027177
0.002743
-0.055470
-0.038880
-0.044704
-0.042552
-0.012259
-0.015405
0.047271
-0.023012
-0.066477
-0.050885
-0.016440
-0.015669
-0.024127
-0.044785
-0.013207
-0.030615
-0.000588
0.030859
-0.045120
-0.038199
-0.031812
-0.039499
-0.052737
-0.034743
-0.005509
0.007843
-0.047392
-0.035846
-0.041432
-0.046160
-0.000705
-0.057979
-0.046918
-0.008954
-0.016200
-0.050400
-0.052082
-0.036994
-0.044595
-0.004195
-0.024718
0.030978
-0.020167
-0.037174
-0.020025
-0.000165
0.024781
0.003298
-0.047180
-0.037516
-0.012663
-0.013578
0.013442
-0.025933
-0.028618
-0.007005
0.030733
-0.029370
-0.039093
0.009093
-0.070627
0.011238
-0.020751
-0.018934
-0.038908
-0.032906
-0.031647
0.042660
-0.022467
-0.039886
-0.014031
-0.029434
0.058431
-0.043761
-0.031302
-0.001406
0.007063
-0.022440
-0.050054
0.020454
-0.033065
-0.028103
0.037755
-0.038399
-0.023639
0.035130
0.026909
-0.016677
-0.029034
-0.062131
-0.036415
-0.036354
-0.041190
-0.047366
-0.042747
-0.002294
-0.047042
-0.005799
-0.028984
-0.028065
0.006336
0.011659
-0.033100
-0.009873
-0.035998
