# 参数名称：invres2.conv.1.bias
# 参数形状：(384,)
# 参数数据类型：float32
# 参数值（保留6位小数）：
-0.008619
0.023905
-0.005971
-0.012207
0.024348
0.010414
-0.049985
-0.006063
-0.019820
0.003564
-0.007852
-0.026703
-0.020478
-0.016242
-0.025738
0.001001
-0.007350
-0.013470
-0.019511
-0.013313
0.004719
-0.024384
-0.043193
-0.034816
-0.005095
-0.016516
-0.024183
-0.027491
-0.008371
-0.023796
-0.021110
-0.026352
-0.038540
-0.003869
-0.005798
-0.029329
-0.003222
-0.007400
-0.023275
-0.014257
-0.014119
0.013848
-0.019867
0.002618
-0.032354
-0.024407
0.027639
0.013178
-0.015180
0.012360
0.019083
0.014066
-0.025962
-0.005965
-0.020893
0.016273
-0.032989
-0.007548
-0.024524
-0.012278
-0.024085
-0.027623
-0.013361
-0.004253
-0.037449
-0.010329
0.011050
-0.022021
-0.032390
-0.016156
-0.003099
-0.011331
-0.030276
-0.037860
-0.005767
-0.006549
0.006402
-0.003129
-0.001940
0.024942
-0.024101
-0.019882
-0.023806
-0.030238
-0.005559
-0.006684
-0.000668
-0.021200
-0.002357
-0.015181
-0.000987
-0.009491
-0.023860
-0.036601
-0.018997
-0.022594
0.004542
-0.030416
-0.005663
-0.025245
-0.019239
-0.021227
0.014537
0.007275
0.003025
-0.020269
0.000893
-0.004244
-0.009582
-0.022764
-0.005583
-0.015250
-0.033924
0.020968
-0.011333
-0.013165
0.006578
-0.036534
-0.036249
-0.001913
-0.030944
-0.024130
0.009006
-0.010155
-0.042791
-0.006753
-0.000658
-0.032725
-0.025102
-0.010082
0.015832
-0.023576
0.002535
-0.027023
-0.002967
0.006062
-0.017730
-0.017321
0.007585
-0.039697
-0.003392
-0.008519
-0.008142
-0.039077
-0.020203
-0.011285
-0.029201
-0.014599
0.030371
-0.027119
-0.026972
-0.001209
0.001661
0.015467
-0.035753
0.002477
-0.003135
-0.003747
0.007844
-0.005675
0.008641
0.004981
-0.007330
-0.007219
-0.027507
-0.038692
-0.014188
-0.013220
-0.035302
-0.016932
0.014143
0.021094
-0.004340
-0.001157
-0.009538
-0.004029
0.013372
-0.027790
0.036321
0.013145
-0.049088
0.010471
-0.036330
-0.004334
0.040581
0.016424
0.010188
-0.031407
-0.007318
-0.011908
-0.013945
-0.013096
-0.009888
-0.008059
0.017277
-0.010138
0.012477
-0.015360
-0.000172
0.011716
-0.017156
-0.030878
-0.019537
-0.032507
0.002127
-0.001442
-0.025014
-0.018421
0.013097
0.004069
0.005613
-0.015831
-0.001248
-0.027994
-0.022631
-0.007949
-0.005427
0.001415
-0.002520
0.019415
-0.006825
-0.014957
-0.014984
-0.031894
0.035054
0.019973
-0.011542
0.018487
-0.016598
0.007358
-0.010359
-0.008505
0.026352
-0.027541
-0.012836
-0.025600
-0.000813
0.010488
-0.002416
0.006815
-0.025973
-0.004504
-0.007160
-0.011726
-0.000284
-0.029873
-0.022507
-0.029661
-0.010162
-0.001793
-0.013915
-0.014619
-0.019514
0.000592
-0.034592
0.000623
0.018959
0.000157
0.012235
0.019725
-0.010671
-0.021700
-0.014459
-0.037590
-0.021251
-0.012690
-0.010755
0.010360
-0.031894
-0.016015
-0.040347
0.006208
0.000332
-0.005110
0.016273
-0.013373
0.013812
0.002747
-0.004519
-0.001031
-0.004997
-0.034704
-0.003387
-0.007058
-0.012839
0.032596
-0.023793
-0.013417
-0.038702
0.004435
0.019223
-0.025045
-0.015399
-0.020211
0.005577
-0.008490
0.005350
-0.024371
0.003042
0.020665
-0.032377
-0.022334
-0.022257
-0.030870
-0.015179
0.021795
-0.046749
-0.011725
0.022542
-0.032509
0.043555
0.034969
-0.020057
-0.000417
-0.005003
-0.019283
0.006743
0.000634
-0.000656
-0.021806
0.017212
-0.029986
-0.014043
0.046988
-0.008531
-0.051760
-0.015306
-0.007000
-0.020447
-0.001320
-0.020216
0.005649
-0.032677
-0.035577
-0.022820
-0.033970
0.010052
-0.009202
-0.022689
-0.035730
-0.008060
-0.000159
-0.019924
-0.005138
0.011656
0.021049
0.011269
0.013650
0.033430
-0.048550
-0.009225
-0.023854
-0.006733
-0.006415
-0.017390
-0.016974
0.003757
-0.020103
-0.032808
-0.015551
-0.004656
-0.022663
0.013564
0.010220
0.005304
-0.005284
-0.010183
-0.014237
-0.034014
-0.003960
0.021736
-0.034818
-0.015914
-0.027075
-0.041342
-0.006958
-0.012366
-0.016037
0.020145
-0.004369
-0.028044
-0.003197
-0.026790
0.009426
