# 参数名称：invres1.conv.4.weight
# 参数形状：(1152,)
# 参数数据类型：float32
# 参数值（保留6位小数）：
0.943227
0.932609
0.937073
0.912671
0.957983
0.962634
0.910105
0.946303
0.920904
0.930375
0.941796
0.958621
0.946530
0.929693
0.951257
0.920992
0.932593
0.955487
0.917292
0.945957
0.963302
0.938613
0.949642
0.950045
0.941523
0.925104
0.943858
0.958018
0.927965
0.951857
0.942877
0.937505
0.956623
0.942007
0.932052
0.929856
0.948796
0.913594
0.943784
0.931428
0.954216
0.945485
0.934383
0.960855
0.925293
0.924269
0.930071
0.912688
0.961301
0.948112
0.944776
0.949855
0.952805
0.938329
0.945319
0.923971
0.915041
0.911922
0.964802
0.925913
0.947600
0.945588
0.952123
0.951844
0.929518
0.953582
0.955124
0.902313
0.943515
0.945066
0.926483
0.929858
0.952312
0.937799
0.935979
0.927980
0.923377
0.926008
0.944886
0.925987
0.957085
0.887504
0.919892
0.949270
0.938195
0.933670
0.948127
0.949793
0.929225
0.937585
0.927540
0.937377
0.937651
0.954572
0.928229
0.930430
0.931987
0.917012
0.920183
0.952695
0.930682
0.914054
0.951333
0.938601
0.938503
0.940814
0.971187
0.954800
0.947144
0.947554
0.948184
0.905437
0.959804
0.955991
0.947131
0.923063
0.940167
0.923171
0.931241
0.951886
0.933125
0.948582
0.946268
0.931343
0.949347
0.908313
0.939227
0.951592
0.957586
0.917935
0.922543
0.946703
0.952184
0.924152
0.935517
0.961504
0.943248
0.951572
0.921137
0.942069
0.915957
0.942657
0.941140
0.938104
0.922193
0.931548
0.919930
0.940500
0.919095
0.944677
0.951932
0.931749
0.914213
0.937386
0.917407
0.928377
0.950483
0.959334
0.938263
0.950682
0.964220
0.949402
0.954359
0.908829
0.934213
0.952920
0.927063
0.947632
0.950157
0.950112
0.945415
0.917142
0.954093
0.927396
0.947399
0.938107
0.915311
0.948081
0.961779
0.944142
0.933246
0.917571
0.952998
0.956343
0.961675
0.954441
0.940353
0.956821
0.914935
0.929944
0.948773
0.946079
0.907614
0.953018
0.944810
0.939952
0.941778
0.942600
0.917247
0.943760
0.919271
0.941801
0.948858
0.910817
0.931923
0.956690
0.939903
0.938821
0.925002
0.959713
0.934252
0.944539
0.937359
0.921274
0.936703
0.969951
0.946261
0.944053
0.968283
0.940535
0.946359
0.953881
0.925135
0.935565
0.931711
0.955639
0.947063
0.940174
0.948435
0.949038
0.951996
0.941827
0.918284
0.951611
0.916352
0.911319
0.932034
0.947662
0.959986
0.958556
0.956081
0.953523
0.962510
0.917255
0.944540
0.949029
0.927131
0.952738
0.926419
0.955929
0.941691
0.912987
0.948365
0.946741
0.903259
0.980195
0.944112
0.947967
0.946835
0.943991
0.952153
0.939159
0.955003
0.919980
0.953840
0.940744
0.941791
0.926067
0.946580
0.942540
0.932917
0.918577
0.963386
0.953762
0.942565
0.948465
0.950435
0.911281
0.945239
0.953596
0.965141
0.942685
0.930340
0.915419
0.942726
0.945960
0.950169
0.926604
0.957782
0.946557
0.938347
0.936065
0.958470
0.951439
0.913789
0.916279
0.955284
0.958550
0.907865
0.920620
0.946715
0.944408
0.918499
0.919849
0.945664
0.941740
0.955725
0.944363
0.948445
0.911368
0.948012
0.939479
0.942130
0.957348
0.969980
0.955900
0.936766
0.911413
0.945002
0.944753
0.923974
0.918354
0.933067
0.928284
0.920059
0.950204
0.937379
0.921485
0.917440
0.949973
0.944196
0.927152
0.956729
0.942448
0.951357
0.938349
0.941837
0.950907
0.964951
0.948732
0.930837
0.950590
0.939310
0.923965
0.939325
0.954671
0.949091
0.943784
0.938850
0.925996
0.937859
0.942773
0.931974
0.962418
0.928786
0.941350
0.935771
0.960935
0.947339
0.940573
0.944340
0.947038
0.926607
0.951452
0.934447
0.968264
0.944993
0.959073
0.959894
0.943220
0.915441
0.945847
0.945427
0.955791
0.929886
0.961406
0.954109
0.957174
0.921622
0.952855
0.954525
0.942419
0.951953
0.930047
0.930680
0.945000
0.957135
0.947282
0.953121
0.939558
0.959054
0.930372
0.922418
0.949794
0.926496
0.940998
0.916324
0.940255
0.952990
0.926615
0.934240
0.954368
0.941671
0.951601
0.943309
0.922215
0.923264
0.939447
0.961956
0.934021
0.927649
0.960986
0.932008
0.968912
0.944137
0.947472
0.940246
0.924754
0.920924
0.949782
0.925768
0.923924
0.922623
0.949173
0.966303
0.942718
0.919510
0.924176
0.940512
0.949312
0.929200
0.936646
0.963788
0.948970
0.944675
0.962899
0.950383
0.939235
0.958883
0.925683
0.938794
0.926880
0.934018
0.935837
0.921293
0.941310
0.938008
0.944556
0.957484
0.919603
0.943494
0.922099
0.951401
0.923943
0.941187
0.934146
0.960031
0.953956
0.937225
0.931586
0.948556
0.953498
0.920332
0.931850
0.928626
0.929924
0.963338
0.959460
0.930901
0.945111
0.928980
0.936542
0.946062
0.947988
0.912467
0.934846
0.958159
0.953322
0.937670
0.925992
0.942541
0.922736
0.952478
0.930434
0.944451
0.935812
0.907590
0.936783
0.953247
0.934833
0.912634
0.932351
0.954014
0.961599
0.938635
0.953387
0.953338
0.953392
0.950057
0.929794
0.940282
0.954601
0.926192
0.927076
0.941836
0.900758
0.951302
0.944639
0.944741
0.946507
0.913431
0.938063
0.955469
0.924619
0.954770
0.948527
0.912667
0.930583
0.950840
0.937636
0.939831
0.939472
0.954550
0.929552
0.928875
0.913413
0.946668
0.951143
0.946254
0.928271
0.945630
0.951247
0.910410
0.960310
0.955073
0.915507
0.943264
0.936340
0.921419
0.935490
0.945494
0.935483
0.950514
0.936863
0.926472
0.950394
0.943720
0.947092
0.917922
0.929511
0.931043
0.965896
0.923389
0.956315
0.938812
0.938371
0.956156
0.946981
0.933751
0.931040
0.914784
0.933858
0.925889
0.935562
0.951009
0.937266
0.926268
0.915754
0.965353
0.952992
0.946479
0.956441
0.932989
0.938348
0.946039
0.954458
0.953916
0.939524
0.940897
0.939750
0.929697
0.933360
0.933880
0.930707
0.931344
0.941201
0.919719
0.966208
0.929138
0.936763
0.929662
0.933162
0.944666
0.935080
0.922997
0.941955
0.960016
0.955393
0.917348
0.939095
0.944409
0.943332
0.930449
0.957041
0.933140
0.938497
0.945532
0.954414
0.960122
0.949015
0.944695
0.931418
0.953338
0.943194
0.936664
0.923220
0.935487
0.941375
0.935455
0.958715
0.954377
0.939853
0.939437
0.940277
0.924756
0.964906
0.937248
0.942821
0.927292
0.928371
0.927752
0.926382
0.941856
0.946852
0.953692
0.923003
0.938755
0.952977
0.955899
0.937679
0.918539
0.946022
0.922925
0.951807
0.947862
0.934805
0.943944
0.951066
0.933976
0.930161
0.919418
0.943106
0.959274
0.946606
0.961205
0.927898
0.937169
0.921542
0.959552
0.954490
0.915764
0.944391
0.958880
0.936455
0.923518
0.963440
0.927071
0.921227
0.932826
0.928920
0.937248
0.929141
0.961850
0.950556
0.947501
0.957783
0.961501
0.941222
0.936225
0.943422
0.957792
0.929315
0.942610
0.963841
0.955730
0.918566
0.930721
0.935507
0.956826
0.939237
0.937651
0.955150
0.954342
0.916162
0.958283
0.918896
0.947067
0.965411
0.974150
0.939194
0.924327
0.934890
0.958790
0.953686
0.939261
0.931690
0.945809
0.951846
0.928023
0.934685
0.930886
0.920507
0.910317
0.951241
0.943385
0.936031
0.945642
0.941984
0.942354
0.954104
0.939541
0.960912
0.937634
0.959146
0.935678
0.926229
0.949133
0.932104
0.958679
0.952084
0.938013
0.945856
0.927740
0.918649
0.913807
0.961140
0.934157
0.957099
0.939636
0.942717
0.936590
0.962978
0.955968
0.917104
0.957910
0.933094
0.937816
0.953796
0.948480
0.934025
0.944675
0.932908
0.933394
0.936091
0.935026
0.953951
0.943234
0.950664
0.932599
0.947415
0.926947
0.903049
0.949557
0.937700
0.942302
0.927057
0.963341
0.929604
0.946945
0.951089
0.932761
0.921527
0.950849
0.943969
0.952191
0.958851
0.957052
0.970167
0.948805
0.936633
0.930982
0.948247
0.939918
0.906408
0.941089
0.938332
0.936727
0.941410
0.939707
0.953005
0.949431
0.926777
0.943377
0.941079
0.962229
0.947318
0.958995
0.937923
0.936797
0.935452
0.921287
0.951533
0.933467
0.961187
0.952776
0.957216
0.928197
0.942287
0.941593
0.959944
0.947703
0.936240
0.918282
0.946359
0.913862
0.919840
0.956698
0.920262
0.963986
0.936332
0.951773
0.956379
0.949930
0.938719
0.946568
0.935766
0.935090
0.938480
0.914616
0.939744
0.919811
0.936181
0.937027
0.934275
0.930401
0.925822
0.927567
0.931176
0.924609
0.928492
0.905083
0.955956
0.956735
0.958790
0.903383
0.912848
0.930863
0.927266
0.942549
0.940518
0.925203
0.951750
0.935445
0.946534
0.943352
0.938994
0.919232
0.913910
0.963408
0.951162
0.918055
0.962651
0.941395
0.957585
0.914510
0.932622
0.915724
0.961408
0.948951
0.941290
0.943476
0.947434
0.945089
0.945065
0.910829
0.919318
0.941796
0.934588
0.933992
0.945511
0.952106
0.953496
0.951393
0.948249
0.949479
0.923628
0.947488
0.956033
0.939302
0.920292
0.945780
0.941135
0.948514
0.943211
0.897336
0.949565
0.934241
0.952097
0.933440
0.917785
0.948232
0.919630
0.947974
0.944058
0.942708
0.934411
0.968979
0.931223
0.939417
0.915573
0.929492
0.950157
0.947128
0.939604
0.945141
0.944839
0.936161
0.927361
0.943439
0.973480
0.947694
0.945737
0.932657
0.932387
0.902428
0.937627
0.950400
0.938433
0.950656
0.958144
0.940695
0.931102
0.930246
0.916394
0.903386
0.934142
0.938365
0.912580
0.920562
0.955152
0.943965
0.921332
0.952916
0.942345
0.947200
0.895883
0.944434
0.948923
0.963177
0.928042
0.947141
0.935604
0.953020
0.951321
0.941967
0.973707
0.919475
0.954168
0.946637
0.910844
0.958199
0.945595
0.934945
0.974981
0.916320
0.955086
0.937916
0.949584
0.947888
0.962288
0.925167
0.950244
0.946864
0.937383
0.928679
0.947861
0.942084
0.955437
0.937826
0.921530
0.959621
0.940326
0.954019
0.933684
0.942129
0.960191
0.926493
0.906038
0.963554
0.932841
0.929398
0.947468
0.961776
0.932382
0.931519
0.900693
0.920463
0.948976
0.953133
0.946075
0.952556
0.942570
0.926012
0.926624
0.958875
0.952887
0.944978
0.936139
0.943817
0.932403
0.950409
0.972461
0.937907
0.937269
0.905291
0.938135
0.936874
0.949254
0.948407
0.939048
0.936861
0.922942
0.975105
0.934320
0.944633
0.954128
0.943655
0.946933
0.942059
0.942141
0.925673
0.936357
0.953253
0.952409
0.930810
0.958937
0.948283
0.929343
0.938302
0.955828
0.948085
0.922935
0.942792
0.928614
0.951223
0.954745
0.919176
0.938167
0.943983
0.928697
0.930420
0.949035
0.942648
0.964710
0.932911
0.931328
0.942519
0.917812
0.956131
0.946103
0.949397
0.951472
0.930163
0.960285
0.942993
0.937546
0.931459
0.957957
0.939824
0.937120
0.924427
0.945029
0.937217
0.924595
0.940949
0.919441
0.924208
0.939581
0.907693
0.919820
0.908402
0.943027
0.942838
0.922526
0.931244
0.903509
0.923227
0.928008
0.940786
0.952967
0.943783
0.964207
0.950504
0.946118
0.959732
0.924499
0.939663
0.924150
0.923825
0.950500
0.931173
0.924405
0.948602
0.953197
0.946298
0.945875
0.899652
0.903500
0.932473
0.945414
0.953254
0.942211
0.912777
0.912921
0.930551
0.934314
0.928848
0.936798
0.917492
0.931608
0.950636
0.938874
0.925506
0.916413
0.902886
0.938994
0.950753
0.959090
0.951047
0.933517
0.930876
0.952608
0.937487
0.954191
0.934965
0.948577
0.956820
0.945102
0.960357
0.928049
0.937988
0.942572
0.913408
0.935530
0.943083
0.965197
0.948742
0.936863
0.935625
0.940783
0.933948
0.914446
