# 参数名称：invres3.conv.1.running_var
# 参数形状：(288,)
# 参数数据类型：float32
# 参数值（保留6位小数）：
0.638882
0.840663
1.124214
1.231535
0.892748
0.446141
1.270708
1.273721
1.002721
2.012303
1.252518
1.047499
0.608418
1.787036
0.932530
0.547795
0.845390
0.739431
0.763100
0.948960
0.766371
1.136669
0.740833
1.853504
1.206658
1.277494
1.818142
1.473016
0.964639
0.724291
1.241990
0.631706
0.532202
1.290199
2.610949
1.568967
1.748010
1.239219
0.892392
1.023615
1.247081
0.895963
0.874265
1.493104
1.401750
0.848327
2.018103
0.681539
1.575014
0.614404
0.682486
0.951688
1.778522
1.260728
1.792504
0.594760
1.175065
0.828036
0.560683
0.755660
0.367528
1.227917
1.282071
0.485228
1.725532
1.014673
0.382186
0.832751
1.004565
1.375576
1.523807
1.281950
0.697530
0.537819
0.518122
0.763498
0.879656
0.875142
0.703819
0.882044
3.908907
2.445006
3.264295
1.950078
1.242776
0.915886
0.692422
1.514724
1.303760
0.546221
1.087152
1.487026
1.560571
0.261631
1.085828
0.987462
0.355223
0.603232
0.615821
0.815582
1.168637
0.484892
1.248947
2.094678
0.549129
2.555398
1.447912
0.893034
1.199517
1.269872
1.128099
1.683338
0.965270
2.790677
0.991270
1.618829
0.998001
0.675874
0.999575
1.439146
0.968703
1.247286
0.566306
0.967093
0.700645
0.661593
0.737261
0.265057
1.192557
1.071054
1.615908
1.262894
1.833826
0.868573
0.806959
0.956372
0.939191
0.700846
0.703097
1.688899
0.337883
1.403103
0.598438
0.939374
0.904252
0.872603
1.138894
1.427638
0.660272
1.313820
0.853599
0.370516
2.004771
0.769536
1.036805
2.228412
2.686916
0.656751
0.754323
0.615116
0.798102
0.962156
0.748870
1.300149
1.101724
0.711855
0.637474
0.997070
0.656079
0.426632
0.465455
1.254713
0.666779
0.699760
1.079870
1.254804
1.596737
0.694386
0.322468
1.414074
1.445550
0.728391
1.199874
0.583484
0.822549
1.310618
1.526057
1.112749
1.407371
0.671781
1.609465
0.904313
1.822319
0.510568
0.600649
0.943051
0.542975
0.536026
3.386299
0.926230
0.821466
1.331897
1.315834
0.556795
2.548403
1.239559
1.728661
0.630515
0.883789
1.205688
1.678583
1.020746
1.363486
1.302388
0.947419
0.841432
0.790501
1.042668
0.670223
0.883756
0.544529
0.934017
1.611161
1.235472
0.308546
0.784481
1.844232
1.264891
0.705170
1.146206
1.492596
1.031116
0.884581
2.067787
1.174625
0.924665
0.630594
0.867969
0.991708
0.893135
1.758770
1.187235
1.662013
0.720744
1.203665
2.869493
1.041798
0.866387
1.732451
1.496257
0.826816
1.117508
0.902946
1.645447
0.997992
0.793397
1.098125
0.706065
0.764052
0.476069
0.708840
1.119750
0.741833
0.717689
1.015463
1.045206
0.857109
0.667383
1.291343
0.771116
1.319374
0.945426
0.732998
1.512961
1.092332
0.938855
0.905470
0.959158
0.646848
1.176995
0.826616
0.568781
0.710699
1.981560
1.732321
0.821450
0.778946
1.202640
