# 参数名称：invres1.conv.1.bias
# 参数形状：(1152,)
# 参数数据类型：float32
# 参数值（保留6位小数）：
0.011577
0.002912
-0.020244
0.002038
-0.006512
0.002726
0.000312
-0.013382
0.002205
0.006197
0.002929
0.000101
-0.017366
-0.018660
0.001347
-0.007672
-0.001492
-0.003462
-0.002120
-0.002113
-0.002540
-0.013653
-0.011213
0.006373
0.003467
-0.004809
-0.003136
-0.000696
0.007376
-0.013258
-0.005489
0.008793
-0.010158
0.011303
-0.004750
0.004004
0.006525
-0.003925
0.002252
-0.003768
-0.008953
0.002066
-0.002255
-0.005921
-0.004852
-0.009900
0.002633
-0.002091
-0.016355
0.017128
-0.008955
-0.010619
0.006570
-0.012629
0.009396
-0.007736
-0.009393
-0.014493
-0.017370
-0.001718
-0.010853
-0.003598
-0.025254
0.010589
0.003750
0.010315
0.004879
0.001047
0.021447
-0.017795
-0.003220
0.003039
-0.002756
-0.009880
-0.005195
-0.004006
-0.005018
0.006046
-0.002609
-0.001196
-0.001674
-0.010136
-0.004897
0.007678
0.001285
-0.013083
-0.007360
0.000802
-0.011534
-0.006137
0.010551
0.011615
-0.017253
-0.015357
0.005317
-0.015221
0.008754
-0.010063
-0.009672
0.009554
0.003046
0.001432
0.008198
-0.020671
0.004264
0.015086
-0.002974
0.002031
0.000584
-0.003194
-0.010956
-0.020465
-0.004478
-0.007659
-0.006227
-0.006358
-0.001414
-0.005494
0.003826
0.001691
-0.021766
-0.003524
-0.002639
-0.012817
-0.019017
-0.014520
-0.003399
-0.013282
-0.016831
0.000371
-0.012038
-0.001384
-0.007528
0.003611
-0.001919
0.005308
0.001295
-0.019875
0.006803
-0.004752
0.000896
0.009104
-0.000683
0.011190
0.003793
-0.002609
-0.010700
-0.018294
-0.000095
0.000478
-0.011078
0.000755
-0.005522
0.008224
0.002126
0.000420
-0.021921
-0.001851
-0.002071
0.001741
0.011212
0.003312
-0.015321
-0.003117
-0.001759
-0.004241
0.004664
-0.010283
-0.013960
-0.003206
-0.019607
-0.000305
-0.003825
0.001744
-0.016868
0.013677
0.004717
0.007415
-0.004402
-0.005325
-0.013980
-0.001920
0.001523
0.005770
0.003543
-0.007489
0.000435
0.001217
0.003170
-0.005117
-0.002108
-0.000297
0.004505
0.000257
0.000622
-0.003488
0.003676
0.000770
-0.000121
-0.001767
-0.009568
-0.001634
-0.008825
-0.004377
0.013282
-0.004862
-0.010616
-0.010166
0.002227
0.001138
0.005643
0.006099
0.009604
-0.000630
0.006146
-0.000015
-0.007091
-0.011099
-0.005612
-0.018294
-0.008706
0.014874
0.004326
-0.032793
-0.013409
0.004413
-0.002890
0.001467
0.004373
-0.007577
-0.002761
0.002997
0.003115
-0.014609
0.001665
-0.004348
0.013151
-0.019705
-0.014778
0.009578
0.009334
0.007568
-0.023822
-0.003198
-0.014356
-0.008148
0.006925
0.003712
-0.006746
0.009145
-0.009644
0.000414
-0.018832
0.005560
-0.003328
-0.002286
0.005591
-0.021239
-0.007261
-0.025991
0.003135
0.000919
-0.001531
-0.001290
0.000013
0.007559
-0.011384
0.001513
-0.025723
-0.001496
-0.012843
0.008824
0.001280
-0.007616
-0.002136
-0.003106
0.012531
0.009482
-0.012528
-0.006042
-0.007150
-0.010245
0.003804
0.003186
0.019083
-0.001513
0.008010
0.004471
-0.012626
0.003275
-0.005200
0.000418
0.001092
0.001023
0.007134
0.011436
0.001773
-0.015321
0.002635
-0.016774
-0.022452
-0.016900
0.006169
0.000780
-0.000776
0.020104
-0.011897
0.002001
0.002814
0.006272
0.001309
-0.000291
0.002217
-0.018580
-0.015842
0.004840
-0.006237
0.003077
-0.013757
-0.009559
0.009899
0.001344
0.006141
-0.000477
0.015882
-0.003954
-0.003620
0.000255
-0.001095
-0.007636
0.008176
-0.001196
-0.012602
-0.009542
-0.024749
0.002498
0.002372
-0.003092
0.006677
0.003473
0.006414
-0.017486
-0.002225
0.020328
-0.001271
0.007919
-0.007274
-0.001172
-0.011070
-0.012076
-0.012033
0.008023
0.005305
-0.009355
-0.005025
-0.002983
-0.003009
-0.005623
-0.004322
-0.016024
0.021146
0.007667
-0.008310
-0.028431
-0.001962
-0.001907
-0.010734
-0.011621
0.016726
0.008084
0.004463
-0.013127
-0.000492
-0.018957
0.013599
0.007561
-0.007427
-0.013704
-0.001599
-0.001001
-0.013076
-0.014526
-0.003907
0.007470
0.004409
-0.016377
0.013114
-0.003054
0.000641
-0.002300
-0.001402
0.002017
-0.005390
-0.021022
0.000365
-0.002313
-0.000595
0.003451
-0.002008
-0.004698
-0.011857
-0.013234
-0.002517
-0.001836
-0.008204
0.001327
0.004167
-0.008810
0.000262
-0.014907
-0.009555
-0.014800
-0.019212
-0.008381
-0.017196
0.003939
-0.010708
-0.021105
-0.001030
-0.003002
0.000033
0.002664
-0.001941
-0.000197
-0.005439
0.006151
-0.004142
0.019691
-0.001998
-0.008252
-0.014443
-0.001481
0.008782
-0.008551
0.005722
-0.009274
-0.011287
-0.008742
-0.021329
-0.011847
-0.002022
0.000171
0.001761
0.002205
0.016431
-0.008275
-0.008896
-0.017728
0.001156
0.007935
0.008530
-0.002519
0.013306
-0.017588
0.013467
0.008815
-0.000451
-0.012976
-0.014809
-0.010747
0.009740
-0.007713
-0.007954
-0.002607
-0.018448
-0.020818
0.002020
-0.001754
-0.016607
-0.005279
-0.000222
-0.017846
0.007894
-0.005690
0.012117
0.015629
-0.009956
-0.022615
-0.009478
-0.009021
-0.006138
-0.008971
0.008905
0.001655
-0.007984
-0.005660
-0.003500
-0.013317
-0.014728
-0.009740
0.003983
-0.005458
0.023266
-0.006502
-0.002961
0.005418
0.007851
-0.012197
-0.003715
-0.002822
0.000992
0.013903
-0.006817
-0.004437
-0.021208
0.004813
-0.014544
-0.004593
-0.009962
0.010296
0.003387
0.001084
-0.004418
-0.003716
0.000846
-0.011555
-0.003767
0.002459
-0.011195
0.016879
-0.022965
0.001411
0.008336
-0.000880
-0.000226
0.005060
-0.020540
-0.001341
0.004162
0.015761
0.008363
-0.007733
0.002058
-0.001458
-0.013241
-0.001925
-0.000223
-0.014734
0.004983
-0.007630
-0.003181
-0.013082
0.004680
-0.007055
-0.016422
-0.013691
-0.001450
-0.004928
0.003199
-0.017272
-0.002693
0.001343
-0.004490
-0.015391
-0.001319
-0.000232
-0.012383
0.002985
0.011982
-0.014847
-0.007576
-0.007705
0.010610
-0.002158
-0.011015
0.004721
0.008986
-0.003704
-0.007103
0.003081
0.000032
-0.005518
-0.004467
-0.002756
-0.001891
-0.005094
-0.002079
-0.021961
-0.017279
0.000942
0.007425
0.017632
0.001931
0.004465
-0.002699
-0.000789
-0.012016
-0.003277
-0.008276
-0.015210
-0.003229
0.000602
0.018884
-0.006003
-0.010541
0.015404
-0.008784
0.009400
-0.003110
0.004019
-0.009981
-0.024112
-0.010398
-0.003799
0.000519
-0.011265
0.008129
0.001329
0.004520
-0.020116
-0.011340
0.002053
-0.002154
-0.012851
-0.007200
0.000094
-0.005352
-0.004579
0.013094
-0.010290
-0.004414
0.000999
-0.001020
-0.000743
0.001566
-0.021086
-0.006072
-0.009768
0.012430
-0.016744
0.001946
0.006083
-0.004982
-0.011585
-0.004694
-0.003433
-0.008414
-0.001548
-0.014232
-0.013717
-0.027422
-0.000619
-0.021442
0.004781
-0.011779
-0.006093
0.004446
-0.010034
-0.003593
-0.004610
0.000504
-0.013369
-0.013139
-0.001699
0.008029
-0.015196
0.010882
-0.012940
-0.005434
-0.006953
-0.006802
-0.002183
0.004050
-0.002734
-0.017052
-0.009521
-0.003325
0.003015
-0.003840
-0.005786
0.012754
-0.002734
-0.005121
-0.011731
0.012789
0.001179
-0.002177
-0.015092
-0.003402
-0.013040
0.002392
0.011946
-0.006889
-0.001255
-0.021353
0.003662
0.002202
0.000384
-0.005359
0.004240
-0.024798
0.001736
0.005023
0.002776
-0.016260
0.009632
-0.011113
-0.021004
-0.007821
-0.000166
-0.011355
0.002370
0.004571
-0.007534
-0.005637
-0.005220
0.007631
-0.008582
0.009758
-0.014579
0.001417
-0.017990
0.000881
-0.015452
-0.001589
0.003109
-0.013245
0.018285
0.006373
-0.029095
0.017454
-0.013687
-0.008978
0.003881
0.006299
0.012637
-0.009177
0.014217
0.010239
-0.006576
-0.003930
-0.009921
0.007213
-0.001164
-0.005146
-0.017785
-0.013385
0.013988
-0.003579
-0.005208
-0.017531
-0.013928
-0.001387
-0.005235
0.000702
-0.000626
-0.001662
0.007386
-0.013895
0.002964
-0.000555
-0.001796
-0.004359
-0.007631
0.001558
0.010843
0.004257
0.005037
-0.003927
0.013068
0.002970
0.007103
0.016669
-0.003577
-0.006304
0.004947
-0.007263
-0.006192
-0.020497
-0.014184
-0.004030
0.002746
0.002001
-0.000949
-0.016260
-0.001649
0.011895
-0.000781
-0.006957
-0.014395
-0.010348
-0.014013
-0.015109
0.003406
-0.011142
-0.015539
-0.000103
0.009315
-0.010931
-0.013720
-0.006229
-0.001703
-0.011286
-0.000140
0.000211
-0.015400
-0.026009
0.000243
-0.022115
0.000436
-0.015380
-0.027383
-0.002358
0.005335
-0.001293
-0.000617
-0.007132
0.015678
-0.001117
0.001359
0.011333
-0.016666
0.003549
0.000949
0.006248
-0.004784
-0.008465
-0.008075
-0.002466
-0.006582
-0.005714
-0.006007
-0.012366
0.011181
0.008490
-0.015672
0.007533
0.007356
0.002848
-0.007158
0.010180
-0.000014
-0.001803
0.000093
0.004899
0.005671
0.013996
-0.006485
0.016803
0.009042
0.006285
-0.006692
-0.007499
-0.007256
-0.003232
0.003085
0.002823
0.002551
0.008425
-0.006884
0.016957
0.002834
-0.005994
-0.012255
-0.007597
0.003206
0.000488
-0.017371
0.010920
0.016879
-0.000476
-0.003513
-0.002809
0.005363
0.002420
0.001128
-0.009691
0.008405
-0.006746
-0.021912
0.003618
-0.001637
0.015096
-0.007573
0.001628
0.008661
-0.002230
0.001213
0.011560
-0.004789
-0.015099
0.002428
-0.013031
-0.006056
-0.013208
-0.001936
0.004170
-0.013888
-0.024049
-0.022919
-0.017648
-0.010563
-0.009056
-0.006058
-0.002989
-0.010100
-0.019764
-0.008421
-0.012749
0.011085
-0.012400
0.000742
0.004269
-0.006895
0.008977
-0.016893
-0.012223
-0.002699
-0.001572
-0.007410
-0.007060
0.003447
0.000691
0.000117
-0.008505
-0.011407
-0.019905
-0.005616
-0.006380
-0.010102
0.004306
0.000860
-0.000590
0.001476
-0.001988
-0.020704
-0.012888
-0.007227
-0.000430
0.005084
-0.003176
0.005083
0.002790
-0.014721
0.000566
-0.002712
-0.006153
0.009810
-0.018901
-0.018161
0.005583
0.001305
-0.017280
0.014214
-0.010557
-0.001284
-0.015175
0.005041
-0.007782
-0.002945
-0.014300
0.004792
-0.001836
-0.011956
-0.024182
-0.011926
-0.003486
0.010862
-0.021642
0.004561
-0.001728
-0.011259
0.001442
-0.007303
0.003104
-0.020839
0.001045
-0.013911
-0.001782
-0.000142
-0.024217
-0.008148
-0.014462
-0.005524
0.005388
0.005256
-0.003054
-0.006639
-0.007751
-0.005462
-0.000972
0.004327
-0.002250
-0.007631
-0.004373
-0.010437
-0.016601
-0.001500
-0.006472
0.002097
-0.010810
0.006697
-0.004596
-0.004599
0.000975
-0.000942
0.002693
0.005975
-0.010341
0.010048
-0.015816
-0.004878
-0.006640
-0.018712
0.006829
-0.004169
-0.021501
-0.010341
-0.011669
0.013126
0.007126
-0.004403
-0.020034
-0.022420
0.003021
-0.008348
-0.001889
-0.030323
-0.004545
-0.017626
0.012436
0.010985
-0.001804
0.006169
0.009092
-0.010766
-0.000381
-0.009016
-0.015731
-0.000964
-0.001016
-0.003491
0.008383
0.013396
-0.019784
-0.000264
-0.008559
-0.009674
0.011465
-0.003958
-0.008454
0.002908
-0.007826
0.003954
-0.013679
-0.007550
-0.010691
0.001815
0.002446
-0.012991
0.012933
0.004826
-0.007210
-0.008858
0.007567
-0.001824
-0.001856
-0.005153
-0.011503
0.011808
-0.000729
0.014201
-0.016151
0.005631
0.001990
-0.002692
0.002351
-0.017943
0.001959
-0.003353
-0.008491
-0.007309
0.004381
-0.011073
-0.017883
0.005211
-0.011369
-0.012731
-0.007893
-0.014247
-0.002339
-0.003048
-0.001156
0.003463
0.012911
-0.014234
-0.003324
0.009420
-0.011568
0.003965
0.006208
-0.008484
-0.024098
-0.015206
0.006748
-0.004422
-0.005944
-0.007915
0.010661
-0.010523
0.008558
0.006457
-0.010715
-0.008181
-0.001982
0.004131
0.002537
0.007170
0.014342
0.003312
-0.019590
-0.003889
0.000222
0.010761
-0.003260
0.014169
-0.003295
0.001543
0.008220
0.004266
0.017040
-0.000691
-0.007653
-0.015363
-0.009475
-0.018613
-0.000759
0.005203
-0.003562
-0.005868
0.003759
-0.024262
-0.003352
-0.004550
0.002191
0.009689
-0.004372
-0.011240
-0.001431
0.002943
-0.013716
0.002618
-0.003427
0.003419
0.000103
0.008812
-0.004148
-0.000042
0.003276
-0.010015
-0.016540
0.008194
