# 参数名称：invres4.conv.0.weight
# 参数形状：(192, 32, 1, 1)
# 参数数据类型：float32
# 参数值（保留6位小数）：
0.002331
0.098787
0.097928
-0.013297
-0.032852
-0.007425
-0.007214
0.059354
-0.008718
0.129061
-0.023748
-0.057066
0.063634
-0.015842
-0.023956
0.117057
-0.097536
0.003623
0.024153
0.235937
-0.082077
0.045066
-0.139635
0.005049
0.207726
0.053464
-0.128190
0.158299
-0.172170
-0.067928
-0.046748
-0.040343
0.197603
0.122396
-0.023737
0.019711
-0.071175
-0.002078
0.054326
-0.019155
-0.061702
-0.015824
-0.194932
0.000713
-0.079424
0.145331
-0.005444
0.100080
0.152060
-0.195938
0.039726
0.044821
0.042735
-0.255165
-0.207101
0.092652
0.137823
-0.113347
0.072662
0.162436
0.052902
0.063567
0.087912
0.105448
-0.294793
0.094535
0.176570
0.037771
0.163478
-0.074305
0.102583
-0.017357
0.026482
-0.028624
-0.069884
0.162958
0.044343
-0.111517
-0.019054
0.243337
-0.054376
-0.099972
0.026996
0.068316
0.088045
-0.050312
0.028308
0.052102
-0.125311
0.024364
-0.097516
0.041107
-0.079905
-0.031235
0.151566
-0.010019
-0.077830
0.003316
-0.151625
0.180733
-0.058112
0.028145
0.105351
-0.010218
-0.146891
0.048743
-0.030706
0.039694
0.104084
0.109847
0.058108
0.010139
-0.113628
-0.102859
0.046882
0.052237
0.041636
-0.031650
0.127122
0.112520
-0.029527
0.025384
-0.093197
-0.215503
-0.002745
0.037844
0.036459
-0.054025
0.005460
0.032967
-0.172057
0.017750
-0.174880
-0.123423
-0.129678
0.071215
-0.144934
0.038068
0.038392
-0.119571
-0.057728
0.020347
0.011308
0.051904
-0.028352
0.012513
0.164746
-0.140405
-0.030626
0.195861
0.121900
-0.008356
-0.040429
-0.133098
0.206199
-0.086632
-0.010316
-0.074040
0.054999
0.067197
-0.099495
0.055376
0.015756
0.026332
0.064295
0.062342
0.018855
-0.062382
-0.067704
0.056491
0.080368
0.073608
0.094550
0.100315
-0.101985
-0.032843
-0.034318
0.041270
-0.067693
0.222542
-0.009812
0.070520
-0.067709
-0.081104
0.166506
0.040360
-0.111440
0.086320
-0.022030
0.045061
0.019752
0.040694
0.023159
0.120967
0.032963
0.143392
0.158345
0.061101
-0.056899
0.005343
0.009450
-0.008841
0.043776
0.118521
-0.084604
-0.070483
0.062638
-0.051604
0.009352
0.021949
-0.018447
0.090094
0.161417
-0.078432
0.066255
0.094824
0.066845
-0.142452
-0.065677
0.135532
0.148382
0.153877
0.005412
0.074746
0.113642
0.004912
0.026113
-0.047324
-0.080056
-0.087759
0.056320
0.317531
0.066964
-0.022733
-0.079457
0.044246
-0.152577
0.151207
-0.261738
-0.015276
-0.116420
-0.002610
-0.072600
0.106010
0.052992
0.007525
0.082411
0.089398
-0.074827
-0.114785
0.108289
-0.124882
-0.091342
-0.116910
0.031866
-0.146123
-0.144057
0.125416
-0.004765
-0.161280
-0.005602
0.095047
0.095635
0.061698
0.038620
0.020403
0.034899
-0.104128
-0.019552
-0.141461
0.086182
0.041929
0.097374
0.124907
-0.030000
0.083268
-0.074251
-0.004581
0.119495
0.036237
-0.040081
-0.123024
0.104348
0.006443
-0.179328
-0.151876
0.321927
0.029902
0.085990
0.071647
-0.017226
-0.008230
-0.010044
-0.072969
-0.011104
0.012236
0.084532
-0.080368
-0.044305
0.030680
0.029540
-0.041652
0.093569
0.023030
-0.029457
-0.178402
-0.151159
-0.002464
-0.011932
0.009906
0.011412
0.015950
0.080135
0.109580
-0.175407
-0.120043
-0.014245
-0.079856
0.157963
0.004630
-0.037442
-0.024311
-0.010941
-0.055959
-0.190721
-0.162851
0.082048
-0.067440
-0.129233
-0.084164
-0.104499
-0.045269
-0.054541
0.068824
-0.073663
-0.034483
-0.036065
0.107242
0.145600
-0.101763
-0.022687
-0.091211
0.042550
0.218900
0.104812
0.054160
0.144322
-0.010491
-0.194892
0.086675
-0.167806
0.010523
0.002585
0.207296
0.037029
0.124069
0.003551
0.157321
-0.060254
-0.024354
0.036532
0.096795
-0.020398
0.055396
-0.138626
0.133159
0.061518
0.091817
-0.178681
0.001785
0.019352
0.068522
0.140671
0.052986
0.036827
-0.080717
0.013966
-0.143667
-0.111484
-0.220752
-0.156292
-0.046054
-0.048200
-0.016494
-0.116579
-0.054968
-0.094958
-0.309450
0.030900
-0.090207
-0.050723
0.024367
0.199078
-0.096349
0.077878
0.026508
0.034218
0.087427
0.073933
0.126033
0.204696
0.048714
0.118864
-0.004703
0.022549
0.087882
-0.009602
-0.021790
0.093218
0.081088
0.027260
-0.151364
-0.058872
-0.079516
0.111718
-0.068100
0.025971
0.087137
0.070048
-0.056155
-0.007962
-0.072823
-0.069304
-0.032654
-0.015840
0.057995
0.025352
0.082608
0.019177
0.109663
-0.073233
0.122306
0.021872
-0.241999
-0.011427
-0.003972
-0.130248
0.111989
-0.077078
0.215730
0.171084
-0.048325
-0.066594
-0.083655
0.111565
0.182389
-0.050094
0.045738
0.143810
0.121567
0.113722
0.050156
0.056342
-0.060634
0.145311
-0.067438
0.065908
-0.063532
-0.119938
0.080516
-0.083192
-0.003156
0.099109
0.183855
-0.060309
0.092541
-0.077495
0.122203
-0.013881
0.022888
-0.136685
0.105567
0.066438
0.042823
-0.126632
0.021846
-0.248232
0.078219
0.028536
-0.008697
0.012391
0.187950
0.044995
-0.185776
0.010894
0.019027
0.068276
0.056203
-0.013630
-0.027161
0.084760
-0.080193
0.131668
0.159029
0.007843
0.209591
-0.058008
-0.136272
-0.014838
-0.148335
-0.045459
-0.069277
0.105579
-0.110969
0.059553
-0.151361
-0.028959
0.015925
-0.030658
0.096511
0.097667
-0.068612
-0.108089
0.051858
-0.074873
0.012702
0.084068
0.007875
-0.063658
-0.036550
0.012673
-0.016955
0.034760
0.053941
0.111784
-0.024048
0.078761
-0.010849
0.003037
0.086764
-0.111439
-0.134939
-0.001584
-0.126914
0.114050
-0.294116
-0.077574
-0.211513
0.033710
0.108628
0.130478
0.013752
-0.066868
0.032932
0.041481
-0.001366
-0.167648
0.021556
0.067390
-0.022126
-0.078305
0.008067
0.041495
0.066078
0.065374
-0.153723
-0.186832
-0.045625
0.016976
0.174289
0.235466
0.128675
0.070681
0.063244
0.112989
-0.001520
-0.119517
0.139566
0.121027
0.196418
-0.106619
-0.056836
-0.206056
-0.037028
-0.141388
0.062753
-0.138772
-0.031888
-0.110719
-0.190800
-0.096565
-0.007537
-0.258278
0.096582
-0.153200
-0.145614
-0.119795
-0.153904
-0.143089
-0.079278
-0.022741
-0.153824
0.081127
-0.018145
-0.033692
0.042982
0.124404
-0.002334
0.136390
0.127358
0.160720
-0.072195
-0.015560
-0.197044
0.034756
-0.003700
-0.060735
-0.015878
0.046571
-0.052942
0.080531
0.103411
-0.182659
0.045702
-0.061981
0.191382
-0.029468
-0.173075
-0.059126
0.283598
0.102302
0.092574
0.213804
0.156149
0.135013
0.187477
0.003153
-0.018660
0.226721
-0.079846
-0.020929
-0.069483
-0.171563
0.026699
-0.009929
0.024575
0.104695
0.015107
-0.107565
0.269080
0.069181
0.080759
-0.092667
0.062633
-0.013225
-0.033556
-0.031901
0.074687
-0.082672
-0.016813
-0.169775
0.006862
0.038004
-0.108315
-0.080530
0.146890
0.010175
0.037819
0.073230
-0.160010
-0.032696
-0.004921
0.076350
-0.053694
-0.127366
-0.086610
0.058920
-0.084362
0.051213
0.062665
0.062945
0.110842
-0.027255
-0.095817
0.078693
-0.105246
0.049442
0.064860
0.096591
-0.050890
0.048205
0.013581
0.037212
0.129251
-0.252739
0.043909
-0.108719
-0.056413
-0.036321
-0.018507
-0.079525
-0.079630
-0.051316
-0.017726
-0.076801
-0.084295
0.048500
0.072370
0.042389
0.025498
-0.003813
0.090138
0.011713
0.124140
0.030297
0.132683
-0.233031
0.055641
0.095435
0.044247
0.011857
0.087360
0.033421
0.061338
-0.066441
0.014159
0.075861
0.034407
-0.110564
-0.013160
0.136538
-0.088980
-0.004808
0.075847
0.014047
-0.115830
0.183964
0.056304
-0.068680
-0.135141
0.068521
0.023464
-0.058257
0.127690
-0.237575
-0.000978
0.076612
-0.161006
0.101447
0.066403
0.049002
0.171060
-0.011578
-0.080340
0.182048
0.044287
-0.010419
-0.181042
-0.026312
-0.097889
0.015886
0.259592
-0.016922
0.090185
0.043571
0.063808
-0.106391
-0.122240
-0.084481
-0.036470
0.109984
-0.059697
-0.095534
0.046558
-0.047055
0.172905
-0.004809
0.036636
-0.124478
0.077868
0.077950
-0.172485
0.103446
-0.246538
-0.073340
0.038217
0.103183
0.011135
0.078889
0.038110
-0.071375
-0.056748
-0.126434
0.198565
0.094947
0.031584
0.110262
-0.070738
0.071131
-0.042677
-0.142802
-0.006455
-0.102361
-0.108121
-0.128047
-0.076060
0.080898
0.030314
0.058768
-0.032379
0.100302
0.128888
0.015596
-0.121048
-0.034092
-0.157058
0.162718
-0.161214
-0.140136
-0.077820
0.098743
-0.071472
0.019639
0.131961
0.032189
0.122019
-0.098478
0.041159
-0.039838
0.011256
-0.048036
0.121853
-0.083288
-0.079248
0.155282
0.071057
-0.013407
-0.043763
-0.023349
0.011248
0.059038
-0.081625
0.051357
0.068630
-0.046956
-0.003219
-0.014866
0.149399
-0.009859
-0.011384
0.034735
0.030869
-0.014149
-0.040500
-0.029425
-0.030224
0.001139
-0.000040
0.175354
0.105004
-0.186711
0.083248
0.100526
0.171342
-0.166668
0.159005
-0.104451
0.139036
-0.078519
-0.001164
0.148244
-0.078960
0.029183
-0.031147
0.060275
0.097939
0.117620
0.006850
-0.066491
-0.013762
-0.045950
-0.073235
0.077493
0.077655
-0.022927
-0.058011
-0.081619
0.013104
-0.001122
-0.047728
-0.275795
0.066335
-0.044282
0.012517
-0.165238
-0.005027
-0.032838
0.095177
0.116597
-0.157486
-0.187203
0.010417
-0.023794
-0.093250
0.003154
0.091473
-0.041060
-0.026663
-0.002668
0.053860
0.042037
-0.072857
-0.080543
-0.020144
-0.131613
-0.060172
0.012552
-0.078246
-0.057763
0.198939
0.025364
0.020385
-0.128592
-0.037627
0.040978
0.087669
0.043237
0.040997
0.164493
-0.004838
-0.191369
0.030888
0.074010
-0.072151
0.119502
0.031104
-0.050455
0.080032
0.090007
0.026020
-0.042751
0.024084
0.129461
0.049913
-0.076231
0.023434
0.044228
0.014117
-0.033992
0.085922
-0.114459
-0.040798
0.101374
0.097951
-0.011908
-0.055680
-0.115047
0.009145
-0.114752
0.102494
0.007119
-0.101592
-0.004235
0.197495
0.069329
0.054749
0.080063
0.024717
-0.006226
0.195443
0.145801
0.104958
-0.165574
0.017826
0.058427
0.046010
-0.037354
-0.220349
-0.141265
-0.220283
0.107492
0.081983
-0.184658
0.009609
-0.051708
-0.055139
0.013805
0.089059
0.180038
0.130375
-0.231612
0.087387
-0.067588
-0.080077
0.129635
-0.011181
-0.185710
0.078538
-0.207136
0.000084
-0.142614
0.138064
0.046122
-0.219025
0.130968
0.011412
0.075524
-0.148211
-0.054193
0.080517
-0.166095
0.028352
-0.152077
0.008161
0.053403
0.061304
-0.008643
-0.092800
-0.083287
-0.021714
-0.006044
-0.083872
-0.010146
-0.114241
0.170372
-0.170085
-0.175844
-0.148423
0.035760
0.085318
0.172018
-0.121386
-0.086438
0.108108
0.100816
-0.196916
0.083782
-0.103239
-0.006706
0.044578
0.214396
-0.019960
0.015617
0.089973
-0.010130
-0.099553
0.018746
-0.134172
0.177681
-0.061405
0.002881
0.049325
0.100904
0.135651
0.108742
-0.037481
0.091335
-0.004450
-0.100730
0.090290
0.002695
-0.126003
-0.109066
0.077353
-0.020624
0.162584
-0.123275
-0.034979
0.174921
-0.124331
0.037517
0.011944
0.000727
0.109750
0.008436
-0.180106
0.087990
-0.062505
-0.010974
-0.040861
0.031966
-0.077251
0.035466
0.042502
0.142507
-0.005907
0.050988
-0.001042
-0.055153
-0.047295
-0.049070
0.046351
0.031483
-0.028808
0.125131
-0.133059
-0.027175
-0.029405
0.000773
0.086258
0.014427
-0.098108
-0.034049
-0.117883
0.032795
-0.266907
0.106663
-0.062243
0.192848
-0.111988
0.065900
-0.081840
-0.001863
-0.105261
0.230190
0.040399
-0.056783
0.143413
-0.100341
0.029505
0.128687
-0.075262
0.107915
0.053403
-0.161705
-0.098457
0.001879
0.078896
0.257061
-0.075701
0.081301
0.102800
-0.188547
-0.070386
-0.033105
-0.101095
-0.206349
-0.055153
-0.025136
-0.152218
0.051622
0.092228
-0.000827
-0.135788
-0.036461
0.191737
0.142416
0.204209
0.086191
0.161075
-0.045392
0.056993
0.041701
0.021933
0.092082
0.119399
0.010843
-0.044688
-0.210445
-0.009091
0.081932
0.095684
0.091936
0.064893
0.017282
-0.133383
-0.148592
-0.036692
0.136276
0.007879
0.018245
-0.047865
-0.036488
-0.109310
-0.013024
0.103110
0.168582
0.075402
-0.035171
-0.103947
0.128790
0.013737
-0.037388
0.001366
-0.109879
0.055907
0.039094
-0.055377
-0.093985
0.017328
-0.236365
-0.001412
0.113359
-0.094640
-0.203658
-0.017776
-0.000686
-0.076475
0.000101
0.075547
0.085417
-0.119176
0.238189
0.005053
-0.005124
0.025166
0.000794
-0.006675
0.079979
0.022268
-0.009046
0.015730
-0.065950
-0.005791
0.024562
0.093430
-0.233493
-0.011732
0.046660
0.264569
0.127475
0.164575
0.015781
0.034384
0.099632
0.042622
-0.153808
-0.124751
-0.112972
0.033950
-0.053364
-0.131539
-0.069320
0.160192
0.125992
0.163920
-0.160887
0.035743
-0.036320
0.022084
-0.169767
-0.013630
0.090117
-0.007283
0.137201
-0.023347
0.064731
-0.068865
0.043489
-0.173412
-0.005370
0.092124
-0.049160
-0.114467
-0.196050
-0.089595
-0.057579
0.101897
-0.188376
-0.004777
0.113226
0.047243
-0.107842
0.004566
0.100283
0.032255
0.114944
0.003126
0.000478
0.016662
-0.019077
0.006077
-0.039826
-0.060035
0.225014
-0.047437
0.007481
0.035244
0.040191
-0.025253
0.031860
0.178710
0.110970
0.200430
-0.067131
0.027387
0.071537
0.130189
-0.017720
0.070672
-0.004244
0.018902
-0.115562
-0.052645
-0.040388
0.047364
-0.066087
0.011849
-0.062934
-0.029854
0.046190
-0.201016
-0.029983
0.101363
0.001423
0.020011
-0.105950
-0.162465
0.089800
0.155364
0.015634
0.140860
-0.113013
0.039475
0.032799
-0.029522
-0.016880
-0.176376
-0.147328
0.082031
-0.093536
0.073007
0.042425
-0.093072
-0.244988
0.023846
0.059462
-0.001061
-0.000403
-0.146828
-0.033492
0.049603
0.038290
-0.021881
-0.074060
0.256728
0.027513
-0.113344
-0.173603
-0.002305
0.068040
-0.077735
0.002754
0.166681
0.047842
-0.145519
0.182442
0.073855
-0.077404
-0.095877
-0.066173
0.030879
0.039321
0.029049
-0.104586
0.070833
-0.011754
0.027225
0.173815
-0.078792
0.107792
0.079326
0.030450
0.077861
-0.025252
-0.091790
-0.075677
0.080740
-0.037391
-0.038838
0.302237
0.118051
0.074737
-0.013396
-0.085179
-0.010727
-0.160753
-0.094849
0.120366
-0.048498
-0.245043
0.196323
-0.308920
-0.078363
-0.106956
-0.018031
0.109675
0.094232
-0.046487
-0.147490
-0.193470
0.078558
-0.119374
-0.085843
0.168146
-0.056064
-0.012261
-0.012382
0.021516
0.049778
0.157367
0.044410
0.042793
-0.016521
0.144014
0.071765
-0.015541
0.170957
-0.026946
0.055402
0.256637
0.015580
-0.099398
0.001371
-0.180010
0.043383
0.085710
0.192386
0.005319
0.037261
0.014868
-0.080309
-0.232511
-0.030412
-0.064321
0.033392
0.066593
0.023250
-0.027482
0.047753
0.113091
-0.021755
-0.063612
0.099317
0.026099
0.030738
0.080131
-0.010520
0.063997
0.126873
-0.027511
-0.068259
0.191924
0.149357
-0.010393
0.051919
-0.093419
0.168780
0.143136
0.011070
-0.126499
0.035866
0.032191
-0.017970
-0.009732
0.115928
0.071222
0.040512
0.038035
0.091159
0.085636
-0.021049
-0.038563
0.082589
-0.073979
-0.035498
0.215291
0.178353
-0.022671
0.029592
0.049336
-0.018291
0.012304
0.101706
0.110996
0.123305
0.054330
0.098862
-0.175817
0.023477
0.038421
-0.158025
0.084757
0.009879
-0.011077
0.007470
-0.082872
0.031756
-0.110750
0.062736
0.118581
0.073509
0.142108
-0.093237
-0.001814
-0.064256
0.025542
0.088532
0.029931
0.005170
-0.090363
0.143788
-0.160383
-0.106551
0.095336
0.150698
0.065079
-0.110323
0.018389
0.028405
0.051992
-0.081917
0.274260
0.074809
-0.068176
-0.062289
0.097310
0.076324
-0.025472
0.013232
0.041986
0.191675
0.025148
0.184617
-0.030183
-0.024516
-0.071013
0.004651
-0.005869
-0.025455
0.227505
-0.039758
0.130335
0.148570
-0.042199
0.042731
-0.044424
0.126989
-0.008001
-0.083529
-0.162630
0.131000
0.210986
-0.011851
0.028777
0.111045
-0.000073
-0.093369
0.051850
0.022342
0.084787
0.125163
0.127382
0.188882
-0.119987
-0.121331
0.008669
-0.096033
0.074977
-0.031376
0.061623
0.023515
0.030560
0.118373
-0.018439
-0.139067
-0.019203
-0.110952
0.033464
0.001899
-0.062932
-0.037561
0.063313
-0.024017
0.000850
-0.015938
0.062635
-0.097507
-0.012893
-0.121991
-0.033245
-0.085910
0.122537
0.052468
0.057702
-0.038085
-0.063280
0.064706
-0.040082
-0.088825
-0.027478
0.099114
-0.134445
-0.059543
-0.316313
-0.063253
0.110909
-0.050201
0.010378
-0.021125
0.085724
0.006636
-0.091038
-0.025730
0.039051
-0.175307
0.084074
-0.004139
-0.202886
0.050636
0.072529
-0.080490
0.131255
-0.017112
-0.051458
0.186127
-0.031036
-0.058244
-0.002057
0.082910
0.052693
-0.035648
0.108180
0.094940
0.004860
0.055107
-0.063833
0.005309
0.147428
0.040856
-0.225356
0.018264
0.073713
0.050294
0.093069
0.155067
-0.092444
0.054828
-0.041737
0.162950
0.231801
-0.064471
0.109767
0.039167
-0.015221
-0.009741
-0.236761
-0.085060
-0.163722
-0.031227
-0.028209
-0.183835
0.079762
0.129015
-0.236497
-0.121114
0.029871
0.089763
0.104445
0.028700
-0.079523
0.050237
-0.114275
0.024987
-0.089589
0.032091
0.163032
-0.056058
0.058071
-0.102826
-0.092037
0.160104
-0.028097
0.075030
0.072751
0.064218
0.153723
0.111116
0.023966
-0.022520
0.056516
0.093167
-0.043023
0.119968
0.043253
0.173581
-0.190758
-0.002486
-0.158476
-0.030606
0.168220
0.077487
0.015235
0.070000
-0.145600
-0.105105
-0.142363
0.055121
0.098616
-0.045882
0.074968
0.057604
0.001879
0.162534
-0.155745
0.067108
-0.022018
-0.025644
-0.028645
-0.149986
-0.087316
-0.068264
0.027286
-0.091664
0.066364
-0.080756
0.079583
0.088265
-0.012964
0.103655
-0.076792
0.025148
-0.010689
-0.004132
-0.116922
0.096042
-0.031440
-0.102585
0.084739
-0.000452
-0.080989
0.024816
0.104856
-0.002042
0.083841
-0.069229
-0.232451
-0.041845
-0.055945
0.149191
-0.221353
0.011225
0.006001
0.092781
0.067588
0.004313
-0.079177
-0.080365
-0.155860
-0.143010
0.065086
-0.106740
-0.062837
0.195691
0.053025
0.078258
0.039742
0.069790
-0.020320
0.118843
-0.027579
-0.075605
-0.092388
-0.170055
-0.008308
-0.050931
0.173016
-0.088729
0.066182
0.040581
0.000780
0.060854
-0.224460
-0.142317
0.057501
0.059020
-0.070678
0.153653
-0.142236
-0.101597
0.019636
0.014982
0.127203
-0.021727
-0.047468
0.035150
0.028068
0.019682
-0.101549
0.083248
0.076157
-0.130803
-0.156667
0.121017
-0.128314
0.100077
0.017394
0.160510
-0.244750
-0.104178
0.031958
0.027730
0.138156
0.081527
-0.100484
-0.093320
0.010050
0.145311
0.067568
-0.104642
-0.019810
-0.110278
0.004304
-0.053077
-0.119921
-0.083053
-0.132693
0.042672
0.049659
0.013470
-0.030182
0.218540
-0.035117
0.009709
0.007100
-0.110753
0.174166
0.059402
-0.037738
0.059522
-0.183332
0.059126
-0.116802
0.087604
0.035171
0.055306
-0.025409
-0.078072
0.031038
0.078240
0.072674
0.018958
0.050183
0.020263
0.008156
-0.078477
-0.047477
-0.049512
0.087914
0.119689
-0.036702
-0.101441
-0.145564
0.111321
0.038316
0.222845
-0.080598
0.180304
0.109929
0.110233
0.006882
0.166299
0.019917
-0.058056
0.099344
0.082467
-0.142235
0.040597
0.045109
-0.076278
0.063887
0.093806
0.000974
-0.014711
0.055014
-0.126254
-0.169115
-0.047865
0.108760
0.224804
-0.034170
-0.039945
0.124383
-0.062626
0.111172
-0.106965
-0.000051
0.027993
0.094910
0.031650
-0.020430
-0.148707
-0.026604
-0.141285
-0.068483
-0.073240
0.195854
-0.091121
0.036909
0.023577
-0.060863
0.023509
-0.028425
-0.028319
-0.055245
-0.061176
-0.045799
0.023913
0.197713
-0.038280
-0.095553
0.023677
0.192940
0.116097
-0.002625
0.011369
0.113543
0.026440
0.108940
0.141295
0.057188
-0.171985
-0.039063
-0.008820
-0.028703
-0.068490
-0.007595
0.066817
-0.037582
-0.063157
-0.017193
0.023716
0.216109
-0.025927
0.021201
0.138687
-0.152724
-0.075115
-0.107681
-0.046442
0.021211
-0.059340
-0.011887
-0.035932
0.130716
-0.014086
0.008124
-0.027176
-0.127444
-0.086124
0.158545
0.016161
-0.058113
-0.190429
0.084996
-0.188324
0.041096
-0.003365
0.260218
-0.046276
0.201402
-0.005890
-0.045176
-0.213216
-0.058435
-0.110454
-0.015256
0.016724
0.048492
0.117358
-0.183928
0.136212
-0.084828
0.084261
0.055807
-0.097349
-0.045951
0.116058
-0.013704
-0.149122
0.165794
-0.125471
0.090867
0.068362
0.111064
0.084141
0.141248
-0.136350
-0.044800
-0.057315
0.113807
0.002775
-0.111945
0.025829
0.024211
-0.134296
-0.036652
0.020117
0.084954
-0.222451
-0.126130
0.097757
0.015932
-0.170117
-0.178799
-0.165020
-0.064569
0.112733
-0.127701
0.026874
-0.050271
-0.141473
0.104160
0.138687
0.039340
0.056152
-0.134275
-0.105554
0.026618
-0.134150
-0.093145
0.057185
0.023511
-0.002357
0.048031
0.093666
0.089116
0.157078
-0.008838
0.056955
-0.054024
0.096322
0.066538
-0.120032
0.095609
0.071198
-0.127549
0.028952
-0.195328
-0.275125
-0.026615
-0.071471
-0.080297
0.069148
-0.016086
-0.050557
0.120946
0.036751
-0.013088
-0.094469
0.043068
0.139392
0.024153
-0.071456
-0.126751
-0.028742
-0.065700
0.027563
-0.102288
0.112394
-0.139860
-0.109724
-0.058131
0.030329
-0.049627
0.127340
0.015029
-0.019352
0.000830
-0.006798
0.120963
0.121393
0.114962
-0.156592
-0.102451
-0.124964
-0.014624
-0.139525
-0.038029
-0.114608
0.062096
-0.102141
-0.015166
0.020455
0.119040
-0.108950
-0.048687
-0.000007
0.116175
0.129790
-0.194444
0.106058
0.043281
0.099459
-0.145296
0.079841
-0.012790
-0.058044
-0.112805
-0.206662
0.026126
0.036395
-0.098791
-0.079142
-0.024998
0.148286
-0.027823
-0.098859
-0.077452
-0.009638
0.177866
-0.139674
0.149969
0.034481
-0.010136
0.002243
0.048161
-0.102346
0.026224
-0.064641
-0.093267
-0.101162
0.126383
-0.050354
0.090433
-0.063388
0.003381
0.155150
-0.024533
-0.285234
-0.129530
0.003609
-0.034244
0.081273
-0.051612
-0.018388
-0.110124
0.079781
0.111615
0.205798
-0.050690
0.080831
-0.061606
0.026057
0.072975
0.008860
0.009705
-0.064856
0.027770
-0.070495
0.002405
0.005361
0.072433
0.047462
0.114435
0.013224
-0.102318
0.085858
0.082955
0.100598
0.206699
0.101657
-0.011376
0.012753
-0.051100
-0.015784
-0.043063
-0.029375
0.111408
0.165702
0.072597
-0.198793
-0.034066
0.220087
-0.024421
0.198557
0.126976
0.019419
0.056215
0.042682
-0.087494
0.074195
-0.045044
-0.097308
0.106709
0.101921
-0.051571
-0.041081
-0.007286
0.026087
0.068402
0.011920
-0.074694
-0.192650
-0.023348
0.076489
0.156167
-0.075811
0.051604
-0.082001
-0.082156
-0.010270
0.133174
0.023918
-0.063940
0.065104
-0.029002
0.043648
-0.069225
0.002459
0.222987
0.128310
-0.172157
-0.070702
0.046297
-0.004020
-0.012197
0.136374
0.077120
-0.031123
-0.004561
-0.081717
0.107741
0.138593
0.137266
0.059920
-0.026772
-0.045983
0.130469
0.089064
0.028686
-0.122039
-0.195014
0.115458
-0.019010
-0.075638
0.031085
0.057280
0.180945
0.199339
0.121378
0.119109
-0.113693
-0.211913
0.006337
-0.000998
-0.013387
0.060128
0.033037
-0.027936
0.058567
-0.045495
-0.143457
0.001697
0.105307
0.203771
-0.088392
0.008345
-0.195382
-0.138071
0.027063
-0.099236
0.117590
-0.027918
0.024989
0.073413
0.000216
0.071727
-0.155148
-0.069274
-0.005305
-0.051199
-0.301990
0.019341
0.073269
0.144646
0.006064
0.196023
0.003195
0.053341
0.017727
0.031676
0.005715
-0.134986
0.073038
0.094010
-0.094986
-0.121058
0.016338
-0.039831
0.012206
0.232246
0.044339
0.008627
0.029668
0.030818
0.039863
0.015902
0.067328
0.116096
0.093395
-0.047603
0.022488
-0.152633
-0.106233
0.086734
0.000938
0.074079
-0.160075
-0.026892
0.017282
0.042586
0.027724
0.163797
-0.180491
0.102298
-0.087878
-0.038387
0.067386
0.002766
-0.005740
-0.116726
0.066066
0.124830
0.094464
0.079331
-0.192963
-0.087089
-0.105915
-0.090838
0.012283
0.093051
0.094874
0.014255
0.187477
0.044070
-0.093304
0.162656
0.076311
0.008065
-0.139957
0.070434
0.005219
-0.045143
0.017499
-0.077456
-0.094613
0.025530
0.029369
-0.008273
0.022370
-0.120986
0.013968
-0.107397
-0.059166
0.181259
0.063624
-0.273599
0.030479
0.031883
-0.052425
0.069633
0.199933
0.017911
0.046451
-0.081600
0.166959
0.022538
0.176481
0.045708
-0.100546
0.075041
0.024472
0.034717
0.059341
0.076553
0.132796
0.060125
0.088366
-0.073458
0.020635
0.085231
0.072364
0.056352
-0.151264
-0.070158
-0.037845
-0.050896
-0.055798
0.000024
0.011432
0.118896
0.239405
-0.124233
0.209814
0.046153
0.133453
-0.051776
0.141106
-0.058017
0.200835
-0.040054
0.222886
-0.030821
-0.033763
0.044178
0.026399
-0.126285
0.058724
0.186233
0.031743
0.018497
0.164170
0.173530
-0.054913
0.134645
-0.076648
-0.130676
0.132046
0.002318
0.056793
-0.096971
0.004802
0.031410
-0.087757
-0.017488
-0.045612
-0.153472
0.023123
-0.061417
-0.080086
0.186637
0.147263
0.083036
0.224051
0.032572
-0.027430
-0.106240
-0.050762
-0.010404
0.107919
0.015228
-0.076840
-0.003842
-0.039231
-0.015554
0.078106
0.109557
0.102895
-0.109512
0.060957
0.034373
0.000983
-0.120379
0.117540
-0.028863
0.005483
-0.015972
0.013361
0.040960
-0.053188
-0.080476
-0.060422
0.027329
0.014077
0.162801
0.026731
0.002366
0.015736
0.182543
0.183939
-0.198073
-0.095422
-0.132620
-0.018582
0.108174
0.089275
0.097094
-0.022706
0.053705
-0.031457
-0.015446
-0.056328
-0.038312
-0.074538
0.290760
-0.128905
-0.057948
-0.024254
-0.080365
0.152228
0.035747
0.055940
0.023521
-0.066617
0.127618
0.084170
-0.012753
-0.149965
-0.030479
0.131985
0.113506
-0.042310
0.157629
0.063383
-0.169102
-0.049192
0.062390
-0.099625
-0.072189
0.074487
-0.079387
-0.077741
-0.085163
0.018607
0.136409
0.052330
-0.026164
0.040243
-0.089883
0.030798
-0.037149
0.082203
-0.118671
0.078987
0.089805
0.146651
-0.058496
-0.048026
0.115114
0.130782
-0.061340
0.112818
0.166654
0.008648
0.162640
0.101330
-0.054841
0.034435
-0.038534
0.062575
0.031778
0.025687
-0.100510
-0.023343
0.047064
-0.077625
-0.035420
-0.090459
-0.066303
0.140046
-0.044853
0.084744
0.077799
-0.091583
0.001682
0.054953
0.090505
-0.053718
0.146478
-0.117472
0.061416
0.114726
0.121955
-0.089187
0.053675
-0.037086
-0.038798
0.020770
0.096797
-0.120896
-0.069629
0.005293
-0.051488
0.017704
-0.102441
-0.029824
0.086872
-0.014382
0.137290
0.061153
0.071392
-0.097670
-0.071080
0.044289
-0.036877
0.228538
0.012237
-0.004579
0.166988
-0.161697
-0.156186
-0.207188
0.012524
-0.019217
0.233064
-0.165025
0.076144
0.086536
0.081345
-0.023636
-0.064700
0.007335
0.066386
-0.137447
0.054982
-0.071162
0.046955
0.139805
-0.180067
0.045988
0.005954
0.056743
-0.153048
0.049852
0.100970
0.091575
0.243360
0.060816
-0.041912
-0.056047
0.079426
0.038413
-0.077077
-0.168204
-0.066992
-0.034187
0.097526
-0.063032
0.184721
-0.012911
0.125266
0.111247
0.074110
0.029502
0.100449
-0.016188
-0.068874
-0.025305
-0.008765
-0.049316
-0.000902
-0.005802
0.046761
0.126431
0.053000
-0.079750
-0.122366
0.047482
-0.035864
0.012108
0.026358
0.051964
0.052836
-0.143569
-0.083738
-0.168351
-0.093014
0.088324
0.010142
-0.009520
0.038939
-0.097192
0.030447
-0.065840
0.072618
0.018526
0.135131
-0.120186
-0.047364
0.033199
-0.133078
0.122830
0.071557
0.006918
0.010355
-0.008230
-0.024539
-0.009573
-0.173572
0.060511
-0.000040
0.050178
0.157089
-0.091367
-0.166394
-0.086180
0.023494
-0.257560
-0.039244
0.128477
0.227790
0.098464
-0.057660
-0.134102
0.049349
0.033750
0.036942
-0.014348
-0.079680
0.079729
0.006545
0.029003
0.083705
0.046916
-0.170241
-0.123160
0.169629
0.128375
-0.045629
-0.140770
-0.065557
-0.056861
0.105062
-0.130138
0.042923
0.091969
0.048641
0.127681
-0.067505
-0.076731
0.088467
0.083043
0.053719
-0.113083
0.168098
-0.009524
-0.093889
-0.025193
0.010807
0.069435
0.012067
0.188441
-0.101611
0.112491
-0.038181
-0.003242
-0.144178
0.053388
-0.192430
-0.247375
-0.006919
0.023811
0.035498
0.059695
0.005617
0.023299
0.062152
0.088804
0.121113
-0.237901
0.053592
0.016526
0.153924
0.031092
-0.008254
-0.046164
-0.154914
-0.159875
-0.143255
0.145290
-0.122094
-0.104162
-0.190667
0.007883
-0.167993
-0.088917
0.018850
-0.026549
0.002177
0.003524
-0.051891
-0.104495
0.114475
-0.168534
0.085294
-0.032283
-0.016824
-0.058154
0.063204
-0.023434
-0.122196
0.111028
0.101842
0.011165
-0.172514
0.150319
0.171161
0.148966
0.104430
-0.057486
-0.043542
-0.009835
-0.002933
-0.075846
0.052933
-0.044301
0.137807
0.080950
-0.119854
0.051019
0.066555
0.017810
0.088704
0.116433
0.062922
0.036804
-0.181046
0.031230
0.024086
0.159888
0.052110
-0.080345
0.194595
-0.017679
-0.018993
-0.151457
-0.068428
0.069006
-0.074733
-0.102146
0.092485
-0.112969
-0.104200
0.094779
0.052596
-0.067703
0.147474
0.030191
-0.227145
0.053477
-0.034488
0.026628
0.042603
-0.049563
0.020438
-0.037018
-0.076963
-0.081727
0.007455
0.097694
0.059580
0.045494
0.161583
0.003372
0.136801
0.000679
0.104600
-0.108165
0.255525
0.116928
-0.085745
0.024077
0.218506
-0.032741
0.058591
-0.052124
-0.038512
0.142332
0.002891
-0.022980
0.022043
0.024083
0.039361
0.009692
-0.025958
0.097690
0.144878
0.113529
0.015104
0.002418
-0.081290
-0.041859
-0.050534
0.000758
0.192402
-0.132610
0.169805
-0.150890
-0.018800
-0.029354
0.188211
0.078909
0.028870
-0.021178
-0.016638
-0.003497
0.111464
0.202156
0.002869
0.111473
-0.054259
-0.131455
0.165964
-0.096488
0.129598
0.152603
0.001497
0.107639
-0.029693
0.004331
0.050452
0.061770
0.124379
0.047962
-0.069211
0.023511
0.061678
-0.113551
0.051097
-0.147506
0.010849
-0.098620
-0.046712
0.132804
0.085808
-0.045790
0.079927
0.005666
0.022077
-0.004502
0.093884
-0.057976
-0.044339
-0.093783
0.103377
0.097426
0.022909
0.065020
-0.128709
0.038303
0.012916
-0.014329
-0.024782
0.133945
-0.030195
-0.017235
0.076045
0.067850
-0.068240
-0.180834
-0.101705
-0.009645
-0.021090
0.007996
0.190084
-0.058862
-0.091899
-0.087070
-0.047997
-0.023830
0.087241
0.181915
0.001874
0.029849
-0.221440
-0.029405
0.001844
-0.090213
0.031235
-0.041466
0.251819
-0.034003
0.044341
0.000901
-0.041200
0.053771
-0.023364
-0.137087
-0.066075
-0.157414
-0.063043
0.048332
0.014780
0.026356
0.236146
-0.152372
-0.131701
0.102520
0.055267
-0.020090
-0.106028
-0.100851
-0.094550
-0.010924
0.020875
0.049621
0.013253
-0.161796
-0.042509
-0.034488
0.038455
-0.013140
0.118223
0.044267
-0.196404
0.077568
0.028336
0.077315
0.024545
0.069647
-0.069800
-0.014632
0.038841
-0.158015
-0.268731
-0.057551
-0.050606
0.169053
-0.072000
-0.149803
-0.169212
0.046443
0.001459
0.074929
0.036156
-0.039604
-0.007313
0.063980
-0.020961
-0.078841
0.185885
-0.063909
-0.142558
0.013988
-0.002129
0.074179
0.062219
0.087148
0.095617
-0.061885
-0.010952
0.092094
0.195239
0.010921
0.024652
-0.087371
0.024060
-0.151825
0.129798
-0.030453
0.114124
0.101792
-0.000195
-0.018981
-0.108202
-0.031999
0.145821
0.031611
-0.082872
0.018965
0.029802
-0.029411
0.001923
-0.046845
0.047088
-0.078223
0.006475
-0.028649
-0.137518
0.052803
0.072641
-0.075382
0.159743
-0.094068
0.013817
0.043535
0.043960
-0.071259
0.215472
0.010633
0.093032
-0.015988
-0.053795
0.208204
0.081285
-0.099656
0.158665
-0.222041
0.105648
0.078841
0.157996
0.002299
-0.062724
0.168369
0.012542
0.023424
-0.015772
0.020594
-0.097143
-0.030037
-0.091040
0.018102
-0.030472
-0.098941
-0.019948
-0.040512
0.038426
0.052731
0.034420
-0.065729
0.085731
-0.163807
-0.008627
-0.080729
-0.090092
0.191616
-0.052069
-0.049398
0.094982
-0.159144
-0.085388
0.033377
0.144725
0.272866
-0.062635
-0.118995
0.256153
-0.050705
-0.087766
-0.031983
0.051600
-0.024714
0.209617
0.020180
0.103583
-0.163635
0.044687
-0.046708
-0.047455
-0.036191
0.137381
0.056179
0.214115
-0.102090
-0.025818
0.030163
-0.147627
0.107594
-0.051065
-0.115449
-0.060534
0.101947
0.166196
-0.039558
0.037601
-0.084839
0.072962
-0.073548
0.118329
0.014532
-0.063321
-0.145443
-0.044267
0.044315
-0.018816
0.017770
0.210960
0.004181
-0.013596
0.096785
-0.045594
0.143902
0.108030
-0.197161
-0.120357
0.099343
0.143361
-0.033036
-0.129392
-0.074886
-0.071287
-0.094041
-0.091685
-0.229881
-0.030670
0.110211
-0.018046
-0.018178
-0.159566
0.040476
-0.000410
0.152885
0.030393
-0.080498
-0.162922
-0.001261
-0.067380
0.036400
-0.008837
0.036682
-0.066782
-0.089827
-0.093436
0.171572
0.009904
-0.097890
-0.001474
-0.127003
0.184494
0.119026
-0.028314
0.157392
0.053124
0.057647
-0.000052
-0.169277
-0.095946
-0.053301
-0.043326
-0.010361
-0.057517
0.012304
-0.012062
0.100359
0.029937
0.014080
-0.042315
0.008837
0.082780
-0.114389
-0.052699
0.105073
-0.171925
-0.009365
0.016453
0.168088
0.074192
-0.050893
0.214766
0.022811
0.014333
-0.060498
0.148205
0.115661
-0.044148
-0.237264
0.010126
0.116245
0.025029
-0.069806
-0.022915
-0.142167
0.027079
0.042289
0.039342
0.097095
-0.059188
-0.017850
0.009310
0.027129
-0.079067
0.033725
-0.082992
0.013955
0.173480
-0.191955
0.181676
0.109829
-0.137959
-0.083780
0.010961
-0.103575
0.132803
0.029440
-0.074458
-0.097466
-0.066529
-0.048695
0.018475
-0.105927
-0.085324
-0.107164
0.123105
0.104353
0.051313
-0.027677
0.078350
-0.005880
0.205667
0.054424
-0.159290
0.135943
-0.071501
0.117690
-0.037574
-0.067200
-0.101665
-0.091309
0.104196
0.030365
0.162011
0.018069
-0.066655
-0.073312
0.141304
-0.086896
0.032625
0.218519
-0.014072
-0.030376
-0.159128
-0.182970
-0.073779
0.030162
0.024463
-0.090270
0.113114
-0.053740
0.078218
-0.098115
-0.045270
0.003995
0.214272
-0.049222
0.038767
0.111175
0.034068
0.076780
-0.099972
-0.035894
-0.062412
0.013923
-0.147543
-0.126383
-0.010172
-0.005162
-0.082457
0.019735
0.151129
0.052782
0.086419
-0.129223
-0.172069
0.085751
0.009558
0.061494
-0.074637
0.048245
-0.118587
-0.127997
0.185991
0.238857
0.003105
0.050722
0.189452
-0.000887
-0.100180
0.014953
0.091153
-0.022064
0.076132
0.067083
-0.113193
-0.010613
0.037948
0.172795
0.035426
0.039395
-0.107237
0.036452
0.033095
-0.031474
0.054118
-0.082983
-0.161748
0.101397
-0.183892
-0.122663
-0.094154
-0.118130
-0.100796
0.010122
0.066315
0.006494
-0.084871
-0.039568
0.192730
-0.041518
-0.102062
0.033894
-0.062580
0.137637
0.082413
0.193385
-0.168432
0.047169
-0.023551
0.001706
-0.048840
-0.118853
0.085401
-0.233321
-0.066510
0.022118
-0.014717
-0.017500
0.234526
-0.159872
0.021314
0.023698
-0.003448
0.083056
-0.017662
0.071820
-0.124199
-0.053475
-0.045683
-0.035092
0.115429
-0.018089
0.057682
-0.098833
-0.108459
0.106120
0.138148
0.002155
-0.073274
0.035945
0.029689
0.153362
0.059547
-0.030936
0.130830
-0.011500
-0.091471
0.061873
0.116263
-0.020884
-0.016326
-0.189018
-0.085226
0.134049
0.143129
0.016380
-0.026714
0.067599
0.018055
-0.139052
0.001403
0.040529
-0.012274
0.119629
0.037390
0.107033
-0.232321
-0.032705
0.049741
0.107872
-0.006037
0.174556
-0.094415
-0.113379
0.056840
-0.100023
0.022358
-0.126519
0.107354
0.124020
-0.090020
-0.039237
0.016111
0.207681
-0.101255
-0.033125
-0.075070
-0.102749
-0.124423
-0.142860
-0.154189
0.096980
-0.150402
-0.053984
0.149980
0.046150
0.087338
0.096865
0.135341
0.050226
-0.048984
0.068485
0.084917
0.048132
-0.080787
-0.028354
-0.012408
-0.100912
0.040278
-0.222788
-0.006324
0.117193
-0.076390
-0.030269
0.025801
-0.116074
0.075852
-0.047058
0.134108
0.105969
0.004864
-0.154287
-0.006079
-0.075193
0.041369
-0.095380
-0.074322
0.013436
-0.139855
0.170595
0.054417
0.112450
-0.003672
-0.075799
0.053373
-0.010836
0.000933
-0.125804
0.138540
-0.109310
0.045854
0.014108
-0.012234
0.111389
0.130802
-0.023025
0.320571
-0.036937
0.033290
0.143648
-0.019424
0.040239
-0.049052
-0.073309
0.091354
0.081651
-0.085515
-0.021976
0.024480
-0.005904
0.022274
0.027179
0.053020
-0.022692
-0.145893
0.089210
0.080977
0.116737
-0.028222
-0.112423
-0.014260
0.125481
0.125921
-0.032289
0.029027
0.040757
-0.006978
-0.118721
0.121602
0.062132
-0.091990
0.072261
0.090361
0.054681
0.131046
0.114670
0.187615
-0.031530
0.001508
0.149919
-0.097942
-0.011602
-0.048201
0.018707
-0.007161
0.069658
0.144817
-0.001898
-0.199722
-0.020680
-0.089797
-0.068099
-0.072280
0.043338
0.070710
-0.011168
-0.034295
0.018929
-0.004071
-0.217839
0.018399
-0.288187
-0.063272
-0.127964
-0.021483
-0.021175
0.176112
-0.015175
-0.032386
0.095337
0.008174
0.042613
0.086673
0.132503
0.010056
0.086408
-0.068653
-0.022075
-0.209559
0.150657
0.070144
0.069385
0.128025
-0.056410
-0.097167
0.192409
0.079593
0.065674
0.122780
-0.052399
-0.141607
-0.071770
-0.146478
-0.088264
0.015044
0.181784
-0.081392
0.068355
-0.019338
-0.108689
-0.010849
-0.121088
0.148978
0.018644
-0.081293
0.179692
0.071327
-0.029062
-0.202575
0.062290
-0.104302
0.221109
-0.031240
-0.032260
0.022754
-0.069148
-0.035134
-0.063542
0.162431
-0.036207
-0.042310
0.240837
0.182396
-0.096685
0.037395
-0.037120
0.073416
0.067695
0.062420
-0.125118
-0.035376
0.001580
-0.142197
-0.128129
-0.236032
0.020684
0.145380
0.173199
-0.067084
0.106982
-0.110139
-0.024082
-0.008191
0.118569
-0.048272
0.158015
0.073550
-0.140726
-0.066535
0.033539
0.043596
-0.008715
0.121476
-0.026693
-0.048868
-0.228647
0.154262
0.022678
-0.069810
0.022108
0.101455
0.075204
0.034987
-0.060134
-0.089308
-0.048915
-0.060902
-0.006031
0.140261
0.085071
0.108883
-0.005473
0.135272
-0.069204
0.236633
0.071344
-0.021002
0.069639
0.056583
-0.179226
0.003086
-0.169083
0.006454
-0.173537
-0.079212
-0.004198
0.204727
0.003422
0.154851
-0.153426
-0.037078
-0.029726
-0.014595
0.159144
0.103997
-0.015144
-0.015494
0.013640
-0.048579
-0.000839
-0.011722
-0.056963
-0.071817
-0.039563
-0.147294
-0.045987
0.051025
0.071431
0.059077
-0.038134
0.028189
-0.025987
0.163994
0.008834
0.081484
-0.161231
-0.126229
0.149539
-0.016692
-0.122831
0.086235
0.015216
0.043345
0.032521
0.021085
0.077976
0.046727
0.020833
0.074053
0.083547
0.007563
-0.116116
0.084876
-0.173375
0.001505
0.004717
-0.023559
-0.027147
-0.119056
-0.005076
0.226483
0.014305
0.070289
-0.025343
-0.063883
-0.026191
-0.097207
-0.065578
-0.108493
0.034335
-0.010987
0.218648
0.123296
0.152233
-0.072089
0.095843
0.087221
-0.006897
-0.059867
-0.048514
-0.012470
0.086448
-0.009891
0.018495
-0.107521
-0.082054
-0.016037
0.059763
0.145603
-0.079151
0.129015
0.049666
-0.113469
-0.110248
0.080292
-0.031520
0.259446
0.005340
0.107446
-0.127758
0.019885
0.034962
0.037881
-0.216198
0.061771
-0.133648
0.030363
0.110196
0.111138
-0.009057
0.074737
0.014807
0.030908
0.101520
-0.011109
0.045432
-0.019521
-0.033015
0.096943
-0.004416
-0.045614
-0.040237
-0.177094
0.022420
0.042322
0.167210
0.186906
0.073144
0.038671
-0.031481
0.009308
-0.227260
-0.054917
0.026363
-0.015179
-0.150918
-0.029405
0.052165
-0.063375
0.094737
-0.030091
0.122499
-0.002129
-0.013994
-0.022614
0.009862
0.097908
0.032925
-0.006056
0.088091
0.029810
-0.007936
-0.095232
-0.157660
-0.162476
0.066395
-0.025082
0.022192
-0.111820
0.052981
0.154994
-0.092576
-0.014140
-0.073485
0.020255
-0.017861
0.161979
0.088315
-0.034523
-0.009073
0.001180
-0.086698
0.017971
-0.010312
-0.006449
-0.015146
0.065631
-0.091607
0.054397
-0.106580
0.177617
-0.038763
-0.037107
0.096796
-0.270031
-0.005946
-0.071416
0.099957
0.031700
0.016463
-0.091706
-0.029595
0.044441
0.012151
0.080575
-0.122879
-0.024221
0.091423
0.045918
0.001736
-0.031696
-0.052205
-0.036742
-0.028316
-0.059074
-0.063260
0.035895
0.033567
0.012186
0.068720
-0.050818
0.057424
-0.060820
-0.020048
0.049064
-0.002222
-0.003385
0.027663
0.016566
-0.042252
-0.019280
0.028892
0.015700
-0.040514
0.037088
-0.116622
0.068682
-0.111737
-0.023632
0.117476
-0.063180
-0.146848
0.068109
-0.093698
-0.002893
0.000448
0.181521
0.005063
0.119326
-0.057723
0.020094
-0.074157
0.064418
-0.041196
-0.058858
-0.013113
0.041948
0.098800
0.136634
-0.038430
0.087224
0.037828
-0.056085
-0.028524
0.039691
-0.033919
0.087139
-0.133663
0.181030
0.011824
0.029712
0.065280
-0.040167
-0.176163
-0.060248
-0.025780
0.043915
0.170893
0.183141
0.062656
-0.040969
0.090722
0.012139
-0.101238
0.036530
0.110616
-0.045462
-0.056002
-0.142761
-0.050752
-0.107518
-0.033236
-0.188876
0.037993
-0.017295
0.082902
0.101553
0.106668
-0.038037
-0.018267
0.205185
-0.090833
-0.080471
0.053838
0.132649
-0.021575
0.221803
0.113656
-0.130604
0.025040
-0.079478
-0.068332
0.100520
-0.060825
0.002897
-0.004338
-0.041192
0.096215
0.064055
0.027905
-0.172383
0.010401
0.094507
0.005232
-0.077200
0.096420
0.097599
0.157194
0.024247
-0.125624
-0.005864
-0.082338
-0.115805
-0.242406
0.133023
0.048137
0.017044
-0.054125
-0.026080
0.125994
0.076180
0.151955
-0.018244
-0.043857
-0.044072
0.007721
0.020687
-0.001253
-0.011191
-0.062814
-0.060152
-0.125022
0.091674
-0.221424
0.117874
0.026148
-0.205189
0.141535
0.166515
0.042627
-0.077521
-0.024608
0.045781
0.015943
0.154257
0.091429
0.234829
-0.083273
-0.094034
-0.080249
-0.015694
-0.041112
-0.076726
-0.038399
0.034162
-0.033636
0.097194
-0.034801
0.102586
0.110837
0.045166
0.185928
-0.058729
-0.004895
0.052083
-0.049925
0.020347
0.079335
0.010157
-0.117675
-0.301361
0.016889
0.049701
0.031914
0.105873
-0.047148
0.113826
-0.182710
0.025726
-0.026328
0.075729
0.089920
-0.028656
0.061171
-0.078777
0.047741
-0.035109
0.055706
-0.084360
-0.086178
0.106191
0.083091
0.015093
0.088364
0.152001
-0.123620
-0.043220
0.047321
0.023871
-0.125350
-0.108676
-0.013596
0.017699
-0.050195
0.050650
-0.173172
-0.152118
0.172746
-0.036362
-0.054906
0.078060
-0.055763
-0.169075
0.085497
-0.072419
-0.110277
0.095267
-0.110644
0.160614
-0.019911
-0.077538
0.177141
0.077831
-0.078205
-0.059202
-0.074362
0.102268
-0.042519
0.067517
-0.073551
0.027450
-0.034476
0.134483
-0.042027
0.154244
-0.063980
-0.112106
0.122144
0.066534
-0.134213
0.058781
-0.110665
-0.160538
0.178915
0.047846
0.125736
0.026184
-0.065593
-0.030903
0.085669
-0.120889
0.007923
0.057954
0.000578
-0.004312
-0.060437
0.088697
0.129231
-0.004226
0.008871
0.061901
-0.014358
-0.151555
0.079656
-0.149002
-0.069069
0.050680
0.188400
-0.015559
0.075300
0.115664
0.010175
0.039335
-0.032151
0.125912
0.009027
0.051751
-0.183889
0.110785
0.116553
0.091761
-0.108116
0.066537
-0.053309
0.059369
0.038973
0.058205
0.120797
0.074112
0.241220
-0.088820
-0.091110
-0.125067
0.100931
-0.069964
0.072610
-0.048762
-0.009965
-0.127436
0.037791
-0.173829
-0.180000
-0.013251
-0.201263
0.169553
-0.011512
0.046263
0.019865
0.014282
0.064622
0.112031
0.020474
0.129545
-0.034889
-0.120323
-0.161270
-0.039894
0.055443
-0.165995
0.000212
-0.162741
-0.206079
-0.026783
0.030623
0.003716
0.038383
0.010252
-0.006724
-0.148874
0.047860
0.003756
0.233019
-0.009036
-0.064543
-0.013830
0.076218
0.236410
0.223081
0.107438
-0.032530
-0.038745
0.040180
-0.004190
0.006077
-0.051188
0.024033
-0.109754
-0.013840
0.052428
0.172245
-0.132294
0.054975
0.057204
0.004830
-0.055026
-0.067161
0.078352
-0.038353
0.072172
0.042670
-0.090667
-0.000260
0.117664
-0.034763
-0.131796
0.005359
-0.087591
0.130410
-0.111790
0.025058
0.133216
-0.109748
-0.067680
-0.104052
-0.228488
0.178590
-0.082456
0.215642
-0.063772
-0.128700
-0.033119
-0.034161
0.037731
0.014202
0.081688
0.024790
0.113881
-0.116131
-0.016383
-0.055610
0.071339
-0.210566
0.104729
-0.070354
0.148416
0.055718
0.002378
0.124151
0.033982
-0.029728
0.075896
0.029056
0.113203
-0.081687
-0.073605
-0.023516
-0.072677
0.015036
0.009882
0.012766
-0.083636
0.085608
0.198529
-0.072118
0.086813
0.018731
0.138254
-0.041215
-0.131928
-0.050112
0.088091
-0.018080
0.001515
-0.062034
0.066569
-0.041833
0.133807
0.077177
0.039081
-0.066622
0.018720
-0.060048
0.217371
0.016587
-0.023896
0.074492
0.144438
-0.070019
-0.018681
-0.041288
-0.080629
0.087104
0.156293
-0.071713
-0.039618
0.025510
0.054270
0.067725
-0.101233
0.000864
-0.053912
0.002837
0.078393
0.031116
-0.087589
-0.177319
0.061858
-0.084555
0.008632
0.085318
0.082993
-0.004457
0.165600
-0.005820
-0.017247
-0.080353
0.212496
0.047802
0.170121
-0.160269
0.089518
0.128321
0.135208
-0.060855
-0.059492
-0.005277
0.121554
-0.216567
0.203976
0.156602
0.029689
-0.169544
-0.026663
0.115470
0.118765
0.231064
0.009911
-0.222613
0.021709
-0.102241
0.192452
-0.130477
-0.009526
-0.053672
0.025060
-0.073801
0.079207
-0.135891
-0.178028
0.106411
-0.239807
0.111730
0.162948
-0.288663
-0.082077
0.013733
-0.020591
0.071897
-0.077514
-0.035761
0.075862
-0.069329
0.121324
0.145139
-0.085108
-0.065519
0.103839
0.175005
0.057451
0.059340
-0.104231
0.081855
-0.129958
0.051099
-0.151709
-0.248458
0.188835
-0.033889
0.067938
-0.048875
-0.130399
0.154234
-0.022630
0.144768
-0.027823
0.043893
-0.078792
-0.073426
-0.034142
-0.071780
-0.066390
0.082634
-0.196301
-0.041597
-0.216272
0.051103
0.178661
-0.033997
0.157446
0.017820
0.061678
0.045959
-0.122961
-0.094898
0.080505
-0.117909
-0.117570
-0.053415
-0.095856
-0.110155
0.086008
-0.065700
-0.079892
0.038242
-0.014604
0.125371
0.041677
-0.044148
-0.030825
-0.191255
0.052197
0.013562
0.131555
0.037311
-0.065922
-0.078521
-0.093559
-0.231387
-0.180954
0.115379
-0.008758
-0.068977
-0.002027
0.091138
-0.155941
-0.040637
-0.152570
0.083397
-0.092423
0.133135
-0.005418
0.007673
-0.132163
-0.070956
0.091671
-0.036053
0.158519
-0.001475
0.050915
-0.027290
0.123757
0.140208
0.175372
-0.059369
-0.008467
0.084393
0.018824
0.079145
-0.099388
-0.021239
-0.116407
-0.016787
0.019448
0.182971
-0.039620
0.010007
-0.011221
0.034007
0.049685
-0.012615
-0.040479
-0.053786
0.091284
-0.087666
0.103431
-0.090887
0.018012
-0.025885
0.074711
-0.030172
-0.024766
-0.216847
0.104642
-0.040551
0.111756
-0.019317
0.013415
-0.088129
-0.054309
0.025339
0.175310
-0.334160
0.129288
-0.032827
0.115490
-0.020040
0.079370
-0.125248
0.164860
-0.092211
0.048850
0.098545
-0.015894
-0.082233
-0.105854
-0.039675
0.013484
0.041102
0.092848
-0.015123
-0.075966
-0.155261
-0.204878
-0.071777
0.121871
0.038567
0.053885
-0.144130
-0.056038
-0.062818
-0.066339
-0.069574
-0.062663
-0.095332
0.109720
-0.032862
0.054814
0.141001
-0.065178
0.225735
0.181380
-0.127278
0.039451
0.029846
-0.110502
0.077827
-0.129781
0.134432
0.035480
0.111683
0.076719
0.027257
-0.082777
-0.064332
-0.026004
0.030878
0.062690
-0.153088
-0.046965
0.068542
0.155931
-0.094683
-0.028871
0.175529
0.125753
0.185650
-0.125342
0.029802
-0.054812
0.041850
0.067663
0.005233
0.067420
0.070284
-0.043834
0.041330
0.138583
-0.027655
0.177795
-0.023087
0.126606
-0.032529
-0.037179
0.021755
-0.092454
-0.058040
-0.085473
0.086735
0.020897
0.171956
-0.116193
-0.117478
0.059354
-0.001355
0.285247
0.038209
-0.027729
0.006795
0.034155
-0.039400
-0.002147
-0.090454
0.130241
0.076589
-0.031360
0.091272
-0.095961
0.092236
-0.129683
-0.052684
0.076203
-0.032160
0.161373
0.049587
-0.027724
-0.033355
0.168871
-0.166329
0.138845
-0.071454
-0.076419
0.096850
-0.085669
0.041263
0.018302
-0.262926
-0.029874
0.149375
-0.067694
-0.150699
0.045281
-0.108814
-0.087881
0.013470
0.074856
0.057754
-0.037807
-0.204739
-0.091269
-0.095342
0.018171
-0.009461
-0.145673
-0.114210
-0.014486
-0.094191
0.127413
0.025932
0.097171
0.163255
-0.045836
-0.068554
-0.196825
0.002191
-0.012151
-0.025008
0.046321
0.013400
0.124513
0.134639
-0.048267
0.044485
0.185706
0.065789
0.121389
-0.085298
0.032000
-0.030168
-0.119281
0.103382
-0.030012
0.094406
-0.022976
-0.161175
0.041270
-0.210489
0.236896
-0.091630
0.041804
0.109652
0.114509
-0.188325
0.058859
-0.138488
0.053568
0.037150
-0.010937
0.220868
-0.033256
0.145947
-0.132090
0.061876
0.044126
-0.188074
0.274410
-0.019244
-0.019178
0.107510
0.082687
0.133704
-0.057097
0.072134
0.004975
-0.017359
0.027326
-0.234149
-0.094307
-0.214886
0.045741
0.032393
-0.079102
-0.101840
-0.080473
0.126075
0.064604
-0.003077
-0.065040
-0.085237
-0.000757
-0.128918
0.099970
0.099909
0.044409
-0.015190
0.152435
0.096260
-0.002058
0.194341
0.015843
-0.259703
-0.009327
0.033760
-0.095036
0.069358
0.072804
0.052183
-0.000363
-0.010878
-0.018274
-0.143111
-0.016001
0.056882
0.023501
0.004977
-0.071382
-0.174553
-0.114039
-0.127990
0.116580
0.115737
0.024883
-0.101059
0.074777
-0.003124
-0.079307
-0.009360
0.036505
-0.056974
-0.079901
0.089487
-0.082535
-0.097471
-0.176546
-0.147425
0.077241
0.104769
-0.038454
0.018149
-0.080935
-0.180403
0.086925
-0.009646
0.308071
0.169537
-0.043688
0.080073
0.113056
-0.103290
0.022622
-0.131490
-0.086035
-0.006032
-0.208428
-0.089241
-0.051882
-0.047684
0.003084
-0.158008
0.014177
-0.133691
-0.137950
0.163866
-0.089596
-0.023672
-0.073347
-0.040137
0.047361
-0.157167
0.049494
0.106492
-0.055743
-0.118903
0.049974
-0.106574
0.044589
-0.036699
-0.064661
0.136828
0.077201
0.067129
0.044216
-0.181360
0.165344
0.114068
-0.051212
-0.048293
0.140638
0.015329
0.078354
-0.053528
0.095304
0.115160
0.118385
0.014396
0.160349
-0.042704
0.048243
-0.157464
0.005668
-0.060162
-0.095819
-0.023372
-0.014829
-0.113243
0.008762
0.113019
0.201609
-0.099949
-0.072282
0.098717
-0.055295
-0.188437
-0.021180
0.039027
0.064280
0.043185
0.043914
0.085659
0.035005
-0.046788
-0.043474
-0.077686
0.046047
0.010886
0.040760
-0.024355
-0.065119
0.130796
-0.108856
-0.067438
-0.079929
-0.017791
0.136346
0.051255
0.158789
-0.012021
-0.015872
0.035081
0.013508
-0.179888
0.100178
-0.074714
0.166645
0.045963
0.195260
0.182063
-0.009134
0.083963
0.066651
0.044527
0.168192
-0.180684
0.027027
-0.163155
-0.124022
-0.029489
0.011530
0.010531
0.131838
0.049614
0.112298
0.015471
-0.075248
-0.084140
0.095337
-0.104914
-0.081534
-0.032249
0.039873
0.191072
-0.074383
0.069309
-0.061996
-0.173220
-0.098798
0.075788
-0.031960
0.173158
0.147417
0.055776
-0.001776
0.214954
0.038042
0.035617
0.208385
-0.030607
-0.000509
-0.109546
-0.053976
-0.107149
-0.027627
0.041837
0.024644
0.087279
0.202683
-0.097602
0.008502
-0.046354
-0.008863
-0.148897
-0.006475
-0.126416
0.091173
0.100889
-0.015384
0.016034
0.259388
0.031488
0.111019
-0.238555
-0.080049
-0.021803
0.174228
-0.045869
0.043806
-0.043202
0.008882
-0.011723
-0.089031
0.019389
0.054473
-0.008508
-0.092492
-0.037664
-0.127948
0.122948
-0.100050
-0.106599
-0.011881
0.022870
0.020196
-0.152264
0.053397
-0.017799
0.125158
0.137796
0.111887
0.163670
0.015194
0.079218
0.356255
0.123618
0.084046
0.188188
-0.000839
0.070317
0.049093
-0.039677
-0.126974
-0.047114
0.100269
0.154385
-0.060519
0.116198
-0.026364
0.047096
0.102381
-0.107615
-0.015414
0.012910
0.149005
0.029640
0.009400
-0.089282
-0.005289
0.051128
-0.046073
-0.108985
0.162520
0.060545
0.048233
-0.083720
-0.133514
-0.092458
0.025124
0.079753
-0.105816
-0.046863
-0.026475
-0.046876
0.049530
0.159104
0.127549
0.020752
-0.136846
-0.101724
0.015194
0.033362
0.017492
-0.061456
-0.029513
0.042637
-0.047682
0.038708
0.106890
-0.050962
0.103790
0.016095
0.098936
-0.061090
0.131567
0.010592
0.077023
-0.181979
0.041153
0.136488
0.057595
-0.050280
-0.070668
0.072988
0.060809
0.043803
0.062202
-0.049560
0.024560
-0.105524
0.079345
-0.123203
-0.026270
0.135354
0.095587
-0.175426
-0.051519
-0.072364
-0.020312
0.049937
0.135802
0.095286
0.021491
0.122863
-0.051980
0.001239
-0.128549
-0.368751
-0.080488
0.162353
-0.033827
-0.072475
-0.169570
-0.231828
0.011172
-0.109103
0.061571
0.092279
-0.095737
-0.185923
0.087012
-0.006986
-0.054820
-0.057764
0.100754
0.058805
-0.057461
0.113350
0.143276
-0.012083
0.077220
0.142273
-0.004720
-0.042921
0.181201
-0.010735
0.028219
-0.024370
0.208613
-0.142000
0.104262
-0.246457
0.298217
0.038887
0.109454
-0.081945
-0.046168
-0.109395
0.057020
0.046496
0.133801
0.012092
-0.009899
-0.112286
0.021299
-0.083858
-0.079818
-0.057018
0.053727
0.256120
0.042362
0.011734
-0.214140
-0.109050
-0.030638
0.040652
0.162036
-0.203040
-0.007953
-0.051323
-0.030002
0.155582
0.094524
0.001270
0.028721
-0.140627
-0.005238
0.030342
-0.002451
-0.128168
0.026999
0.019219
0.123549
0.032283
-0.054105
-0.211572
0.001025
-0.163956
-0.006810
-0.032914
-0.042265
0.076084
0.012324
-0.188687
0.054102
-0.040956
-0.111253
0.146580
-0.052605
0.018408
0.241875
0.081884
0.008007
0.015292
0.122634
-0.012105
-0.181856
-0.113992
0.044882
0.016344
0.093832
-0.166772
0.090382
-0.038834
-0.051679
0.117884
-0.095659
-0.001187
0.058578
0.039721
0.163694
0.071965
-0.063523
0.041372
-0.081929
0.050748
0.067714
0.032245
-0.009597
0.029368
-0.015721
-0.059653
-0.051194
-0.037734
-0.030982
-0.019528
-0.002356
0.053571
0.037441
-0.045836
-0.087381
-0.139113
0.050680
-0.229581
-0.088377
-0.010720
-0.165309
0.000413
-0.201151
-0.130908
-0.111958
0.161777
0.016306
0.218502
0.173923
-0.020736
0.073573
-0.057244
0.118843
0.115633
0.066264
-0.032305
-0.169300
0.134066
-0.011933
-0.112405
0.076910
0.125781
0.036686
-0.063026
0.026057
-0.150285
0.132557
0.014932
0.067290
0.049446
-0.022983
0.076931
-0.135543
0.141513
-0.105380
-0.085496
-0.008851
-0.169295
0.195962
0.174149
-0.075084
-0.132081
0.104328
0.084975
-0.181558
-0.002291
0.043261
0.006380
-0.019991
-0.093336
0.135969
-0.155145
0.057055
0.125933
0.026010
-0.206684
0.103103
0.085804
0.177992
-0.040930
0.046569
-0.035947
-0.067100
0.066658
-0.126217
-0.005035
-0.107120
-0.023960
-0.050646
-0.023842
-0.005396
0.008819
-0.204406
0.124114
0.172753
0.095025
0.146744
-0.005664
-0.123042
0.113592
-0.074255
0.124378
0.091726
0.122873
0.118567
-0.058987
-0.000107
-0.038470
-0.146208
-0.064771
-0.126178
0.068434
-0.005440
0.011599
0.042296
0.035020
0.057172
-0.006860
-0.034442
0.074183
0.096130
-0.050350
-0.152820
-0.014577
0.086143
-0.014383
0.051498
-0.046300
0.152758
-0.099857
-0.030584
-0.137636
0.042108
-0.047322
0.063464
-0.235158
0.114641
0.167220
-0.033528
0.114314
-0.111931
-0.080898
0.221977
0.202532
-0.062640
-0.082428
0.058942
-0.048606
0.062105
-0.003151
0.104514
0.066889
-0.017266
-0.073379
-0.036847
0.044344
0.083667
-0.004893
0.020217
0.175640
-0.176128
0.209176
0.057064
0.052291
0.098846
0.019274
0.068549
0.115031
0.174413
0.021447
0.280756
-0.135761
-0.100775
0.011783
-0.002169
-0.094928
0.159059
-0.019321
-0.013798
-0.170172
-0.247661
0.151276
0.133608
-0.088339
0.019369
0.010547
0.080466
-0.173068
0.047797
0.111769
0.008545
0.089016
0.063272
-0.031058
-0.127486
-0.046132
-0.327287
0.007354
-0.032140
0.104211
0.028760
0.126967
0.022084
0.131985
-0.014003
-0.119391
-0.162304
-0.089674
-0.038697
0.215558
-0.028031
0.106354
-0.107278
0.017037
0.053837
-0.033203
0.105282
-0.086397
0.023718
0.116139
-0.014063
-0.010068
0.146810
-0.098189
0.206754
0.072088
0.121387
0.002350
0.063186
-0.084358
0.087397
-0.189718
-0.033363
0.021110
-0.203710
-0.030554
0.059910
-0.081858
0.088981
0.090012
-0.086086
0.038342
-0.006984
0.063579
0.067794
0.027670
-0.041955
-0.062050
-0.017359
0.033662
0.150991
-0.029614
0.003734
-0.041445
0.029782
-0.088571
0.104368
0.052078
-0.009951
0.112789
-0.021269
-0.031790
0.128455
0.014666
0.115184
0.147307
0.006175
-0.084679
-0.103409
-0.113437
-0.010188
0.068684
-0.033125
0.135839
0.018591
-0.069724
0.010146
-0.017140
0.038335
-0.036492
-0.056538
0.056594
0.044176
-0.029898
0.020939
-0.202120
0.077593
0.027073
-0.084710
0.048330
0.047804
0.107111
0.030774
0.089896
-0.092195
0.125076
0.116730
-0.113942
0.013938
-0.020056
-0.096758
0.020146
0.013209
-0.025360
-0.192359
-0.035905
-0.038984
0.016819
-0.170683
-0.026209
-0.111377
-0.067790
-0.000354
-0.196505
-0.056614
-0.132535
-0.086706
-0.023066
-0.192724
0.032485
0.014002
-0.055894
-0.102902
-0.076915
-0.050574
0.093955
0.031649
0.119613
-0.005461
-0.038137
-0.095478
0.065068
-0.019177
-0.118111
0.006100
-0.035972
0.060424
0.000467
-0.126690
0.218867
-0.131396
-0.098506
-0.034241
-0.058758
-0.005938
0.055227
-0.018979
0.013892
-0.132241
-0.136357
0.059150
0.016392
0.026405
0.193996
0.029238
-0.068177
0.149005
0.097875
0.000696
-0.011010
0.025707
0.063699
-0.175245
0.035848
0.095637
0.046902
-0.082884
-0.001431
-0.052467
0.135823
-0.144261
-0.197093
0.204323
0.139662
0.062220
0.062342
-0.023949
0.117444
0.067757
0.037176
-0.177670
0.054817
0.000397
0.158899
0.074345
-0.085004
0.008387
0.152808
0.000769
-0.122125
0.118906
-0.140217
-0.127160
0.028204
0.047040
-0.095732
0.128773
-0.168787
-0.096336
0.064865
-0.124172
-0.051528
0.072686
0.136754
0.015484
-0.080149
0.140848
0.005018
0.035330
0.037843
-0.067499
0.030760
-0.069062
0.054990
-0.105462
0.003305
0.177126
0.083407
0.060083
-0.032095
0.116757
-0.262780
0.192777
-0.049456
0.042968
0.109738
0.057711
0.129605
0.184180
-0.054094
0.095168
0.112755
0.034955
0.036733
0.115153
-0.077246
-0.092980
0.103011
-0.021975
0.004173
0.080121
-0.002631
-0.041698
-0.110831
0.026821
-0.174811
0.062157
0.105126
0.164579
0.055632
0.106213
-0.198199
-0.038640
-0.096406
-0.007111
-0.192463
0.016746
0.171216
-0.178917
-0.145922
0.062355
0.037070
-0.138181
-0.064959
-0.016745
-0.057278
0.210549
0.268400
0.017507
-0.229512
-0.080237
0.035959
0.204156
0.001380
-0.059977
0.095556
-0.048206
0.047190
-0.040331
0.046332
-0.182640
0.033529
0.226974
0.011877
0.030160
-0.214765
0.171101
0.019018
0.048361
0.150978
-0.003954
-0.169419
0.101170
-0.159086
-0.005077
-0.162366
-0.089221
0.165147
-0.002353
-0.165656
0.013327
-0.136642
-0.008877
-0.175528
-0.013502
-0.001674
0.075516
-0.110288
0.080776
0.105644
-0.164805
0.062598
-0.130526
0.104252
0.098479
0.007878
0.034319
0.077312
-0.087501
-0.091448
0.124755
0.182009
0.039731
0.018091
0.165630
-0.119237
0.099728
0.071340
0.128766
0.009873
0.128940
-0.231494
0.079046
-0.103369
-0.071798
-0.194623
-0.201766
-0.032497
-0.036306
0.137928
0.074955
-0.076017
0.100365
-0.186356
-0.020498
-0.058457
0.136941
-0.007580
0.155673
-0.129784
-0.088994
-0.181237
0.020065
0.259639
0.076922
-0.128274
0.160095
-0.042821
0.004548
-0.101785
-0.029440
-0.111039
-0.044254
-0.112601
0.073416
0.179435
-0.051847
0.008967
0.096441
0.019313
0.196744
0.128328
0.135973
0.128476
0.069210
-0.149431
-0.175990
0.155016
0.024359
-0.098680
0.111846
-0.025981
0.005198
-0.230014
0.174532
0.075243
0.019618
0.002771
0.015806
0.054834
-0.063689
-0.127980
0.167719
0.088366
-0.154144
0.048740
-0.034391
0.042866
0.072331
0.167856
-0.051062
-0.001925
0.099853
-0.111630
0.004190
-0.128831
0.013369
-0.016271
0.043677
0.002702
0.138906
0.158993
-0.024123
-0.072014
0.055949
0.022373
-0.031152
-0.167784
0.223299
-0.082782
0.066201
0.103647
-0.120375
0.020565
-0.101916
-0.090423
-0.040288
0.022481
0.120673
0.117683
0.028627
0.081553
0.102457
0.117555
0.122604
0.019370
-0.066810
-0.112102
-0.023329
-0.020176
0.026882
0.207221
0.010898
-0.026130
-0.121771
-0.068771
-0.064645
-0.195122
0.047844
0.014696
-0.074064
-0.243508
0.101831
-0.038870
0.026831
0.058013
0.009017
-0.042844
-0.134534
-0.132877
0.117560
0.060320
-0.107546
-0.061112
-0.041989
0.032445
-0.045947
-0.126556
-0.044326
0.091272
0.073747
0.011806
-0.077584
0.039576
0.053992
-0.060198
0.350192
0.054619
-0.040018
-0.028201
0.047684
0.031883
-0.079050
0.123325
-0.177412
0.006558
-0.038097
0.069804
-0.052338
0.051151
-0.068891
-0.171307
0.092030
0.005526
0.087582
0.000070
-0.021613
0.034531
0.054970
0.090881
-0.086848
-0.030245
-0.025016
-0.063831
0.087104
0.189255
0.137755
-0.024458
0.091133
-0.093635
0.125690
-0.101659
0.264531
0.044579
-0.069237
-0.129306
-0.053165
0.077416
-0.148561
-0.172230
-0.114120
0.046382
-0.026520
-0.112130
-0.046028
-0.034676
0.016258
-0.006685
-0.003286
0.034660
-0.017912
-0.031621
0.035873
-0.182153
-0.108803
0.010927
-0.031892
0.131561
0.001694
-0.170065
-0.095145
-0.042520
0.185769
-0.077419
-0.047908
0.017984
0.036924
0.022532
0.034181
-0.012793
-0.069006
0.122323
-0.156254
-0.074659
0.025400
-0.028883
0.025858
-0.071566
-0.014691
0.028719
0.105270
0.074056
-0.005902
-0.015913
-0.064613
0.083557
-0.045499
0.130934
-0.000853
-0.100806
0.065583
0.114340
-0.066468
0.216485
0.112252
0.159485
-0.083308
-0.064966
0.131207
0.039212
0.090975
0.168380
-0.026712
0.193584
0.240191
-0.051139
-0.052809
-0.006518
-0.022289
-0.024114
-0.154467
-0.121516
0.051418
-0.141634
-0.061761
-0.059485
0.105387
-0.005540
-0.061978
-0.082567
0.123266
-0.066701
-0.052150
0.103206
-0.087309
0.150521
-0.042598
0.030142
0.069683
0.027313
-0.025583
-0.149055
0.043412
0.107736
-0.069911
0.049547
-0.059160
-0.224686
0.097010
-0.041505
0.166981
-0.109288
-0.008305
0.140262
-0.115078
0.011814
0.047725
-0.036284
0.101007
-0.025802
-0.007210
-0.065451
0.003507
0.160331
0.169942
-0.058642
0.247539
0.180457
0.028997
-0.064650
0.066406
0.047354
-0.033757
0.023152
0.077811
0.055897
0.155226
0.039959
0.024381
-0.053644
0.192350
-0.116999
0.039131
0.105222
-0.128844
-0.100048
0.096081
0.066951
-0.022872
0.062886
-0.221793
0.007301
0.059627
0.291759
-0.068300
0.034620
-0.009635
-0.285773
-0.012171
0.077061
-0.009452
0.085629
-0.055447
0.119094
0.074160
0.082524
-0.110216
-0.121413
-0.129919
0.221479
0.057943
-0.017172
0.044127
0.177809
-0.058383
0.011660
0.057897
-0.044276
0.085014
0.002068
-0.036152
-0.003078
-0.043343
0.167399
-0.013509
-0.171444
-0.038048
-0.040628
-0.098815
-0.024743
-0.050219
-0.231365
0.076735
0.005501
-0.230017
0.109335
0.103140
-0.158225
-0.008222
0.009784
0.035499
0.118742
0.009432
