# 参数名称：invres2.conv.4.running_mean
# 参数形状：(384,)
# 参数数据类型：float32
# 参数值（保留6位小数）：
-0.023644
-0.015975
0.052049
0.025647
-0.026802
0.036948
0.026187
0.030586
0.038330
0.002301
0.005169
0.016132
0.017684
-0.020282
-0.003481
0.014990
0.009798
0.011293
0.009723
0.005414
0.026107
0.030959
0.035004
0.014686
0.012368
0.017384
-0.040141
0.021437
-0.032702
0.001499
0.020952
-0.020865
0.035280
0.012302
-0.009434
0.019260
0.062348
0.011281
0.021589
0.011172
-0.037920
0.010364
-0.026180
-0.044389
0.010735
-0.020039
0.016766
-0.025663
-0.002884
0.017967
-0.016554
0.008162
0.045926
-0.015769
0.006898
0.022509
0.015330
0.003680
-0.008127
0.034611
-0.021959
0.024655
0.030018
-0.025436
0.006356
0.021122
0.042519
0.024786
0.005548
-0.042705
0.013604
0.001293
0.036318
0.022485
0.020754
-0.019349
0.003726
0.009430
0.017293
-0.041062
0.034455
0.019819
0.004492
0.043809
0.019271
-0.010026
0.087482
0.011061
0.052328
0.036694
-0.006143
-0.010756
0.021443
0.020596
-0.046701
-0.013443
0.009512
0.053383
0.021480
0.035032
-0.023376
0.012509
-0.014032
-0.041640
0.026968
-0.002154
0.017947
0.080710
0.011268
0.035375
0.002694
0.010390
-0.022696
-0.036312
-0.031922
-0.020315
-0.020277
0.005509
-0.004743
0.024248
-0.017185
-0.030921
0.014287
0.031718
0.018276
-0.040460
0.029513
0.013291
-0.003825
0.001139
0.004980
0.030215
-0.030824
0.005160
0.045721
-0.011805
0.008925
0.025119
0.029428
-0.021702
0.012039
0.012457
0.009293
0.036764
0.029402
0.009563
0.022593
-0.041696
-0.039733
0.006405
0.013012
0.034771
-0.010031
-0.049355
0.040260
-0.014352
0.010523
-0.072230
0.017707
0.013459
0.022168
-0.006697
0.023563
-0.003097
-0.016231
0.024595
0.031484
-0.010170
0.037486
0.029819
0.027025
0.019917
-0.013019
0.008953
0.016047
0.019419
-0.032851
0.034631
-0.028890
0.019516
-0.003498
0.006468
0.017685
0.018549
-0.033479
0.007478
-0.012735
0.019359
-0.008312
0.006153
0.055888
-0.032378
-0.000535
0.031521
-0.044186
0.059535
-0.020850
0.048517
0.018696
0.030109
0.010891
0.041534
-0.029428
0.008717
-0.001574
0.001849
0.031294
0.048514
0.013836
0.039411
-0.008163
0.036111
-0.004301
0.017866
0.026360
-0.036128
-0.016609
-0.019425
0.002176
0.005978
0.036916
0.021355
0.043607
0.021646
-0.044167
-0.030103
0.036349
-0.009936
-0.010539
-0.016428
-0.047334
-0.024501
0.015978
-0.021310
0.040173
0.007578
0.039188
0.014483
0.014993
-0.000225
-0.026384
0.013091
-0.001677
0.033031
0.016651
0.024466
-0.008448
0.040162
0.013779
0.045981
0.008256
-0.005298
0.004031
0.004574
0.040083
0.018629
0.025154
0.024298
-0.028730
0.001658
0.013731
0.011079
0.020758
0.018082
0.027581
0.011231
0.017931
-0.014449
0.035438
-0.004065
-0.065528
0.003562
-0.006250
-0.008103
0.038655
0.034905
-0.028026
0.021561
0.063192
0.040117
-0.008129
-0.018988
0.021012
0.010425
0.010343
0.039618
0.003955
0.017430
-0.021496
0.010211
-0.014924
0.033670
-0.014595
-0.008437
0.016567
0.026539
0.010346
0.005275
-0.032075
0.025344
0.008802
-0.008055
0.024111
0.027091
-0.017162
0.019890
0.011692
-0.036409
-0.013814
0.056747
0.034875
-0.030020
0.028372
-0.000024
0.011291
-0.014854
-0.037192
-0.051017
-0.003513
0.006171
-0.000315
-0.019479
0.024556
-0.035112
0.008399
0.001473
0.025303
0.020336
-0.005013
-0.011246
-0.012939
-0.000643
0.007700
0.019770
0.045817
-0.013202
-0.011072
0.003590
-0.003725
0.008206
0.023155
0.024840
-0.006677
-0.012760
0.025574
0.010506
-0.009038
0.005870
-0.034917
0.023496
0.006641
-0.026946
0.009671
0.015094
-0.018296
-0.001586
-0.047492
0.000452
0.003134
-0.014614
-0.006354
-0.022231
0.038459
0.028274
0.050384
-0.030899
-0.007572
0.005691
0.008542
0.029460
-0.031584
0.022881
0.019882
-0.052995
0.022799
-0.019150
0.058437
-0.009258
-0.003141
0.050492
-0.021690
-0.053087
0.007804
-0.043781
