# 参数名称：invres4.conv.1.bias
# 参数形状：(192,)
# 参数数据类型：float32
# 参数值（保留6位小数）：
-0.084754
-0.072512
-0.033968
0.013448
0.004770
-0.040289
-0.015022
0.011257
0.004600
-0.023538
-0.011578
-0.020196
-0.045007
-0.068411
-0.019621
0.018521
-0.001778
-0.050729
0.043759
0.013549
0.008964
0.041873
0.002660
-0.050631
-0.018068
-0.022802
-0.076828
-0.027481
0.033671
-0.036579
-0.007960
0.076757
0.016551
-0.003646
-0.005202
-0.011878
-0.013659
-0.067339
-0.003874
-0.087486
-0.044484
-0.054641
-0.101647
-0.040394
-0.037043
0.025158
-0.040503
-0.119077
0.010838
0.040866
-0.045305
-0.012940
0.013844
0.057308
0.004644
0.006252
0.016027
-0.113070
0.012913
-0.023580
-0.001649
-0.008075
-0.031384
0.051260
0.030996
0.013425
0.059193
-0.098153
-0.059213
-0.024824
-0.049182
-0.017751
-0.054907
0.054117
-0.031454
0.028435
-0.020450
0.015238
-0.062787
-0.067529
-0.024463
-0.033164
-0.001691
-0.067683
-0.023191
-0.040950
-0.017282
-0.030527
-0.065222
-0.031775
-0.020820
0.002684
-0.047557
0.030075
-0.015731
-0.089773
-0.082255
0.019880
-0.053148
-0.074050
-0.120249
-0.014725
0.019540
-0.006495
-0.000243
-0.027898
-0.082382
-0.060372
-0.075444
-0.034853
-0.095703
-0.047402
-0.032750
0.015445
-0.021098
-0.021333
-0.041295
0.000232
-0.043487
-0.078279
-0.017910
-0.061700
-0.005743
-0.056417
0.007944
-0.008394
-0.040973
-0.031329
0.013203
-0.047392
-0.130716
0.026251
0.008398
0.019973
-0.015490
-0.041740
-0.094188
-0.000539
-0.016887
-0.042876
-0.044274
-0.027215
0.004408
0.027266
0.009451
-0.028076
-0.000641
-0.079438
-0.020409
-0.036015
-0.088819
-0.047934
-0.041906
-0.074997
0.044681
-0.016195
-0.026276
0.017447
-0.061034
0.046122
-0.117161
-0.075319
-0.008896
0.002952
-0.048817
-0.000943
0.062114
0.024540
-0.009835
0.003486
0.002676
-0.114728
0.093944
0.024454
-0.054640
-0.052551
-0.075593
-0.021323
-0.007885
-0.040723
-0.046591
-0.093584
0.022747
-0.067357
-0.017241
-0.061805
-0.025403
0.028639
0.002363
-0.097195
-0.033806
-0.090326
