# 参数名称：invres3.conv.1.weight
# 参数形状：(288,)
# 参数数据类型：float32
# 参数值（保留6位小数）：
0.910139
0.917400
0.872951
0.946955
0.897279
0.859638
0.893547
0.877831
0.945417
0.957369
0.863394
0.894649
0.880258
0.871060
0.930929
0.867506
0.918973
0.922195
0.872787
0.967978
0.950677
0.924880
0.933973
0.961157
0.866977
0.972838
0.946738
0.957355
0.858005
0.965834
0.904608
0.909403
0.857785
0.908416
0.905352
0.927932
0.857277
0.880295
0.881393
0.932266
0.927021
0.921198
0.884753
0.859928
0.895926
0.877525
0.969954
0.919430
0.895544
0.872001
0.865646
0.934963
0.924007
0.900314
0.903916
0.878563
0.916736
0.931934
0.919673
0.870172
0.886893
0.984046
0.928526
0.902514
0.970391
0.883484
0.907377
0.960863
0.922160
0.935555
0.905230
0.889951
0.868713
0.918992
0.908504
0.913947
0.936984
0.874117
0.870225
0.941188
0.883869
0.957729
0.857055
0.985118
0.910063
0.926637
0.906053
0.968880
0.948459
0.948478
0.908087
0.860351
0.866883
0.949196
0.874334
0.927882
0.929696
0.896209
0.917356
0.949436
0.955013
0.874764
0.866648
0.978400
0.979217
0.877412
0.881534
0.888206
0.899249
0.904418
0.962955
0.954281
0.961922
0.902833
0.921811
0.894522
0.923556
0.919726
0.907044
0.952490
0.922331
0.905672
0.889431
0.912578
0.918680
0.887167
0.925733
0.923346
0.924182
0.963521
0.858909
0.947497
0.907015
0.940409
0.902267
0.928798
0.872094
0.992695
0.904932
0.938037
0.908094
0.954829
0.912190
0.985147
0.917955
0.918443
0.892512
0.887087
0.917819
0.893995
0.953213
0.869913
0.954724
0.866398
0.902597
0.920139
0.976424
0.910025
0.896187
0.907230
0.904490
0.952305
0.910719
0.883035
0.919253
0.910009
0.926223
0.933986
0.923053
0.941936
0.869802
0.915042
0.907135
0.938182
0.922903
0.879589
0.886215
0.892145
0.916472
0.905267
0.883014
0.933003
0.866577
0.930353
0.902786
0.954610
0.885867
0.889531
0.865448
0.872034
0.969688
0.911609
0.866005
0.858473
0.927934
0.886982
0.917253
0.921723
0.945182
0.980750
0.955763
0.981014
0.978544
0.862145
0.942545
0.881451
0.876945
0.881014
0.906670
0.970250
0.946817
0.881921
0.870864
0.919131
0.927640
0.858351
0.914262
0.882422
0.920529
0.914594
0.929162
0.890474
0.984490
0.914248
0.905245
0.902197
0.943658
0.919220
0.907304
0.921410
0.864298
0.885231
0.889634
0.938388
0.950308
0.892274
0.895846
0.894453
0.977761
0.918987
0.924434
0.908102
0.925467
0.863660
0.904626
0.910715
0.940805
0.861806
0.906684
0.989928
0.981802
0.975311
0.949568
0.899389
0.895923
0.939080
0.947904
0.887752
0.929362
0.920964
0.870248
0.922082
0.879276
0.922827
0.900804
0.947171
0.955969
0.901847
0.912728
0.888343
0.865731
0.915329
0.902943
0.966584
0.877142
0.907984
0.896216
0.941494
0.898764
0.891567
0.862881
0.868439
0.940011
0.901083
0.932438
0.862976
0.868483
0.865369
