# 参数名称：invres1.conv.1.running_mean
# 参数形状：(1152,)
# 参数数据类型：float32
# 参数值（保留6位小数）：
0.321427
-0.209037
-0.516764
-0.175122
-0.320820
-0.024327
0.844967
-0.255089
0.187471
0.336224
-0.488873
0.434888
-0.263542
-0.104490
0.176839
-0.107115
-0.384645
0.273727
-0.006561
0.437042
0.504138
0.015940
-0.084221
0.198891
0.029896
-0.307290
-0.268658
-0.103026
0.137403
-0.615403
0.147627
-0.168084
-0.253580
-0.077537
-0.129307
0.951353
0.164682
0.139635
-0.466505
-0.366243
0.133986
-0.037383
0.280839
0.349052
-0.044593
-0.651664
0.349166
-0.150714
-1.164509
-0.327643
-0.243276
-0.300274
0.056312
0.028941
0.535611
-0.312519
0.144813
0.275531
0.215114
0.743722
0.033634
0.382334
-0.051623
-0.670465
-0.105830
0.009292
0.210905
0.295943
-0.647374
-0.783345
-0.366848
0.437716
0.621065
0.147485
-0.102593
-0.225984
-0.446570
0.195246
-0.397821
-0.694436
0.622818
0.366193
0.503977
-0.216092
0.300319
-0.110379
-0.403314
-0.345115
0.004935
0.095868
0.081277
-0.085513
0.775973
0.112989
0.053137
-0.048827
-0.230717
0.012621
-0.279438
0.644086
0.679403
-0.169928
0.093588
-0.309738
0.161623
-0.314602
0.314959
-0.348923
0.063616
-0.078526
0.230419
0.372436
-0.220523
0.369617
-0.006510
0.302150
-0.103077
-0.133447
-0.201710
-0.020205
-0.471936
-0.188175
0.194011
-0.140231
-0.339739
-0.147784
-0.744698
0.018028
-0.300158
-0.103128
-0.339629
-0.510886
0.424549
-0.561903
0.500122
-0.305642
0.128307
-0.170395
-0.008429
-0.012008
-0.520503
-0.112837
-0.178528
0.023577
0.278877
0.113959
0.069257
-0.711027
0.150197
0.111734
0.087051
-0.213046
-0.480149
0.080385
0.205361
-0.634685
-0.165344
0.581227
0.338452
0.138114
-0.303122
0.298248
-0.124322
-0.005290
-0.604869
0.428842
0.234781
0.174947
-0.796336
0.418562
-0.125304
-0.316439
-0.288538
0.333724
-0.286900
-0.129566
0.712566
-0.558305
-0.162817
-1.020425
-0.677903
0.132695
-0.368836
-0.538828
-0.581807
-0.440935
0.229384
-0.301441
-0.403746
0.153424
-0.322407
0.347282
-0.047495
0.393984
0.131416
0.420298
0.029390
-0.462320
0.385515
0.222604
-0.528622
0.066390
0.228184
0.551809
-0.248327
0.448250
0.772842
-0.714833
-0.499342
0.476896
0.534157
-0.542247
0.374188
0.371046
-0.066426
0.364938
0.251914
0.362464
0.645829
-0.118789
0.165063
-0.497149
0.128545
-0.242136
-0.152646
0.197407
-0.147520
0.885834
0.328201
-0.239840
0.155776
-0.177282
-0.397620
-0.196248
0.147525
-0.009472
-0.332504
-0.297940
-0.552882
0.510900
0.930107
-0.444114
-0.437619
0.035785
-0.521931
0.033169
0.195281
0.363333
0.063652
-0.224663
0.012161
-0.101874
-0.892543
-0.190980
-0.022133
-0.000990
-0.145740
-0.201163
0.062288
-0.672264
0.095382
-0.013193
0.307114
0.040481
-0.519482
-0.351577
-0.009977
-0.284449
-0.578755
0.032003
0.204378
-0.113876
0.363849
0.037572
0.436659
-0.577391
-0.096284
-0.746411
-0.358938
0.094692
0.115192
0.060475
-0.230534
-0.042934
-0.742218
-0.019819
0.421874
-0.127610
-0.068695
0.006695
-0.028904
-0.274172
-0.224023
0.352670
0.792671
0.103318
0.088750
0.293386
0.025790
0.050622
-0.558164
-0.107260
0.017356
-0.125835
-0.092626
-0.203618
-0.414255
0.109329
0.917908
0.027473
0.330913
0.230279
0.131418
0.125587
-0.046924
-0.208560
0.178857
-0.012568
-0.717877
0.333717
-0.234343
-0.096960
0.063812
0.534286
1.008752
0.251195
-0.446850
-0.405961
0.404750
0.779741
-0.091609
-0.524691
-0.107408
-0.258766
-0.641940
0.350166
-0.510990
0.468782
0.059089
-0.014123
-0.509644
-0.050682
-0.146429
-0.394724
-0.184513
0.753496
-0.232047
0.492377
-0.055335
0.131462
0.010112
-0.272448
-0.148150
-0.198773
-0.532662
0.265496
0.007105
-0.538174
-0.174604
-0.035046
-0.399641
-0.222003
-0.537963
-0.504486
-0.879533
0.626325
0.296677
0.200123
0.203767
-0.071572
-0.096743
0.263863
0.751568
0.042574
0.031878
-0.112140
0.133326
0.482545
0.409330
0.053918
0.606424
-0.158930
-0.121326
-0.491276
-0.304548
-0.154277
0.140654
-0.471351
0.504921
-0.520845
0.122994
-0.424493
-0.129868
-0.389762
0.024823
-0.881837
-0.134689
-0.551899
0.023965
0.205309
-0.405444
-0.024207
-0.054527
0.476345
0.507053
-0.340827
-0.519706
0.018689
0.100889
-0.433651
-0.393188
0.126366
0.096269
0.014402
0.104053
-0.374175
-0.413418
0.191821
0.395809
-0.080063
-0.605123
0.347759
-0.164141
0.139321
-0.242553
-0.684567
0.331561
-0.329102
0.309432
-0.239843
-0.324379
-0.142524
-0.103186
0.416749
0.784320
-0.673794
-0.258930
-0.209736
-0.103540
0.272883
0.027257
-0.026745
-0.315890
-0.643092
-0.309213
-0.259357
-0.001143
-0.436622
0.309582
0.157243
-0.535956
-0.069912
0.186513
0.168990
-0.293098
0.064234
0.123247
-0.005209
0.452001
-0.284076
-0.355394
0.148781
0.695008
-0.099239
-0.461055
-0.039282
0.722000
0.756193
-0.029230
-0.114952
0.089221
-0.469374
0.296819
0.313204
-0.256249
-0.040448
-0.071593
-0.078290
-0.095565
0.123578
-0.439102
0.626858
0.271406
-0.136046
-0.247717
-0.018475
0.285925
0.278421
0.027835
0.188732
0.119813
-0.086017
-0.182508
0.166243
0.999395
-0.813338
0.104231
0.750654
-0.342409
0.769124
0.629349
0.164580
-0.386596
-0.323478
-0.192110
0.162211
-0.111213
0.155619
0.438374
0.497580
0.077598
-0.109761
0.064489
0.191316
-0.073446
-0.247152
-0.098820
0.286639
-0.096831
-0.179496
-0.307310
-0.299552
0.245806
0.004327
0.234271
-0.046923
-0.631002
0.019044
0.467559
-0.329139
-0.221420
-0.233161
0.328857
0.187396
0.342706
0.221794
-0.401154
0.300531
0.023142
-0.543274
-0.020371
-0.106649
0.326457
-0.086946
0.083541
-0.023429
-0.114305
0.255264
-0.175330
0.439625
0.059173
-0.173004
0.179389
-0.367582
0.301997
-0.169745
0.234020
0.050043
-0.111341
0.036779
-0.308315
0.016028
0.255426
-0.352313
-0.083232
-0.450387
-0.635886
0.502864
-0.225138
-0.018994
0.185395
0.319206
0.676337
-0.013842
-0.164869
-0.291921
0.097188
-0.055727
0.049009
-0.727881
-0.028337
0.473572
-0.494587
-0.512305
0.292650
0.263306
0.695369
0.019695
0.237138
0.122440
0.455946
-0.628887
-0.874467
0.014374
0.079198
0.187092
-0.095023
-0.785283
-0.314785
0.000283
0.370082
-0.286182
-0.307744
0.050788
0.195143
-0.382284
-0.098956
0.063441
0.182299
-0.371949
0.145702
-0.683281
-0.490537
0.119887
-0.393236
0.078924
0.210457
-0.461469
-0.051193
-0.256583
0.030422
0.809046
-0.564182
-0.383538
-0.137491
-0.918382
-0.431596
-0.371440
0.123654
0.173404
-0.530671
-0.617207
-0.152507
0.528087
0.220728
-0.044746
0.496722
0.187662
-0.260726
0.244104
-0.203084
-0.382276
-0.682646
0.094347
-0.721328
-0.237897
0.273834
-0.505980
-0.018420
0.130040
0.012239
0.149928
-0.510204
0.065620
0.345401
0.395910
-0.184072
-0.155706
0.494006
0.437418
0.282819
0.452478
-0.433436
0.386846
-0.266205
0.151064
-0.821704
0.064240
0.176353
-0.270595
0.757166
0.403402
-0.392669
-0.872638
0.667767
0.403320
0.141191
0.246274
0.442377
-0.110556
0.627439
-0.236438
0.443720
-0.400709
-0.253762
0.369441
0.288444
-0.332661
-0.241528
-0.352815
-0.194458
-0.351217
0.169863
-0.280627
-0.371520
0.736470
-0.367246
-0.198847
0.363928
0.293383
-0.386924
-0.427565
-0.139958
0.047707
-0.160075
0.212698
0.446115
-0.152320
0.354466
-0.215605
0.213712
0.076536
0.578827
-0.377804
0.651292
-0.285813
0.405441
-0.158820
0.369171
-0.796154
-0.278652
-0.425857
-0.173396
0.224092
-0.102105
0.056608
0.260588
-0.214522
0.117241
-0.378386
-0.191090
0.505679
-0.005682
-0.414252
0.000395
-0.278153
-0.265340
0.131134
0.267873
-0.104948
0.049954
-0.162241
0.079385
0.225580
0.069947
0.215283
-0.226927
-0.144421
0.135141
-0.172535
0.021158
-0.189199
0.096993
-0.001029
-0.168659
-0.487998
0.532555
-0.197776
0.005329
-0.668723
0.095998
0.118949
-0.164171
-0.099126
-0.767161
-0.098419
-0.002894
0.034730
-0.329307
-0.227922
0.325219
0.180814
0.177259
-0.069015
0.331922
0.314561
-0.007127
0.050188
-0.058181
-0.108890
0.361464
0.079771
-0.066188
-0.077991
-0.014083
-0.238078
-0.409121
-0.110390
-0.076089
0.371972
0.455505
0.611889
-0.115029
0.018580
0.219800
-0.042773
-0.184357
-0.213627
0.267529
0.272242
0.104617
0.164810
0.138490
-0.316169
0.248924
-0.300452
0.266285
-0.335495
0.056420
-0.025308
0.034721
0.291201
-0.179993
0.159588
-0.223586
0.010179
0.037492
0.250117
0.348830
-0.157922
0.207473
0.122948
-0.165223
-0.215084
-0.592184
-0.386700
0.288586
-0.399788
-0.252271
0.271452
0.036129
-0.232011
-0.692113
0.157886
-0.276982
-0.003505
-0.177304
-0.444852
-0.127497
0.011234
-0.108679
0.022993
0.407009
0.044338
0.457548
0.372822
0.439718
-0.679914
-0.541977
-0.147978
0.130894
-0.134254
-0.111327
0.167721
-0.390572
0.383797
-0.191075
0.002783
0.428135
-0.101210
0.063250
-0.226019
0.034143
0.089632
-0.031577
-0.205764
0.315190
-0.228010
0.244600
-0.136665
-0.051154
0.339481
-0.304927
-0.211091
0.194295
0.679564
-0.692200
0.562728
0.460969
-0.441668
0.143968
0.295989
-0.424037
0.091058
-0.040364
-0.306861
-0.121432
0.251057
-0.525173
-0.337894
-0.135998
0.042666
-0.173728
0.104331
0.409987
-0.038804
-0.245386
-0.189575
0.025761
-0.294621
1.231548
0.051798
0.952017
-0.593103
-0.144169
-0.212339
0.321495
-0.336039
0.295275
0.177072
0.040751
-0.568971
-0.080929
-0.557983
0.173707
0.132806
0.053355
0.029240
-0.254291
-0.160769
0.098887
-0.388992
-0.109164
0.054652
0.314129
-0.329149
-0.054400
0.154113
0.355365
-0.103830
0.377843
0.039103
0.023175
0.512912
-0.037952
0.020226
-0.615227
0.725803
-0.120112
-0.365994
-0.510751
0.014867
0.295571
-0.204816
-0.306230
0.003112
0.207087
-0.041577
0.562881
-0.025174
-0.070862
-0.449238
-0.321531
-0.075217
0.267708
0.106305
0.014570
0.288433
-0.597983
0.188200
0.227077
0.434891
-0.191690
0.327516
0.426526
-0.013515
0.108287
-0.026525
0.216400
0.064246
0.175146
0.500021
0.254562
0.136359
0.336821
0.590648
0.092071
0.025152
0.609090
-0.213328
0.420058
-0.849108
-0.082431
-0.266252
-0.223229
-0.400424
-0.439258
-0.120137
-0.169423
-0.213803
0.211769
-0.524278
-0.108509
-0.186768
0.206809
0.607670
-0.084863
-0.208554
-0.153108
-0.647310
-0.407276
-0.160292
0.038658
-0.253118
-0.044047
-0.202575
-0.362172
-0.244598
-0.318080
-0.716970
0.032131
-0.340915
-0.334930
-0.128218
0.087440
-0.097939
-0.330790
-0.379675
0.351075
-0.283779
-0.455005
-0.447222
0.475929
-0.123479
-0.072958
-0.112737
-0.445271
0.545529
0.106107
-0.345774
0.168242
0.549873
0.029274
0.942200
-0.692870
-0.286515
0.076926
-0.796678
0.105138
-0.369642
0.103866
0.175492
-0.449621
0.239089
0.233818
0.318095
-0.060184
-0.021063
-0.353535
-0.298364
0.005857
0.116588
0.259931
0.093708
0.000600
0.461651
0.214919
-0.475200
0.064875
-0.683702
0.675643
-0.294587
-0.291648
-0.174787
0.168981
-0.418175
0.033175
0.106111
0.422756
-0.177179
-0.292974
-0.326820
0.042450
-0.831712
-0.451564
0.292653
-0.119286
-0.412180
0.032498
0.347077
0.828059
0.285737
0.122208
0.397171
-0.399746
0.128691
0.683085
0.100559
0.116796
0.284276
0.015080
0.005795
0.160957
0.221829
0.267846
0.179229
-0.632464
0.354844
-1.055367
0.722172
-0.405872
0.120388
0.566669
-0.940806
0.266821
0.373234
0.307602
0.540982
-0.072209
-0.671067
0.043219
0.395364
0.548465
0.082841
0.324367
0.047554
-0.075491
0.344281
0.200465
0.020697
-0.853012
0.117209
-0.628742
-0.138870
0.271981
-0.220318
0.343585
-0.270633
-0.002505
0.048604
0.346803
-0.130484
-0.082705
-0.069515
-0.129989
0.292097
0.253474
0.140531
0.103003
-0.675461
-0.387071
-0.118479
-0.376903
-0.673982
-0.820436
-0.038458
-0.300096
-0.565448
0.232138
0.114254
0.045091
-0.152325
