# 参数名称：invres1.conv.7.weight
# 参数形状：(96,)
# 参数数据类型：float32
# 参数值（保留6位小数）：
1.000023
0.988516
1.031699
1.006336
1.019257
1.018775
1.029423
1.016231
1.003579
1.026948
1.009635
1.015551
1.026314
1.015163
1.033411
1.023906
1.012773
1.017251
1.004729
1.027426
1.017784
1.006751
1.012987
1.032971
1.044820
1.040372
1.032687
1.033032
1.052983
1.016247
1.028568
1.003624
1.018195
1.029614
1.036847
1.020421
1.040540
1.032821
1.034855
1.026249
1.023462
1.019992
1.033106
1.023792
1.012590
1.047544
1.040308
1.031949
1.019364
1.024871
1.018033
1.027260
1.034808
1.036526
1.011738
1.027496
1.033446
1.010576
1.018341
1.017566
1.044360
0.991565
1.010525
1.036741
1.033964
1.027176
1.026973
1.006775
1.008620
1.016787
1.002502
1.016737
1.018803
1.025832
1.028465
1.027275
1.003081
1.017109
0.998303
0.999481
1.023230
1.018254
1.011698
1.005012
1.016852
1.044714
1.013273
1.016010
1.027852
0.997755
1.011152
1.021211
1.038692
1.017907
1.025020
0.998384
