# 参数名称：invres4.conv.4.weight
# 参数形状：(192,)
# 参数数据类型：float32
# 参数值（保留6位小数）：
1.097243
0.925220
0.931294
0.976491
0.973899
1.075487
0.952972
0.967929
0.932368
0.958812
0.972210
0.936453
0.942123
0.907531
0.989742
0.984654
0.983569
0.983493
0.956795
0.955237
1.009076
0.964749
0.980081
0.953065
0.967126
0.930430
1.061748
0.962346
0.998447
0.916644
0.972063
0.938816
0.932718
0.952948
0.939946
1.003922
0.965718
0.969142
0.991695
1.070162
0.923957
0.948268
1.095756
1.027494
0.967193
0.971405
0.952057
1.060168
0.983028
0.969291
1.039440
0.946058
0.961116
0.962213
0.980851
0.970441
0.984247
1.075786
0.924913
0.933393
0.954318
0.973047
0.945305
0.923662
0.983289
0.964569
1.018801
0.948805
1.083283
0.958943
0.967275
0.917550
0.997551
0.961752
0.935330
1.006580
0.952587
0.970610
0.919835
1.010583
0.984321
0.947765
0.991976
1.018848
0.973414
0.950553
0.962926
1.035328
0.986792
0.987104
0.968143
0.930615
0.923442
0.971234
0.961641
1.091043
1.108227
0.984309
0.965953
1.005510
1.079818
0.920845
1.002958
0.925330
0.990621
1.014765
1.005364
0.901039
0.964651
0.950043
0.939761
0.917756
0.935363
0.993097
0.937346
0.978941
0.989838
0.963083
1.003325
1.019914
0.935136
0.942936
1.051220
1.010536
0.986004
0.994849
0.924340
0.954107
0.978181
0.972082
1.029311
0.987912
0.930294
0.968777
0.953276
1.023664
1.075397
0.926726
0.972709
0.933131
0.924033
0.963343
0.988572
1.013368
0.950803
1.052687
0.944371
1.035953
0.969105
0.904856
1.012582
0.909140
0.922436
0.995318
0.977715
0.953302
0.950779
0.915128
1.059431
0.962543
1.063216
0.977159
0.944145
0.986453
0.949232
0.968451
1.025348
0.957099
0.992381
0.981323
0.969340
1.021229
1.027885
0.976236
0.915769
0.953047
1.047128
0.965410
0.977382
0.941898
0.925619
1.008052
0.938680
1.007253
0.941541
0.998765
0.937002
0.909876
0.983444
1.090276
0.969392
1.001097
