# 参数名称：invres3.conv.3.weight
# 参数形状：(288, 1, 3, 3)
# 参数数据类型：float32
# 参数值（保留6位小数）：
-0.011270 0.005997 -0.036961
0.007615 -0.025934 -0.023198
-0.006173 -0.051559 -0.056981
0.010691 -0.018555 0.003635
-0.000851 -0.003014 0.046065
-0.044147 0.005370 0.035763
0.055392 0.018352 0.001128
0.004918 0.009406 0.028463
0.014204 0.039311 -0.002323
0.023179 0.026971 0.009917
0.006656 0.036922 -0.081530
0.009914 -0.007767 0.015080
0.023563 0.031458 -0.004407
0.009897 0.001801 0.008515
-0.028397 -0.036642 0.021857
0.021251 -0.001516 0.005226
0.016651 0.010025 0.020074
0.031881 0.019220 0.003591
0.012457 0.009109 -0.033029
0.011892 0.014476 -0.025781
0.023975 0.053956 -0.023164
-0.000718 0.006161 0.002166
0.011835 0.006587 0.072531
0.001130 -0.039511 -0.013738
-0.010277 -0.003751 -0.028957
-0.023308 -0.030248 -0.034115
-0.005406 -0.024800 -0.007886
0.007473 -0.003146 0.050992
0.021844 -0.000183 0.000882
-0.003554 0.045194 -0.026372
0.060038 -0.046798 0.000421
-0.017869 0.029510 0.060040
0.019553 -0.029181 -0.030306
-0.009417 -0.011179 0.040657
-0.021150 -0.054851 0.019856
0.006940 0.002084 0.002511
-0.004136 0.017647 0.007640
0.000451 0.022858 0.012136
0.028311 -0.029621 -0.053358
0.011144 0.001581 -0.003833
0.024537 -0.005814 0.024999
0.029830 0.047106 0.035207
-0.022793 0.043168 0.007993
0.014624 -0.015622 -0.003029
0.004167 0.042880 -0.040948
-0.086129 -0.000328 0.004958
-0.000891 0.000572 0.006835
-0.003068 0.020555 0.012645
0.009589 0.020325 -0.032103
-0.039281 0.031653 -0.029207
0.002198 0.002401 -0.032838
0.009874 -0.077459 -0.018194
-0.007346 0.022776 0.067500
0.010100 0.033225 0.033516
-0.008157 0.007156 0.003213
0.008677 0.012144 -0.035605
-0.047481 0.014696 -0.049741
-0.008487 0.038089 -0.001231
-0.032031 0.043520 -0.005061
-0.008580 -0.006673 -0.006144
0.013118 0.020588 0.014344
0.019807 -0.001484 0.031703
0.031143 -0.008364 0.005689
0.021067 0.078134 0.044955
-0.043956 0.007686 -0.034322
0.000334 0.024581 0.019139
0.002011 -0.025938 -0.006784
0.019786 -0.029152 0.053919
0.000511 0.035659 -0.019115
-0.040833 0.032661 0.002242
0.011691 0.014780 0.052582
-0.004157 -0.016010 0.006885
0.005105 0.008838 -0.023032
-0.013365 0.003698 -0.020277
-0.018320 -0.007724 -0.028791
-0.015406 0.006247 -0.000893
-0.024908 -0.005778 0.071502
0.039206 -0.021834 0.025676
-0.003021 0.039425 -0.032118
-0.004492 0.041778 0.008387
-0.024673 -0.019297 -0.015172
-0.011288 -0.012089 -0.008834
-0.015476 0.026925 0.041300
-0.011871 0.003215 0.008205
-0.013317 -0.104219 0.021194
0.011849 0.020168 0.005817
0.033218 -0.022093 0.003164
-0.057858 0.037741 0.006101
0.039831 -0.005226 0.004345
0.005416 -0.016709 0.036507
0.038542 0.060616 -0.004295
0.030488 0.063976 0.037040
0.007218 -0.007557 -0.004643
0.015381 0.015865 0.030633
0.040230 -0.016359 -0.005504
-0.003247 0.014065 0.021174
-0.022877 -0.036602 -0.006414
-0.015439 -0.030033 -0.015002
-0.014344 -0.041949 -0.005824
-0.011143 -0.044269 0.043320
-0.000762 0.006088 0.024986
0.028535 0.023681 0.007506
-0.038563 0.014360 0.007596
-0.041085 0.046632 0.007388
-0.025708 0.013780 -0.008109
-0.019547 0.016381 0.086224
-0.004368 -0.012681 0.051430
0.019577 0.029867 0.029011
-0.055390 -0.030450 -0.004361
0.004560 -0.035361 0.025365
-0.030984 -0.025966 0.019608
-0.018055 0.045379 0.038992
-0.008147 -0.016533 0.023163
-0.062558 0.017746 0.024494
0.035538 0.013547 0.027073
0.031415 0.012790 -0.033121
0.022362 -0.031930 0.025534
-0.000403 0.023723 -0.023869
0.028453 -0.018419 0.027815
0.021656 0.025514 0.014309
-0.031385 0.046753 0.028680
-0.032239 -0.044188 0.017536
0.024973 0.022318 -0.009524
-0.031116 0.024402 0.027282
0.006849 -0.015313 0.023145
0.001956 0.032929 0.045439
-0.032417 -0.018708 0.001412
-0.022904 -0.001708 -0.046005
-0.001239 0.001466 -0.015381
-0.033436 -0.026606 0.004271
-0.022781 0.014767 0.016256
-0.016459 0.044027 0.057670
-0.014956 -0.012439 0.016440
-0.018876 0.024898 0.048302
-0.050205 0.021525 0.040647
0.003717 -0.025196 -0.015312
-0.057736 -0.017909 -0.010434
-0.054685 -0.077992 0.016681
-0.046948 0.032161 -0.009354
-0.006950 0.071774 0.047765
0.008722 0.002148 -0.041582
0.030865 -0.022852 -0.011684
-0.027089 0.013481 0.015835
-0.028427 0.006734 0.029547
0.012332 0.016220 0.026043
0.034550 0.040934 0.050323
0.008029 0.025186 0.052396
-0.011947 -0.018694 0.030790
-0.063049 -0.050128 -0.017209
-0.024679 0.020055 -0.041616
0.042161 0.002612 -0.012349
0.022164 -0.036688 -0.001199
0.014902 0.033247 0.009834
-0.004513 0.002194 0.022955
0.030704 -0.000708 -0.036154
0.003123 -0.000546 0.026760
-0.035028 -0.024927 0.011733
-0.006716 -0.018182 0.000620
0.033540 0.002210 0.016240
-0.002562 -0.005184 -0.030311
-0.003563 -0.004050 0.073820
0.011345 0.009932 0.019682
-0.016985 -0.023407 -0.004968
-0.024225 0.016123 0.029285
0.017644 0.002087 0.016641
0.048700 -0.015523 -0.060220
0.025564 -0.010602 0.012179
-0.000536 -0.014342 0.029019
0.008602 0.002719 -0.025741
-0.031004 0.043526 0.024984
-0.042749 0.022264 -0.003538
-0.011088 -0.009721 -0.021769
-0.010099 0.000828 -0.039208
-0.000530 -0.005039 -0.010384
0.020870 0.005309 -0.017844
0.010866 -0.000181 0.030041
0.039008 0.018641 0.058399
-0.012056 -0.017599 0.019141
0.022527 0.025090 -0.003485
0.003836 -0.006509 0.052518
-0.020804 -0.028387 0.004898
-0.031524 -0.035563 -0.005731
-0.016514 -0.001103 0.003608
0.007052 -0.024269 0.042182
0.010976 -0.003850 0.058171
-0.043292 -0.018388 0.005772
-0.018780 0.062044 0.002574
-0.048925 0.042392 -0.003616
0.052244 0.038480 0.034919
-0.029789 0.029415 -0.006342
0.034463 0.011903 0.054928
0.003720 -0.040168 -0.010880
0.020129 0.025638 -0.013788
-0.012962 0.001038 0.011822
-0.011335 0.012778 0.000481
0.024620 -0.014900 -0.013942
0.010631 -0.047439 -0.042170
-0.011175 -0.007423 -0.016320
-0.029274 -0.056772 -0.016106
-0.013198 0.014973 0.002143
-0.037538 -0.026845 -0.002907
-0.015222 0.067318 -0.010328
-0.037100 0.028636 0.011958
0.013764 0.023428 -0.019998
0.023525 -0.012541 0.001390
0.011626 0.057375 0.008044
-0.010011 0.024682 0.016365
-0.006461 0.032205 -0.023285
0.026597 0.045938 0.018099
0.025460 -0.028569 -0.030044
-0.063902 0.023648 0.064565
-0.011033 0.024898 -0.003270
-0.034775 -0.032467 -0.035642
0.008936 0.016114 -0.007405
-0.005717 -0.049089 0.002139
0.020097 0.025296 -0.008831
0.017173 0.031168 0.009093
-0.013850 0.025987 0.020933
-0.017220 -0.014651 -0.015499
0.001589 0.035831 0.019165
0.028433 0.035501 0.021775
0.000650 0.024285 0.048833
0.039123 0.016999 0.013884
-0.003829 0.028518 0.009947
0.032711 0.030251 -0.008796
-0.005121 0.048075 0.026100
0.013616 0.062157 -0.032349
0.012243 0.001400 0.049075
-0.022426 -0.032895 -0.036233
-0.018663 -0.028792 -0.014368
-0.009909 -0.005074 0.009477
0.006377 0.024025 -0.022964
0.000187 0.055777 0.037066
0.009536 0.009898 -0.000871
-0.029033 -0.046763 -0.033658
-0.021788 -0.039839 0.005168
-0.021290 -0.020207 -0.027483
0.035820 0.034832 0.016151
-0.013501 -0.002687 0.013590
-0.019882 0.078933 0.012895
-0.043260 0.034055 -0.010822
-0.030477 0.030195 0.042091
-0.035584 0.014534 -0.022659
-0.027571 -0.011887 -0.003364
0.010678 0.029902 0.005496
0.030179 -0.002171 -0.017152
0.028551 -0.009470 0.011555
0.030369 -0.047621 -0.047147
-0.001224 -0.008674 0.003244
-0.029902 0.001482 0.025701
-0.016296 0.016539 0.052014
0.018706 -0.006713 -0.026049
0.014198 -0.018449 0.034078
0.009228 -0.026221 0.030500
0.013447 0.007229 0.003794
0.019940 0.013195 0.042306
-0.061015 0.020019 0.043652
0.011462 0.050666 0.050193
0.020114 -0.002083 0.009217
0.035326 0.007407 0.002204
0.029054 -0.005063 0.019429
-0.017635 0.012005 0.020001
0.017079 0.008943 0.030796
-0.009123 0.005199 -0.005228
-0.020516 0.022413 0.001799
0.013962 0.051916 0.019335
-0.021642 0.005820 -0.017026
-0.013103 0.017865 0.037081
0.026226 -0.008119 0.060190
0.015503 0.043623 -0.008331
0.001787 -0.060750 0.025255
0.012075 -0.012562 0.053212
0.008928 -0.005372 0.009688
-0.048416 -0.050122 -0.028669
0.002326 -0.023890 -0.027009
-0.000593 -0.027988 0.014559
0.016262 -0.008226 -0.020495
0.024737 0.005689 -0.023592
0.020404 0.009839 0.018704
-0.015206 -0.005233 -0.004559
-0.008447 -0.035918 -0.026215
0.012939 -0.031070 -0.030268
-0.018531 -0.051281 -0.029776
-0.043603 -0.089652 0.002274
0.044634 0.014304 0.009341
-0.017743 -0.033254 -0.059879
0.008460 0.019592 -0.026232
-0.029419 -0.024026 -0.015043
0.010007 0.013413 0.010853
-0.005181 -0.011220 -0.002453
-0.032320 0.032456 0.012381
-0.040468 -0.019122 -0.025627
0.010667 0.043983 -0.026378
0.011694 0.012976 -0.045133
-0.027274 0.002429 -0.036657
-0.034461 0.042051 -0.044258
-0.017063 -0.005475 0.033731
0.005695 0.043444 0.015294
-0.004798 0.039194 0.006624
0.031470 0.017996 0.029724
0.003644 0.031973 -0.017223
-0.027805 0.040855 -0.002799
-0.014553 -0.000842 -0.013022
-0.025882 -0.008827 0.019330
-0.006035 -0.050005 -0.011818
-0.010931 -0.068737 -0.042868
-0.004710 0.007906 -0.009910
-0.001273 0.000175 0.034058
0.024499 0.000902 0.012812
-0.014532 -0.026659 0.028302
-0.018492 0.038260 0.058463
-0.003947 0.008466 -0.023815
0.016250 0.011864 -0.000956
0.004994 0.009228 0.009971
0.006955 0.011702 -0.025008
0.005618 -0.022563 -0.006220
0.012466 0.025008 -0.009743
0.018959 0.027579 0.062066
-0.036418 0.003785 -0.035534
-0.020532 0.007096 0.072466
-0.018267 -0.030369 0.017375
0.013834 0.018067 0.008582
-0.013089 -0.029746 -0.027207
0.009845 -0.030742 -0.011287
-0.040457 0.018161 -0.014129
-0.031025 0.012092 0.037201
0.061900 -0.021541 0.018682
-0.018163 -0.032004 0.069362
0.039136 -0.032865 0.032315
-0.003015 -0.015125 -0.029294
-0.037430 0.013756 -0.001914
-0.022505 0.040434 0.033368
0.038041 -0.000810 -0.028513
-0.029741 0.015453 0.016977
0.039505 0.030533 0.009980
-0.000795 -0.048714 -0.004832
-0.006088 0.003038 0.031525
-0.011406 -0.020515 0.071439
-0.003673 0.065178 -0.006094
0.009194 0.031728 -0.010680
0.004475 0.035498 -0.019827
-0.006481 -0.012111 -0.009348
0.010343 -0.002789 -0.007951
0.001103 0.010237 0.021545
0.000193 0.013185 0.006394
-0.000052 -0.010317 -0.013849
-0.025067 -0.028422 0.000048
-0.003647 -0.010586 -0.010702
0.025195 -0.018492 -0.041089
-0.001967 -0.035922 -0.029443
0.002575 -0.012289 -0.008579
-0.019160 0.024331 0.038357
-0.008250 0.040972 -0.048446
0.011924 0.055527 -0.037073
-0.049233 -0.033314 -0.011400
0.004770 0.026551 0.003294
-0.060056 0.015831 -0.013380
0.033680 0.045650 0.049711
0.004083 -0.011430 -0.005249
-0.023167 0.030006 0.011160
0.026192 0.021845 0.005545
-0.005999 -0.008009 -0.005376
-0.010213 0.013974 0.015017
0.007284 -0.002146 0.009553
-0.047221 0.034917 -0.000866
0.003535 0.038806 -0.018497
-0.001636 0.015313 0.002716
-0.017386 -0.015698 0.052178
-0.043073 -0.012089 0.011877
-0.020950 0.005526 0.061972
-0.047532 0.013016 0.034738
-0.084274 0.031747 -0.031331
0.005135 -0.027697 0.024283
0.001212 0.017855 0.035900
0.019490 -0.041908 -0.023330
-0.026943 0.011724 0.049001
-0.002091 0.022026 0.047186
0.008714 -0.018069 -0.009855
-0.014910 -0.008964 0.021207
-0.004779 -0.039069 -0.001332
0.031872 -0.022411 0.004122
-0.032753 0.032268 -0.000443
-0.003925 0.061595 0.004849
0.022191 0.026259 0.002554
-0.020562 0.007369 -0.020406
0.002337 0.025540 0.032054
0.010243 0.004569 -0.017993
0.016116 0.008392 -0.009179
0.003920 -0.007925 0.060294
0.008287 -0.017986 -0.018242
0.023966 -0.003348 -0.013110
0.028528 0.016947 -0.022285
0.009387 -0.004533 -0.004780
0.021419 -0.008816 -0.016324
-0.016941 -0.010240 0.044444
-0.021837 0.000876 0.017200
-0.009626 0.004760 -0.018325
-0.001905 0.023309 -0.006734
-0.012063 0.026380 0.027502
0.021800 -0.037843 -0.015411
0.010720 -0.016088 0.062722
0.016295 -0.017096 -0.000604
-0.020872 -0.025355 -0.045860
-0.005846 -0.009464 -0.015269
-0.037214 -0.030220 0.008159
0.014287 0.036322 0.063195
0.049998 -0.020658 -0.007482
-0.025401 -0.006670 0.050126
0.034036 -0.034961 -0.000674
-0.016221 -0.031219 -0.075925
0.021581 0.006552 0.014522
-0.013170 0.068276 0.021358
0.005770 0.008958 -0.008570
-0.030137 0.009541 -0.037316
-0.041770 -0.015310 0.017407
-0.013498 0.009360 0.050015
0.022704 0.006923 -0.008164
-0.003763 0.042013 -0.057533
0.000826 0.083863 -0.041988
0.011263 -0.029120 0.022646
0.009427 0.028906 0.024960
0.006759 0.011264 0.023751
0.008447 0.020302 0.027098
-0.025810 0.008499 -0.009131
-0.005681 0.049234 -0.000709
0.000063 0.003605 -0.007168
0.008660 -0.006676 0.026098
0.011698 0.017000 0.023696
-0.021365 -0.000220 0.035352
0.009615 -0.005313 0.011790
0.049372 -0.063252 0.005554
0.057768 0.029868 0.012610
0.006982 0.008562 -0.011735
0.032109 -0.004659 -0.001779
0.017333 0.030382 0.021460
0.001197 0.015392 -0.022797
-0.029239 0.046095 0.004004
-0.002646 0.007892 -0.015284
0.021014 -0.022540 -0.056764
-0.013450 0.075867 0.056863
0.009764 0.022751 0.021325
0.003460 -0.000984 0.006831
-0.009314 0.067395 -0.045457
0.013122 0.011806 -0.014635
0.002078 -0.017993 -0.002815
-0.007328 0.020101 0.033045
0.017622 -0.018073 0.022655
0.003906 0.002874 0.048295
0.013909 0.013482 -0.004135
0.025770 0.027175 -0.000320
-0.042235 0.034501 -0.003837
-0.019375 0.048708 0.002118
-0.042297 0.013696 0.013813
0.040134 -0.052793 -0.051681
0.003731 -0.039699 -0.046938
0.003388 -0.005479 -0.014462
0.029882 0.012497 -0.002913
0.015119 0.035983 0.006341
-0.037468 -0.006737 -0.030941
0.003681 -0.033915 -0.015946
-0.034049 -0.035713 0.009172
-0.050405 -0.035915 0.010445
0.025033 0.020891 -0.038745
0.003149 -0.016632 -0.013506
-0.000998 0.004939 -0.009972
0.026929 0.030875 0.018945
0.013568 0.038324 -0.024691
-0.046217 -0.016398 -0.012939
-0.012166 -0.025254 -0.009749
-0.017170 0.037748 0.067377
-0.006449 -0.020064 0.031923
0.033347 -0.013379 0.026734
0.071727 -0.011350 -0.027716
0.005286 0.009722 0.039955
-0.006121 0.017811 -0.016183
0.026034 0.001198 0.015989
-0.012709 0.014096 0.056285
0.021758 0.009256 0.045920
0.040372 0.000777 0.001013
-0.013231 0.000300 0.001798
0.009937 -0.024214 0.030210
0.009590 0.025094 0.034170
-0.003716 -0.029645 -0.008818
-0.017466 -0.026594 -0.017355
-0.044430 -0.038271 0.021632
-0.029732 -0.020297 -0.000489
-0.013910 0.011132 -0.009807
0.021782 0.030627 -0.020800
-0.003960 0.006865 -0.008771
0.021267 0.030186 -0.030456
-0.002648 -0.027585 -0.025484
0.000612 -0.013025 0.041761
-0.005824 0.014388 -0.005893
0.035074 -0.007164 0.056142
-0.003704 0.011369 -0.030681
-0.037393 0.005104 -0.031160
0.005431 -0.020233 0.004323
0.002471 -0.005272 -0.021193
0.002136 0.011686 0.033101
-0.002851 -0.002092 0.052956
-0.004767 0.029934 -0.028850
-0.005690 0.021917 0.046798
0.016482 -0.035421 0.006831
-0.010502 -0.015661 0.020368
-0.016588 0.000313 -0.009528
-0.001182 0.042302 0.066675
-0.012655 0.003843 0.022476
0.013424 0.006656 0.006712
-0.002265 0.045554 0.022638
0.017378 -0.021438 0.046061
-0.011556 -0.016192 -0.015521
-0.011890 -0.033313 -0.036309
-0.013532 -0.034180 -0.006512
-0.012503 0.044893 -0.012842
-0.004213 0.034335 0.016674
0.002908 0.028003 0.025610
-0.028959 -0.027743 -0.021315
-0.012380 -0.043029 -0.015081
0.012509 -0.003057 -0.012094
-0.043983 -0.004251 -0.016233
-0.012104 -0.002227 -0.001315
-0.002961 0.000785 0.006167
-0.024324 -0.005916 0.004111
0.009276 0.016811 0.029395
-0.006595 0.015253 -0.021651
-0.003312 -0.000882 0.027084
-0.015093 -0.066578 -0.035979
0.018569 0.005653 -0.021450
-0.000757 0.009455 -0.037113
-0.004465 -0.041828 -0.024748
0.007180 0.038551 0.060637
-0.017586 -0.012208 0.005679
0.002138 -0.028933 0.009271
0.005240 0.035518 0.009796
0.053444 -0.027492 -0.000930
0.026253 0.001416 0.029390
0.024216 0.013156 -0.005322
-0.019380 -0.026397 -0.015349
0.004530 0.008848 -0.013460
-0.003083 -0.015316 -0.063547
-0.017708 0.023944 0.009157
0.011761 0.028361 -0.051690
0.016860 0.000458 0.003180
0.036519 0.003000 0.008989
0.055988 0.006593 0.009997
0.029110 0.010874 0.021228
-0.038984 0.054672 -0.058441
0.021448 0.011013 -0.042127
0.034642 0.007701 0.029790
-0.010631 -0.004600 -0.007251
0.029294 0.000086 0.010948
0.014368 0.002760 0.020664
0.010423 -0.063681 -0.017848
-0.019998 0.007942 -0.018095
-0.031357 -0.008544 -0.015045
0.020568 -0.033085 -0.020517
0.044393 0.035138 0.031151
-0.001495 0.010264 -0.055741
-0.007520 -0.006176 0.003956
-0.008931 -0.006735 -0.023736
0.011070 0.036001 0.018370
-0.019800 0.036776 0.018326
-0.027765 -0.005461 0.000939
-0.004773 -0.007356 0.007820
0.000198 0.015420 -0.031466
-0.046652 -0.006977 0.022145
-0.028139 -0.018029 -0.025539
-0.047278 0.002081 -0.000741
-0.004255 -0.062094 -0.004399
0.028275 -0.075747 -0.033884
-0.009082 -0.007226 -0.009567
0.050463 -0.009691 0.001645
0.022740 0.039728 0.037677
0.027668 -0.001354 0.020113
-0.003584 -0.001576 0.075179
0.005032 0.000613 0.028827
0.004062 0.001333 -0.008268
0.014041 0.027412 0.014179
0.006251 0.009428 -0.003783
-0.041318 -0.023246 -0.011504
-0.005044 0.003668 -0.016323
-0.043797 -0.027664 -0.032313
-0.009182 0.026826 -0.009347
-0.030507 0.039933 -0.003803
-0.009948 0.028763 -0.010612
-0.001649 0.007313 -0.012457
0.007894 0.028475 0.016912
0.033251 0.032770 0.045192
0.018366 -0.006329 -0.008106
0.024651 -0.053639 -0.017445
-0.008217 -0.062274 -0.041226
0.011328 0.002272 0.031114
0.029843 0.020916 0.064630
-0.000593 0.015460 -0.000057
0.008061 -0.046963 0.027821
0.025742 0.055600 0.009174
-0.030059 0.016308 0.001335
-0.021178 -0.004568 -0.023024
0.018052 0.007451 -0.006266
0.002569 0.041365 0.049798
0.043291 0.030473 0.032605
0.038661 0.006213 0.003538
0.020425 0.043384 0.000869
-0.020942 -0.003410 0.019603
0.004823 -0.012649 0.057430
0.007076 -0.022530 0.014923
0.012858 0.035246 0.039540
0.026950 0.048438 0.053957
-0.003791 0.004216 0.014796
-0.039382 -0.023176 -0.004879
-0.020667 -0.024190 -0.013347
-0.032704 -0.045542 -0.005797
0.004621 -0.024832 -0.001791
-0.013018 0.028766 0.004892
0.020545 0.022865 -0.005216
0.016368 -0.028097 -0.012250
-0.018026 0.003227 -0.033789
-0.000727 0.019631 0.039775
-0.000160 -0.064386 0.004179
0.004348 0.006763 0.006496
-0.015687 0.028078 0.014911
0.010388 0.003495 0.010162
0.006540 -0.000753 0.019843
0.011848 0.047938 -0.059880
0.028544 0.024302 -0.040724
0.032116 -0.006000 -0.035871
-0.038158 0.019126 0.024076
0.015359 0.049423 0.021459
0.029118 -0.017362 -0.021422
0.000702 -0.003578 0.000003
-0.012961 -0.021862 -0.005830
-0.019296 0.039532 0.034892
-0.003674 -0.010921 0.013061
-0.011230 -0.027993 0.020661
-0.041766 -0.005372 0.003751
-0.046940 -0.015236 -0.037964
-0.016290 0.052091 -0.018739
-0.040652 -0.013989 -0.062619
-0.003840 -0.002837 0.004482
-0.028180 0.024811 -0.009062
-0.012536 0.019233 0.010093
0.013973 -0.015912 -0.001931
0.009456 -0.004271 -0.024363
-0.008937 0.007874 0.009180
-0.014529 0.004609 0.016987
-0.099863 -0.003536 0.042200
0.007701 0.004222 0.003110
0.017780 -0.014854 0.022717
-0.002567 0.023055 0.016070
0.048262 0.021188 0.018534
-0.006247 -0.041528 -0.038478
-0.014511 0.012690 0.017121
-0.022237 -0.046806 0.038819
0.005351 -0.011211 0.020586
-0.064111 -0.008274 0.025397
0.003356 -0.089455 -0.076417
-0.041615 -0.052231 -0.011573
-0.010830 -0.010180 0.008827
-0.026958 0.024100 0.020114
-0.007412 -0.012267 0.078409
0.024033 -0.010279 0.032443
0.046084 0.032470 0.038105
0.045251 0.021057 -0.034250
0.004671 0.028444 0.028054
-0.030898 -0.029035 0.020980
-0.000582 0.016458 0.044087
-0.036039 0.005617 -0.013979
-0.003341 0.013315 0.072831
0.022343 0.010632 -0.002820
-0.022085 -0.032194 -0.001924
0.030471 0.044134 -0.020328
0.020279 0.018244 -0.035698
0.018005 0.048857 -0.000521
0.009643 0.027653 0.011765
0.009048 0.050866 0.015838
0.008481 -0.000774 -0.015392
0.023095 0.014551 0.022685
-0.014958 -0.006090 0.006784
-0.040110 0.022903 -0.018300
-0.029122 0.038599 0.060764
0.034642 -0.009205 0.000125
0.005278 0.023774 0.014240
0.024820 -0.007336 0.037024
-0.030928 -0.022103 0.032809
-0.029218 -0.001999 0.001460
0.001683 0.010185 0.002768
-0.007431 0.015916 0.012073
-0.014519 0.058041 -0.033732
0.018879 0.014171 -0.009862
0.008226 -0.021290 -0.009179
-0.005002 -0.019366 -0.039931
-0.005829 -0.014668 0.006719
0.039439 -0.021520 -0.014485
0.003406 -0.015173 -0.000618
0.018039 -0.014309 -0.018518
-0.000733 0.025552 0.022696
0.085354 0.006604 0.012258
-0.027428 -0.006161 0.043086
0.011957 0.007391 0.008989
0.019736 -0.024385 0.001913
0.037207 0.000289 0.031408
-0.000026 -0.023008 0.034542
-0.017593 0.017767 0.025145
0.025238 0.025840 0.039846
0.031315 0.026786 0.042337
0.003129 0.020802 -0.039783
0.033877 -0.027467 -0.017314
0.005862 0.012510 0.010272
-0.025978 0.032857 -0.022845
-0.037920 0.017462 0.029719
0.002262 0.000477 0.048239
0.001140 -0.053501 -0.003182
0.032387 0.019731 0.013149
-0.061451 -0.022047 0.030422
-0.001352 0.001329 -0.022350
0.015881 0.039773 -0.018889
0.045852 -0.005177 -0.002272
0.065371 -0.005902 0.026234
0.020407 -0.050536 -0.028134
0.003013 0.023656 0.034247
-0.018390 0.025818 0.068793
-0.004354 0.020828 -0.045316
-0.010941 0.000843 0.002839
-0.017321 0.021763 -0.014162
-0.025098 0.050193 -0.012782
0.065432 -0.012414 0.059555
-0.028811 -0.034794 0.002485
0.017975 0.027183 0.050923
-0.064398 -0.007036 0.008781
-0.021053 -0.067963 -0.002076
-0.004362 0.020719 0.033429
0.028277 -0.059765 -0.013358
0.036865 0.006546 0.035469
0.009760 -0.037452 0.026547
-0.028439 0.001017 -0.009191
-0.012228 0.025418 0.008036
-0.004887 -0.001612 -0.030525
0.002219 0.038453 -0.006032
-0.002790 0.034476 0.023492
-0.001328 -0.040188 0.012932
-0.007921 -0.017122 0.038008
-0.011249 -0.046433 -0.013165
-0.052411 0.005677 -0.031460
0.015734 0.008577 -0.024864
-0.018288 -0.018504 -0.009350
0.032948 -0.032876 -0.004791
0.013865 0.049683 0.047436
-0.033480 0.069475 0.026329
0.029072 0.005058 0.008535
0.004546 0.004484 -0.018539
-0.016261 0.058838 -0.023589
-0.007298 0.014571 -0.032379
0.010949 0.024398 -0.016493
-0.014427 -0.012859 -0.009586
-0.014315 0.033713 0.029773
-0.015448 0.016465 -0.012566
0.027593 0.010543 0.016910
0.011056 0.061605 -0.002636
-0.012600 0.006727 -0.017606
-0.028389 0.061802 -0.026424
0.036152 -0.018588 -0.035263
0.008509 0.031902 0.044482
0.029812 -0.015953 0.027128
-0.033640 0.035699 0.014254
-0.013974 0.039366 0.007887
0.009848 0.001965 0.005776
0.014782 0.036007 -0.010738
0.009006 0.026903 -0.004401
-0.007534 -0.038439 0.052076
-0.001319 0.030467 0.051476
0.004962 -0.014607 0.003843
-0.032919 -0.014765 -0.013596
-0.052972 0.044818 -0.028024
0.021994 -0.035031 0.006481
0.018028 0.020017 0.018525
0.031906 -0.027571 0.014667
0.019635 -0.021853 0.008988
0.018694 -0.013082 -0.012760
0.015387 0.006777 0.031167
0.013031 -0.007534 0.020618
-0.044432 -0.013984 -0.039847
-0.034129 0.004076 -0.018476
-0.011066 -0.021305 -0.048488
0.017597 0.008133 0.023450
0.026001 0.014032 0.026445
0.058422 0.015937 0.026707
-0.016273 -0.005172 0.026513
-0.010850 -0.011829 -0.056269
0.014161 -0.028181 -0.025119
-0.017708 -0.002869 -0.012759
0.029131 -0.027766 -0.024561
-0.056389 0.001622 -0.027954
-0.015862 0.051031 0.007942
0.029302 0.027962 0.007715
0.032822 0.018024 0.036513
0.006897 0.032605 0.050679
0.042096 -0.040332 0.023149
-0.020351 -0.032537 -0.020082
-0.001376 0.015928 0.038477
0.000586 0.035095 0.012219
0.003748 0.010074 -0.009622
0.000971 -0.011814 -0.005096
-0.010311 0.018608 -0.000991
0.012006 0.025793 0.001711
-0.021955 -0.009609 0.038167
0.029344 0.001659 0.015400
0.004413 0.028248 -0.011117
0.010498 0.056894 0.045538
0.019770 -0.019956 0.023482
0.012024 0.078179 -0.008932
-0.029864 -0.004343 -0.047989
0.023224 0.002723 0.027208
0.062201 0.004324 0.005775
0.026867 -0.026858 0.031961
-0.002864 0.007872 0.042753
0.020206 -0.005434 0.013065
-0.032201 -0.016672 -0.056907
-0.005107 -0.013958 -0.054665
0.002940 0.020852 -0.007030
0.063792 -0.031979 0.024517
0.015807 0.004061 0.053615
-0.018158 -0.005665 0.009633
-0.013515 -0.017055 -0.061509
0.022128 -0.045034 -0.039011
-0.022910 0.011831 0.017760
0.011466 -0.021821 -0.011301
0.034221 -0.037563 0.008718
-0.028756 -0.057282 -0.040522
0.012117 0.006117 -0.073086
0.010194 -0.007402 -0.047984
0.006168 -0.006697 0.010497
0.020735 0.006842 0.008553
0.019976 0.029175 0.020469
-0.039694 0.043383 0.018298
-0.028163 0.011652 0.062526
-0.018911 -0.061942 -0.013389
0.012567 0.031870 -0.030752
-0.007076 -0.043270 0.003143
-0.033632 -0.034083 -0.018401
-0.023842 0.008097 -0.026022
-0.002810 -0.033431 0.006030
-0.009026 -0.031539 0.023622
0.031704 -0.014022 0.002790
-0.064335 0.049396 -0.003513
0.024507 0.016781 -0.006786
0.005824 0.022476 0.034781
0.029462 0.000220 0.028483
0.057240 0.043064 0.047294
0.026820 0.010419 0.006643
0.011755 0.046101 -0.027144
0.028477 0.019089 -0.037502
-0.013397 -0.008820 -0.020950
-0.006282 0.020437 0.003942
0.000919 0.017117 -0.021688
-0.001347 0.010484 0.008326
0.018152 -0.000433 -0.016882
0.024621 0.000374 0.033388
0.025739 0.006576 0.017171
-0.010032 -0.003549 0.004019
0.017166 -0.010320 0.012510
0.040037 -0.047829 0.055758
-0.010344 -0.025590 -0.023975
0.022969 -0.006349 -0.060689
-0.014140 0.037570 0.008325
