# 参数名称：invres4.conv.4.running_var
# 参数形状：(192,)
# 参数数据类型：float32
# 参数值（保留6位小数）：
0.001293
0.002112
0.023035
0.019032
0.004209
0.001167
0.000888
0.019207
0.007764
0.002435
0.003113
0.003177
0.008259
0.003178
0.000905
0.014659
0.011168
0.002044
0.006294
0.015167
0.017813
0.004174
0.024559
0.001445
0.005030
0.003111
0.000747
0.004222
0.003637
0.006942
0.003752
0.016233
0.004799
0.017386
0.002880
0.003523
0.002687
0.002424
0.019625
0.001814
0.009350
0.003191
0.002661
0.001893
0.003125
0.001184
0.009684
0.000980
0.007226
0.020166
0.000893
0.001748
0.003707
0.005012
0.008296
0.005095
0.001123
0.000584
0.004522
0.003763
0.010627
0.008976
0.008011
0.002055
0.004238
0.013364
0.003686
0.003119
0.001115
0.004511
0.003890
0.005351
0.002149
0.003786
0.009303
0.002310
0.003986
0.001857
0.003502
0.005117
0.002560
0.001731
0.000517
0.003429
0.003295
0.001410
0.003003
0.001377
0.001116
0.000743
0.002012
0.004142
0.021672
0.019746
0.002554
0.001929
0.000980
0.004085
0.002769
0.001969
0.000877
0.020514
0.000842
0.003490
0.008478
0.005352
0.008101
0.001363
0.009721
0.002507
0.005006
0.002190
0.011170
0.000596
0.010599
0.002309
0.000969
0.014584
0.001230
0.001157
0.001870
0.014288
0.001203
0.000938
0.001740
0.004595
0.015022
0.002593
0.012528
0.010840
0.002527
0.002449
0.016179
0.011135
0.006773
0.002555
0.001158
0.013449
0.002332
0.004781
0.002637
0.003420
0.007236
0.010785
0.002202
0.002382
0.016992
0.001556
0.004089
0.000924
0.001994
0.000978
0.000954
0.001599
0.015316
0.002254
0.004415
0.002158
0.002239
0.023773
0.002046
0.005310
0.003459
0.011668
0.007283
0.001892
0.002930
0.002642
0.001482
0.007836
0.001585
0.000606
0.002700
0.006333
0.002381
0.005053
0.000910
0.001584
0.004781
0.002457
0.001271
0.006249
0.002920
0.002831
0.012738
0.004843
0.003197
0.024187
0.015907
0.001093
0.002032
0.001328
