# 参数名称：invres3.conv.1.bias
# 参数形状：(288,)
# 参数数据类型：float32
# 参数值（保留6位小数）：
0.028240
-0.004546
0.004612
-0.046130
-0.005892
0.020761
-0.061441
-0.064779
-0.010601
-0.089050
-0.001844
0.035684
0.011650
0.061139
-0.081904
-0.033238
0.010594
-0.029943
-0.001352
-0.017309
-0.049827
-0.048898
-0.039388
-0.032576
-0.008150
-0.060330
-0.061579
-0.048885
-0.014216
-0.043581
-0.035575
-0.065380
0.000701
-0.029500
-0.006760
-0.052428
-0.000541
-0.051344
0.027832
-0.030406
-0.057389
-0.046298
0.042766
0.016924
-0.013534
-0.038932
-0.052142
-0.039153
0.068629
0.005356
-0.018340
-0.017926
-0.044033
-0.077033
-0.035293
-0.076525
-0.011468
-0.024491
-0.027650
-0.000766
-0.000549
-0.050069
-0.059797
-0.043498
0.000026
-0.019117
-0.034223
-0.032065
-0.025134
-0.060093
-0.066139
-0.079512
-0.008434
0.012836
-0.053277
-0.045999
0.016037
-0.004323
-0.026254
-0.031563
-0.050284
-0.025458
-0.028200
-0.031735
-0.051969
-0.021937
0.004655
-0.029558
-0.025723
-0.014760
-0.006176
0.029518
0.016414
0.002915
-0.023439
-0.030749
-0.036914
-0.065311
-0.046861
-0.046301
-0.078269
-0.020060
-0.012870
-0.052886
-0.034287
0.084172
-0.012806
0.009652
-0.002402
-0.065082
-0.037001
-0.037383
-0.056212
-0.062377
0.000937
0.046542
0.035826
-0.085288
-0.014990
-0.002434
-0.060525
-0.061035
0.032279
-0.017147
-0.011787
-0.042430
-0.009248
-0.056686
-0.016940
-0.067671
0.002809
-0.064092
-0.052100
-0.033339
0.028468
-0.005852
-0.046448
-0.033939
-0.032377
-0.077544
-0.008862
-0.071666
-0.005495
-0.022172
-0.042857
-0.022632
-0.011864
-0.026008
-0.079906
-0.020057
0.005603
-0.012222
-0.060202
-0.003198
-0.008513
-0.031462
-0.061073
-0.022110
-0.074081
-0.025200
-0.035621
-0.034565
-0.032700
-0.064015
-0.052191
-0.039492
-0.012340
0.012180
0.018581
-0.056167
0.030275
0.010585
0.014287
0.000311
-0.067270
0.002382
-0.027844
-0.005549
0.018346
0.021731
0.021965
-0.002213
0.035942
-0.055883
-0.001007
-0.014442
-0.051677
-0.062464
-0.023777
0.001848
-0.027418
-0.019291
0.014739
0.019766
-0.089930
0.004220
-0.040823
-0.026584
-0.078314
-0.039439
-0.028332
-0.065636
0.007693
-0.026054
-0.025734
-0.034734
0.008768
-0.037869
-0.041448
-0.031757
-0.075795
0.042943
0.045749
-0.028729
-0.027011
-0.060813
-0.025897
0.007008
-0.003994
-0.006629
-0.052677
-0.073081
-0.041869
-0.066068
-0.048374
-0.052523
-0.055582
-0.064429
-0.045382
-0.089158
0.029343
-0.011053
-0.070446
-0.005280
-0.000976
-0.065230
-0.062558
-0.057510
-0.042410
-0.029692
-0.065602
-0.069122
-0.046556
-0.009547
-0.092037
-0.073771
-0.065271
-0.031642
-0.056590
-0.057045
-0.026044
-0.075892
-0.048027
-0.083854
-0.050124
-0.024385
-0.042428
-0.027915
0.027500
-0.053919
-0.002682
-0.006003
-0.061186
-0.005494
-0.005729
-0.083758
-0.044306
-0.063033
-0.053213
0.002598
0.019972
-0.011598
-0.000421
-0.036726
-0.011882
0.007054
-0.011833
-0.036992
-0.018416
0.035226
-0.063454
0.014974
-0.019313
-0.037484
-0.092573
-0.023528
0.006975
-0.033008
