# 参数名称：invres2.conv.1.running_mean
# 参数形状：(384,)
# 参数数据类型：float32
# 参数值（保留6位小数）：
-0.033438
-0.059174
-0.028087
-0.017123
-0.046831
0.004844
-0.051977
0.010334
-0.009053
-0.002713
-0.020179
-0.039786
-0.010029
-0.017609
-0.011843
-0.020085
0.002247
-0.058944
0.033659
-0.049886
-0.012165
-0.049082
-0.028468
-0.059748
-0.050980
0.015741
0.052815
-0.035565
-0.042819
-0.019822
-0.057744
-0.046562
-0.037997
-0.004833
-0.049120
-0.047946
-0.066542
-0.028346
-0.075874
0.009636
-0.053738
-0.028676
-0.004060
0.044301
0.002472
0.017274
-0.038246
0.057761
-0.065039
0.018254
0.005425
0.011368
0.053749
-0.023419
0.006558
0.032810
-0.038810
0.037379
-0.033197
0.023628
-0.026902
-0.022360
-0.014405
0.000742
-0.070166
-0.036821
-0.060835
0.003037
-0.085141
-0.043462
-0.018866
0.059197
-0.054861
-0.030209
-0.007293
-0.003776
0.037518
-0.014791
0.004208
0.011503
-0.037940
-0.069280
0.060899
-0.036236
-0.007083
-0.002047
-0.061776
-0.023664
-0.015215
-0.032030
0.011170
0.004789
-0.002907
-0.038654
0.042709
-0.013619
-0.009097
0.076683
-0.033160
-0.076303
-0.047396
-0.001932
0.063419
-0.018090
0.024646
-0.018311
0.024339
-0.045674
0.040407
-0.064309
0.049702
-0.004944
-0.017124
-0.063019
0.012962
0.003320
-0.030578
-0.021569
-0.041153
-0.045168
-0.033588
-0.020519
-0.020396
-0.023317
-0.003244
-0.043520
-0.024258
0.018006
0.029585
-0.019565
0.038412
-0.062048
-0.007907
0.045434
0.020363
0.004351
-0.035631
-0.036076
-0.024044
0.077821
0.002415
-0.007542
-0.022810
-0.037889
-0.022926
-0.039376
-0.050012
0.027727
0.032467
-0.082730
-0.015072
0.002863
0.022573
0.003268
-0.059635
0.053752
-0.054089
-0.035318
-0.034371
0.014679
-0.003835
0.019190
-0.016958
-0.068603
-0.040101
-0.065103
-0.029257
-0.010696
-0.056484
-0.008650
-0.029542
0.007805
0.027458
-0.008453
0.041886
-0.046461
0.025356
-0.056049
-0.021545
-0.034436
-0.073698
-0.018584
-0.058653
0.009999
0.054333
0.010559
-0.044114
0.027836
0.032462
-0.025306
0.028517
0.001692
0.029804
-0.023725
0.025044
-0.026142
0.060433
0.004789
-0.002463
0.009520
-0.022261
0.000750
-0.070036
0.000225
0.007550
-0.008065
0.016346
-0.045111
0.031894
-0.014099
-0.007291
-0.030109
0.013763
-0.021369
-0.012526
0.029171
0.062015
0.023601
-0.006869
0.013415
-0.027495
0.003644
-0.038424
-0.014924
0.026980
0.018670
-0.048002
0.011400
0.051002
-0.007191
-0.009146
-0.032169
-0.027880
0.028715
-0.029842
-0.010704
-0.029833
-0.015881
0.020566
-0.007657
-0.017463
-0.060407
0.018840
-0.011028
-0.040959
-0.008993
0.005956
0.026494
-0.011246
-0.046210
-0.018567
-0.024890
0.018418
0.009887
-0.021735
0.027963
0.024333
-0.063180
0.006374
0.011593
0.041144
0.005657
-0.017728
0.036084
-0.016092
-0.033880
-0.007530
-0.021508
-0.052715
0.026666
0.028931
0.025290
-0.021731
0.001257
0.014712
-0.050180
-0.051331
0.028864
-0.061120
0.035836
-0.002245
0.020940
-0.007143
0.007141
0.026677
-0.001296
0.010529
0.036908
0.004411
0.006423
0.050752
-0.038575
0.040286
-0.029427
0.002403
-0.075008
-0.050115
-0.058040
-0.030187
0.034999
-0.036769
-0.019823
-0.023482
-0.065820
0.041136
0.009696
-0.026397
-0.019702
-0.051619
-0.018312
0.050100
-0.001650
-0.042113
-0.030955
-0.004953
-0.004747
0.014845
0.006238
0.026592
-0.015786
-0.014458
-0.053034
-0.037669
-0.013545
0.003606
-0.039882
-0.058359
0.016185
-0.015854
0.017624
-0.026480
0.017112
-0.029191
-0.024840
-0.043214
0.038661
0.059121
-0.060538
0.001779
-0.009758
0.026537
0.039925
-0.045478
0.005347
-0.033327
0.037781
-0.035752
0.033470
0.007701
0.004191
-0.046214
-0.000440
-0.045543
-0.042100
0.012065
0.000102
0.062336
0.019754
-0.036362
-0.009821
0.021214
0.035088
-0.005170
-0.050451
-0.048823
-0.011605
0.010440
-0.031596
-0.051140
0.001901
-0.016466
-0.036405
-0.058243
-0.035622
-0.002281
-0.036281
-0.042820
0.025917
-0.044227
-0.056048
0.010544
0.021532
-0.006745
-0.051367
