# 参数名称：invres3.conv.4.running_var
# 参数形状：(288,)
# 参数数据类型：float32
# 参数值（保留6位小数）：
0.002096
0.003163
0.006521
0.003492
0.001593
0.003020
0.003206
0.002965
0.004249
0.002119
0.002577
0.002913
0.001551
0.002387
0.001605
0.003750
0.002434
0.006379
0.003256
0.001905
0.002078
0.006918
0.001786
0.003733
0.002372
0.004804
0.002871
0.001975
0.003133
0.002137
0.006088
0.001848
0.004170
0.002967
0.002630
0.005663
0.003337
0.005888
0.003186
0.002160
0.002990
0.002292
0.001401
0.001932
0.005797
0.013559
0.004630
0.001171
0.005686
0.009005
0.002518
0.000775
0.002421
0.002575
0.001296
0.003622
0.002738
0.002295
0.003975
0.002138
0.004891
0.005393
0.008247
0.002795
0.001092
0.003557
0.006464
0.003781
0.005099
0.003539
0.006997
0.000918
0.002407
0.001916
0.002942
0.004310
0.001284
0.004723
0.006829
0.004913
0.002978
0.002042
0.001377
0.003210
0.000742
0.005875
0.003141
0.001512
0.003322
0.007967
0.001775
0.001661
0.001471
0.004504
0.012184
0.004799
0.000951
0.003560
0.002856
0.003817
0.002705
0.006053
0.000443
0.004115
0.000733
0.001313
0.002992
0.002956
0.002861
0.004180
0.003121
0.002863
0.004124
0.001759
0.000932
0.000381
0.000610
0.005701
0.002713
0.003944
0.000759
0.001787
0.003721
0.007958
0.002294
0.004492
0.002641
0.003802
0.001400
0.001880
0.000915
0.001608
0.001671
0.003001
0.001939
0.007364
0.004783
0.005099
0.002510
0.005482
0.002035
0.001383
0.002746
0.004431
0.001495
0.001119
0.006902
0.001389
0.001415
0.001422
0.006363
0.009407
0.003100
0.006074
0.001625
0.004028
0.005166
0.003057
0.002127
0.003015
0.001903
0.006572
0.001076
0.001231
0.001603
0.001841
0.003561
0.002578
0.003753
0.003902
0.004622
0.004499
0.005156
0.000555
0.000901
0.004656
0.002189
0.000796
0.004471
0.000940
0.000702
0.003475
0.002610
0.000775
0.005544
0.004216
0.001062
0.001260
0.003787
0.009856
0.005496
0.005774
0.001298
0.006951
0.001968
0.004785
0.005095
0.006457
0.002772
0.005202
0.009198
0.002852
0.004205
0.004230
0.001332
0.001791
0.001407
0.001537
0.003900
0.002731
0.002071
0.001254
0.001417
0.000809
0.000597
0.003908
0.004945
0.003027
0.020272
0.004630
0.007852
0.002600
0.004950
0.003662
0.003213
0.000678
0.004217
0.002191
0.000658
0.002132
0.001427
0.001067
0.003872
0.003386
0.003055
0.001346
0.002844
0.002847
0.001731
0.004246
0.002970
0.004014
0.004765
0.004194
0.002915
0.000684
0.002238
0.004096
0.003799
0.004429
0.002978
0.001637
0.002009
0.002802
0.002898
0.001807
0.004345
0.003765
0.002529
0.001226
0.006425
0.006705
0.003656
0.005253
0.005789
0.004808
0.002586
0.000710
0.001413
0.010785
0.005174
0.003894
0.005513
0.004611
0.007260
0.007337
0.001747
0.003727
0.003896
0.000724
0.001315
0.003365
0.005004
0.004167
0.000411
0.003277
0.002868
0.003128
