# 参数名称：invres2.conv.3.weight
# 参数形状：(384, 1, 3, 3)
# 参数数据类型：float32
# 参数值（保留6位小数）：
-0.028279 0.004881 0.009873
-0.012280 0.007356 -0.021334
0.031325 -0.049090 -0.026333
-0.020414 0.032880 -0.009765
0.051647 -0.004981 -0.025565
-0.022625 -0.013004 -0.043854
0.040318 0.005258 0.026871
0.013353 0.039445 0.000090
0.001018 0.052405 -0.000272
0.001062 0.000683 0.036127
0.021238 -0.066280 0.017288
0.029661 0.043573 0.002441
0.002849 -0.036981 0.018293
0.004919 0.011587 -0.049055
0.010007 -0.030863 -0.011571
0.002074 0.039820 -0.002542
0.021368 0.007385 0.039089
-0.028641 0.020050 0.018185
-0.028439 0.021408 -0.005690
0.029289 0.032061 0.007290
0.031658 0.027236 -0.008952
0.006533 -0.000953 0.024373
0.009803 0.036238 -0.006007
0.024767 -0.000068 0.009637
-0.017514 0.023815 0.039330
0.020189 -0.006930 -0.010884
0.016040 0.046872 0.022387
-0.004809 0.010442 0.015540
0.004230 -0.012825 -0.031084
0.022311 -0.014423 0.018184
-0.010667 -0.004972 0.043453
-0.050089 0.025539 -0.004674
0.016352 -0.000996 0.004809
0.004344 0.005134 0.003304
-0.009183 0.012531 0.015439
0.010383 0.024758 -0.009879
-0.004085 0.014410 0.007992
-0.012515 -0.017171 0.071457
0.010259 -0.030386 0.029114
-0.002889 -0.031740 0.002759
0.011294 -0.032956 0.004778
-0.006970 -0.000117 -0.019195
0.000380 0.007322 -0.036821
0.028483 -0.032661 -0.024619
0.039956 0.001293 0.003962
0.012477 0.019635 0.019193
-0.019668 0.000540 0.021617
-0.001000 -0.006383 0.006695
0.002370 -0.007207 0.048534
-0.045192 0.009417 0.000612
0.024017 0.027174 -0.020536
-0.024579 0.041221 -0.002910
0.013337 0.003141 -0.024147
0.001425 0.013335 0.017341
0.003167 0.026230 0.046390
0.006823 -0.027636 -0.011090
-0.028951 -0.012360 0.034012
-0.051847 0.019355 -0.026505
0.029808 -0.023502 0.027938
-0.004743 0.023638 0.025786
-0.012927 -0.001788 0.020064
0.015955 0.028392 -0.006321
0.041118 -0.017317 0.025360
0.021031 0.013746 0.011450
-0.006381 0.000269 -0.004586
0.024769 0.047533 0.004048
0.002190 0.032453 0.008011
0.006510 -0.010402 0.007801
0.009707 0.042839 0.036299
0.014252 -0.015029 0.004248
0.010336 0.017811 0.002063
0.016383 0.020272 -0.014669
-0.003749 0.024317 -0.034652
0.022439 -0.026449 0.020904
0.021211 -0.001639 0.019524
-0.015811 -0.003220 -0.030588
0.024827 0.008823 0.025276
0.027020 0.022141 0.010069
-0.017670 -0.005996 0.045658
0.022169 -0.017383 -0.044522
-0.045158 -0.044088 -0.043206
0.023641 0.011930 0.004406
-0.018773 0.021876 -0.007627
0.032107 0.027431 -0.010176
-0.017713 -0.043022 -0.031197
-0.007496 0.009258 -0.023730
0.004401 -0.015793 -0.003610
-0.008038 -0.034567 0.010108
0.017858 -0.005729 -0.012678
-0.012388 0.020235 0.029914
0.001020 0.033215 0.015346
-0.024369 0.012541 0.015473
-0.000525 0.011286 0.010940
-0.019708 0.039046 -0.020794
-0.000366 -0.040581 0.014078
-0.016817 -0.007181 -0.017634
0.046740 -0.013642 0.012519
-0.003466 0.029454 -0.009002
0.017290 0.040476 0.011572
-0.030662 0.008438 0.006985
0.005250 -0.017434 -0.006802
0.035162 -0.011466 0.056327
0.032946 -0.010620 0.024695
0.008197 -0.001809 0.006587
-0.057859 -0.035006 -0.003513
0.024109 -0.007278 -0.001463
-0.024272 0.008491 0.056941
0.029204 -0.021425 0.006296
0.020224 0.026691 0.019173
0.004106 0.024825 0.038874
0.006733 0.015639 0.022192
0.008968 -0.034497 0.015547
0.031622 0.016857 -0.022462
0.008068 0.012108 0.000104
0.018106 -0.004783 0.034155
-0.015545 0.004055 0.005446
0.028372 -0.007201 0.020306
0.017111 -0.020425 0.002119
-0.017674 -0.011997 0.015497
0.013738 0.038681 0.002968
-0.008683 0.025026 -0.033795
-0.018659 0.035918 -0.003441
-0.072701 -0.026601 -0.032664
0.019080 -0.034916 0.042994
0.005908 -0.011450 -0.028260
-0.012188 0.046693 0.005068
-0.009728 -0.028964 0.012167
-0.021620 -0.037808 -0.007101
-0.003617 -0.012878 0.010932
0.017188 0.013637 -0.025101
-0.020344 0.008385 -0.007302
-0.046715 -0.043919 -0.051206
-0.000145 -0.009886 -0.005837
0.053388 -0.013853 0.023268
-0.010747 0.014222 -0.010046
-0.044760 -0.001945 -0.017588
-0.000606 -0.008668 -0.014646
-0.002471 0.012168 0.003876
0.034110 -0.015874 0.017590
-0.006442 -0.040481 -0.026520
0.034641 0.053736 0.005247
-0.006595 0.010865 -0.018691
-0.016122 -0.019505 -0.012619
-0.007395 0.001104 -0.013197
0.017316 -0.006289 -0.017242
-0.023189 0.013725 -0.030214
0.010792 0.019374 0.005461
0.006337 0.048524 0.019535
0.001163 -0.013655 -0.009504
0.013220 -0.008465 0.006644
-0.012016 -0.013941 0.006228
0.002732 0.007513 -0.019935
-0.013191 0.003516 -0.016323
0.040033 -0.011142 0.020654
-0.020673 0.013457 0.024068
-0.038546 0.019189 -0.022034
0.010426 0.020116 0.055913
-0.028337 0.049537 -0.025798
0.006307 0.038949 0.051544
0.013641 0.023612 -0.003081
0.035757 -0.034751 -0.027065
0.010917 0.014312 -0.085709
-0.018779 0.015484 0.015525
0.001213 0.008252 0.010881
0.023911 -0.039901 0.009464
-0.012034 0.036070 0.013008
-0.018044 0.002738 0.007640
0.035646 -0.000586 0.015423
-0.003898 -0.014039 0.021888
-0.006549 0.040873 0.021787
0.005944 -0.006592 -0.002638
0.022229 -0.025696 -0.007547
0.010472 0.036388 -0.009380
0.000885 0.028726 -0.042681
0.016115 0.030984 -0.006607
0.016099 -0.023481 -0.016988
-0.004996 -0.013817 -0.028528
0.014829 0.007716 -0.008376
0.010860 -0.056075 0.020063
0.071196 0.039060 0.022887
-0.040645 -0.017247 -0.028816
-0.030565 0.001786 0.024769
0.014597 -0.011990 0.007492
-0.004503 0.047955 0.034779
-0.017098 0.007029 0.002824
0.016745 -0.001237 0.001848
-0.000787 0.003524 -0.006866
0.043090 0.013319 0.004697
0.024758 -0.017941 0.043320
-0.014464 0.016485 -0.008297
-0.010077 -0.007226 -0.010975
-0.063267 0.002512 0.003222
-0.008881 0.019045 0.029653
0.005964 0.001841 -0.019187
0.000902 -0.049826 0.043213
0.013403 0.029948 0.009445
-0.002859 -0.023521 0.023009
0.026398 -0.024281 0.030027
0.018551 0.038744 0.006752
0.038778 0.021695 -0.006765
0.012219 0.005209 -0.015381
0.028324 -0.031859 -0.031626
-0.020003 -0.003038 0.040257
0.006548 0.059265 0.043600
0.012650 -0.002942 -0.015143
0.041784 0.002789 -0.029282
0.004960 0.016852 -0.011400
0.013253 0.006421 -0.017439
-0.041779 -0.022704 -0.022707
-0.029616 -0.029801 -0.017024
0.012568 0.016871 -0.032661
-0.005314 0.011603 0.024194
0.025796 -0.016800 0.013303
-0.013197 0.025126 -0.009109
-0.000730 -0.002993 0.031579
-0.036471 -0.020629 0.031193
-0.026070 0.028877 0.033749
0.015599 0.046986 -0.000372
-0.004382 0.020428 0.022914
0.002475 0.032056 0.022533
-0.001925 0.008119 -0.006117
0.006948 0.033154 -0.009753
0.015123 0.051289 -0.051812
-0.010132 -0.006936 -0.008713
0.051506 0.005175 0.033723
-0.003900 0.013064 -0.067053
0.055491 0.001015 -0.019069
-0.028900 0.009224 -0.024042
0.045589 -0.007563 0.027167
-0.062251 -0.014582 0.001687
0.007611 0.033234 -0.017090
-0.001310 -0.000788 -0.004970
-0.011492 0.017848 0.022987
0.013427 -0.011661 0.009225
0.022574 -0.017375 0.072210
-0.045551 0.011424 -0.027513
0.010645 0.010208 0.025618
-0.038156 0.019808 0.011793
-0.001885 0.023085 -0.034938
-0.016439 -0.065965 -0.032308
0.009834 -0.032103 0.000656
0.026713 0.032047 0.033559
0.021481 0.015210 0.019706
0.018647 0.017445 -0.004221
-0.019666 -0.008421 0.015817
-0.000524 0.069900 -0.017384
-0.016742 -0.000101 -0.029588
-0.019891 -0.013471 0.012400
0.048447 -0.001620 0.040718
0.027572 0.039196 -0.005942
0.027855 0.017285 0.000787
0.022687 0.029693 -0.002638
0.019350 0.009167 0.012048
-0.012257 -0.010878 0.024549
-0.035184 0.035020 0.030868
0.006902 0.004132 -0.000352
0.007057 0.008477 -0.029108
0.030468 -0.007646 -0.052739
0.049571 0.022770 0.044458
0.033414 0.007871 0.047763
0.011902 0.022572 0.007882
-0.002393 -0.013745 -0.001411
-0.013263 0.010131 -0.009000
-0.001208 0.061153 0.010774
0.018278 0.009451 0.046203
0.000078 0.014086 0.064515
0.018479 0.003133 0.016731
-0.017704 -0.002665 0.026746
-0.006738 0.005972 0.012707
0.032091 0.027580 0.043055
0.016050 0.009245 -0.017252
-0.014442 -0.005558 -0.002858
-0.004329 0.004914 -0.006364
-0.032405 -0.038510 0.003548
0.012333 0.008577 -0.005585
0.016841 -0.002175 0.001349
0.022027 -0.000238 -0.005756
0.013890 0.018663 0.030836
-0.015805 -0.007590 0.014173
0.010183 0.040287 -0.011018
0.033273 -0.000767 -0.003120
0.027033 0.017170 -0.035894
-0.019885 0.006132 -0.014565
0.011798 0.001796 -0.046613
-0.050076 -0.057352 0.009162
0.000160 0.012166 0.010003
-0.028004 -0.027669 -0.010732
-0.003568 0.007242 -0.005324
-0.020982 -0.012424 0.012325
-0.001263 -0.023430 0.034474
0.003324 -0.013314 0.060438
0.050283 0.002351 0.049355
-0.006819 0.050977 0.022812
0.033026 -0.008840 0.005930
0.006327 -0.003344 -0.006138
0.014520 0.033992 0.006894
0.000344 0.000315 0.018498
0.026850 -0.008384 0.030068
0.044140 0.007631 0.018551
0.011702 0.021662 -0.017066
-0.079267 0.010397 0.043013
-0.006575 -0.026146 -0.023801
0.001901 0.011041 -0.009947
0.002905 0.030990 0.017784
0.008275 0.006755 -0.012096
0.012349 -0.013715 -0.009130
0.009914 -0.011172 -0.000583
-0.051626 -0.003057 -0.001380
-0.039567 0.011480 0.043133
-0.046117 0.014424 -0.011362
0.009901 0.027187 -0.042601
-0.042500 -0.025434 -0.011792
0.029068 0.059112 0.024467
-0.027853 -0.015785 -0.028853
0.019444 -0.006307 0.040678
0.014878 -0.039330 -0.009476
0.018064 -0.009525 0.052507
-0.023013 0.019720 -0.031377
0.005280 0.015096 0.034344
-0.034440 0.007237 0.018388
0.030803 0.013645 -0.027788
0.015291 0.026631 0.040236
0.050587 0.082595 -0.005637
0.008812 0.039169 -0.016673
0.009716 -0.049666 0.014582
0.017141 0.037210 0.003981
0.027900 0.001457 -0.025419
0.010234 0.003920 -0.029509
0.022648 0.072528 0.021492
0.003170 0.004714 0.021438
-0.007250 -0.029403 0.008678
-0.010821 -0.000498 -0.003494
0.032374 -0.015767 0.036205
0.027375 0.017954 0.008455
0.009348 -0.048663 0.002001
0.011819 -0.011587 0.022172
0.024263 -0.001009 0.008566
0.019371 -0.003763 -0.043254
-0.019272 -0.022769 -0.038654
0.012989 -0.026804 -0.016566
-0.018783 -0.049236 -0.005893
-0.017522 -0.013881 0.026734
-0.007001 0.009380 -0.021041
-0.011932 -0.027147 -0.041756
-0.007887 -0.003145 0.003056
-0.013965 0.003946 -0.025829
0.019293 -0.043203 0.037384
-0.007758 0.008398 -0.037529
-0.018731 0.008745 -0.001870
-0.018452 0.010323 -0.027502
-0.002582 -0.000330 -0.011971
-0.016702 0.030078 -0.024635
0.013795 -0.008123 0.004387
-0.002052 0.012473 0.009563
-0.029490 0.016801 -0.014349
-0.016622 0.034313 -0.014191
0.001199 0.036420 -0.031252
-0.007054 0.010196 -0.013209
0.035166 0.015650 0.011180
0.011252 0.010017 0.007187
-0.017605 -0.053203 -0.014330
0.013505 0.009510 0.023697
-0.029348 0.000781 -0.000376
-0.037992 -0.001211 0.016347
0.014138 -0.009894 0.016431
-0.051584 -0.034824 -0.008691
0.025828 0.009470 -0.023537
-0.013300 0.034751 0.007160
-0.031424 0.043291 -0.003396
-0.001742 0.031052 -0.001240
0.018447 0.001751 0.066731
0.021151 -0.038151 0.010027
-0.012561 -0.009761 0.013350
-0.003903 0.024541 0.058984
0.000507 -0.004166 0.005385
0.020629 -0.054012 -0.025154
-0.063931 0.002973 -0.013620
0.014939 -0.036942 0.019943
0.018775 -0.000805 0.019040
-0.030999 0.022668 -0.022464
0.016014 0.022180 0.052301
0.002301 0.006496 -0.002106
0.065649 -0.015087 0.011329
-0.033280 0.035042 -0.017561
0.016805 -0.022024 0.027455
-0.018235 0.023430 -0.024481
0.024195 -0.029181 -0.009677
0.032537 -0.015878 -0.008938
-0.006829 0.039176 -0.030214
0.002567 -0.029117 0.020329
0.007491 -0.031509 0.034918
0.007518 0.005216 -0.010867
0.010383 0.024355 -0.030031
0.006482 0.036616 -0.019302
0.015168 0.005284 -0.002847
0.036482 0.013501 0.025123
-0.007439 -0.011197 -0.037967
-0.010800 -0.014346 -0.025175
0.014200 -0.006555 -0.002510
0.000586 -0.001318 -0.002523
0.027974 -0.016689 -0.009391
0.019552 -0.019156 0.019715
-0.023627 -0.040137 -0.005329
0.071984 0.040577 -0.006974
0.032187 0.026402 0.053530
0.002350 -0.008939 -0.023469
-0.000817 -0.022776 -0.011806
-0.014818 0.000635 0.043263
-0.025839 -0.003185 -0.023908
0.008603 0.002431 0.048315
0.014553 0.013817 -0.000852
0.027785 -0.011829 0.038662
0.015063 -0.017452 0.021901
-0.036747 0.016187 0.039329
0.015374 0.000908 0.049728
-0.011515 -0.001485 0.010024
0.003190 0.011902 0.028725
-0.004697 -0.026429 0.005659
0.016861 0.020668 -0.045429
-0.011041 -0.003303 -0.036059
-0.023061 0.024349 -0.000585
0.066521 -0.031546 0.030494
-0.007454 -0.003622 -0.012584
0.008369 -0.012405 0.003094
0.005592 0.004445 0.050017
-0.011263 0.018791 -0.020572
0.008127 -0.027979 0.006255
0.008278 0.024594 0.029305
-0.021196 0.001971 0.004401
-0.002648 0.031212 -0.012150
-0.006119 0.043232 0.007520
0.023364 0.027149 0.027298
-0.018139 0.000333 -0.079114
0.030184 0.065140 0.036635
0.012092 0.046565 0.011259
-0.000090 -0.007036 -0.002724
0.022169 0.048930 -0.011637
-0.003208 -0.011992 -0.001650
0.055010 0.017852 -0.018650
-0.012736 0.009627 0.005108
0.025970 -0.014596 0.014672
-0.035023 0.005932 0.002701
-0.000153 -0.027070 0.003695
-0.028261 0.011458 -0.061323
0.008800 -0.018944 -0.040109
0.012273 -0.034760 -0.042375
0.014050 -0.010431 -0.025665
-0.002708 0.025291 -0.005075
0.025992 -0.009420 -0.042853
0.011246 -0.021712 0.041480
-0.002914 -0.001825 0.015550
-0.001870 0.020002 0.023906
0.003846 -0.000884 -0.008823
0.028474 -0.006028 -0.002032
0.016775 0.058914 -0.020309
0.034378 -0.021447 0.037025
-0.010171 -0.016614 0.022906
0.031255 -0.069387 0.009083
0.005481 0.034651 -0.043473
-0.026719 0.022719 -0.015945
-0.009006 0.011184 -0.023999
-0.052274 -0.018107 -0.052180
0.054410 0.012342 -0.018536
0.037479 0.004684 0.021756
0.009455 0.012111 0.018262
-0.011842 0.015839 -0.011016
0.019269 -0.022018 -0.014629
-0.005071 -0.028421 0.008228
0.009537 0.001851 0.000097
-0.018802 -0.021030 -0.020567
-0.000558 0.065713 0.017419
-0.061478 -0.006570 -0.017381
-0.028405 -0.024049 -0.028875
-0.043713 -0.037379 -0.014385
-0.022254 -0.020692 0.016531
0.020152 0.031173 0.021866
0.024439 -0.000133 -0.017369
0.004148 0.062090 -0.005982
-0.030153 0.014536 0.016453
-0.008171 0.016162 -0.021147
0.017413 -0.000336 -0.010814
0.019365 0.014744 -0.006538
0.025676 -0.005960 0.024297
-0.033147 0.009293 -0.006103
0.015602 -0.042610 0.023530
0.023395 0.000237 -0.013306
0.017098 -0.006460 0.023085
0.024502 0.005803 0.031036
-0.003256 0.015408 -0.020688
-0.001797 -0.017224 0.027780
0.006272 -0.021655 -0.003577
-0.047026 0.018756 0.028135
-0.014365 -0.014210 -0.029892
0.030550 -0.039951 -0.007915
-0.010423 0.016464 0.019547
-0.004479 0.026264 -0.008074
-0.007384 0.056615 0.019478
0.013794 -0.012029 0.009919
-0.022394 0.073282 0.009065
0.012603 -0.009619 0.044787
0.016854 -0.021593 0.012410
-0.061385 -0.005473 -0.053915
0.043099 0.010440 0.008874
-0.001884 0.004463 0.014992
-0.004468 0.019698 0.016902
0.007466 0.005852 0.042829
-0.011091 0.051300 0.007737
0.031366 0.021547 0.017381
0.012970 0.020489 -0.010070
-0.021401 0.032191 0.004550
0.011148 0.013401 0.025640
0.012916 -0.004740 -0.040678
0.009004 0.040605 0.024878
0.007329 0.034654 -0.007125
-0.007788 -0.004795 -0.011742
0.002178 0.027365 0.023364
-0.036969 0.031043 -0.021116
-0.001620 -0.025824 0.014365
0.002551 -0.004997 -0.001357
-0.015690 0.014541 -0.002866
-0.016238 0.005630 0.041589
0.007472 -0.007276 0.006347
0.047891 0.030494 0.009105
-0.029221 -0.024366 0.006662
0.000070 0.008660 0.002998
0.022282 -0.038958 0.024987
-0.022790 -0.006087 0.039766
0.056780 -0.025482 0.018790
-0.044851 -0.016000 -0.050100
0.001564 -0.003547 -0.016653
0.013866 0.010510 -0.005329
0.036559 0.010916 0.047892
0.034470 0.033795 0.007521
-0.012852 -0.019731 -0.018108
-0.028556 -0.027632 -0.009320
-0.030988 0.016354 -0.002292
0.007348 0.004676 -0.025741
0.012007 -0.004447 0.031071
-0.004923 0.055990 -0.023916
-0.011561 0.019873 -0.010300
0.015049 -0.042609 0.003923
0.018001 -0.055301 0.019482
0.009714 -0.000675 0.018790
-0.007984 0.008195 -0.005283
-0.019417 0.032872 -0.000253
-0.027317 0.022044 0.016707
-0.006109 0.015063 0.000511
0.038119 -0.006387 0.020431
0.041690 -0.008808 -0.030272
0.001559 -0.025921 0.026452
0.000254 0.045595 0.027060
-0.006013 0.022355 -0.023652
0.019519 -0.023066 -0.025605
-0.051550 -0.006900 0.020093
-0.020208 -0.052498 0.027915
-0.000687 -0.015654 0.012415
0.029694 0.030556 0.004637
-0.017015 -0.004856 -0.014582
-0.029456 -0.020437 -0.033562
-0.011411 -0.032942 0.021381
0.017013 0.019644 0.023007
0.019335 0.006355 -0.029431
0.034895 -0.040689 0.080297
0.000483 0.016560 -0.014198
-0.014571 -0.001531 -0.012109
-0.009794 -0.001426 0.033774
-0.007960 0.016314 -0.032253
0.027538 0.010918 -0.010309
-0.003171 -0.045842 0.036388
-0.007699 0.012741 0.003288
0.011708 0.006643 0.018843
0.053558 0.006551 0.075067
0.004244 -0.004120 0.036632
-0.042220 -0.004544 0.008158
-0.050345 0.017727 0.003017
-0.007733 -0.052345 0.026724
-0.028233 -0.031698 -0.035087
0.009629 -0.005652 0.059481
0.016087 0.007217 0.006382
0.054656 0.005806 -0.002761
0.032753 0.009962 0.006229
-0.013243 -0.011444 0.037622
-0.052547 -0.009226 -0.016332
0.047683 -0.017633 0.018998
-0.043629 -0.058749 -0.027258
0.016858 -0.029134 0.047457
0.065706 0.016499 0.033866
0.018948 0.052980 -0.006996
-0.028049 -0.018796 0.002494
-0.019029 -0.002454 -0.031484
0.016566 -0.009564 0.019620
0.008539 0.016958 0.006820
0.003038 0.051480 0.049684
0.011177 0.000999 0.021858
0.024534 0.013413 0.011853
-0.012512 -0.018631 -0.018363
0.038638 0.019499 0.013787
0.049084 0.012711 0.018205
0.001379 -0.002439 0.006047
-0.004621 0.027157 -0.000412
0.034499 -0.032534 0.010566
-0.009780 -0.027760 0.020208
0.002300 0.056949 -0.012807
0.025095 0.035340 0.006257
0.012255 0.010952 0.048542
0.002794 0.013950 -0.013313
-0.017150 -0.010262 0.016604
-0.011632 0.015349 -0.001881
-0.028178 -0.004085 -0.060935
0.011929 0.000315 0.004916
0.001977 -0.001959 -0.003064
-0.014384 0.052714 -0.024827
0.029194 0.001639 0.030303
0.000698 -0.051136 -0.003051
-0.010338 0.014844 -0.017850
-0.057327 0.047033 -0.037843
-0.009482 0.034725 -0.016129
0.005078 0.010419 0.028491
-0.003011 0.076118 0.008500
-0.010647 -0.017675 -0.014442
0.044443 0.022070 0.009442
0.026815 -0.009749 0.031054
0.052995 0.015582 0.004746
0.003481 0.032820 0.004071
0.015732 0.023732 -0.013424
-0.033753 -0.043604 0.011103
0.000699 0.032481 0.047382
-0.009201 0.045086 0.015800
0.023106 0.036258 0.005800
-0.006751 0.015864 0.012380
-0.006883 0.007655 -0.013753
-0.013240 -0.000124 -0.011537
0.023858 -0.037031 0.026059
0.001548 -0.018530 0.009634
0.017732 0.062670 0.013922
0.013910 0.019140 -0.002303
0.000549 -0.004795 -0.004957
-0.011021 0.025662 -0.015068
-0.020922 0.004811 0.012329
-0.001078 0.049305 -0.005552
-0.007610 0.004427 -0.017698
0.038691 -0.006682 0.010100
0.005486 0.003579 0.010771
-0.007696 -0.011048 0.042444
0.030448 0.021021 0.003892
-0.006538 -0.070186 -0.015413
0.012047 -0.024158 -0.001126
0.006710 -0.048612 0.017359
-0.002027 -0.004273 -0.005843
-0.034869 0.019055 -0.018353
0.008848 -0.015719 -0.003248
-0.056434 -0.022078 -0.012673
0.031893 -0.013592 0.029522
-0.016861 -0.014460 0.004751
0.004001 -0.037493 -0.043818
0.041766 0.046646 0.012527
0.020823 0.007292 -0.045065
0.007666 -0.019298 0.016396
-0.007905 0.065510 -0.010642
-0.013641 0.005888 -0.025086
0.012205 -0.012031 0.059138
0.023475 0.014232 0.044062
-0.043646 0.003294 0.037800
-0.005913 0.016036 0.014138
0.020839 -0.010942 0.025730
0.029282 -0.013700 0.001680
-0.014966 0.056260 0.037826
0.013802 -0.031374 0.028179
0.026914 0.028710 0.023430
0.034952 -0.011989 -0.001852
0.007600 0.023864 -0.012812
0.002802 0.040858 -0.003774
-0.010530 0.011167 0.026002
-0.062574 -0.018251 -0.008828
-0.023929 -0.014649 -0.038948
-0.015483 -0.011796 -0.006624
0.008599 -0.064378 -0.017822
-0.008607 0.013748 0.010872
0.015972 0.001907 0.016884
0.024640 -0.044803 0.040451
0.022977 0.014375 0.029009
0.020430 -0.014175 -0.020349
-0.029533 0.038820 -0.008238
-0.043692 -0.034448 0.054565
-0.047938 0.001179 0.016992
-0.033409 0.047490 0.009565
-0.013108 -0.001204 -0.018582
-0.005792 -0.023812 0.029717
-0.025024 -0.026743 0.010706
0.004096 -0.007451 -0.007245
-0.046271 0.021145 0.006344
-0.020788 -0.048318 -0.007402
-0.004627 -0.048635 -0.012886
-0.018773 -0.031541 0.009172
0.003588 -0.015956 0.016511
-0.041111 -0.016013 0.005104
0.010473 0.019899 -0.026630
-0.022397 0.036357 0.016870
0.013147 -0.015177 0.023865
-0.011537 -0.045681 -0.016364
-0.010212 0.004664 -0.032399
0.056068 -0.014783 -0.000754
-0.013117 0.013745 0.067639
0.033021 -0.000258 0.011370
-0.011499 0.026235 0.017647
-0.015859 0.021269 -0.025365
0.039321 0.043778 0.012681
0.013362 -0.025807 -0.035433
0.010305 -0.010854 0.053304
-0.004401 -0.003998 -0.014155
0.023643 0.046952 0.026924
-0.024794 0.003429 0.023883
0.026074 0.050740 0.002880
-0.027939 -0.017237 0.006433
0.018646 -0.053130 0.037958
-0.031059 0.029058 -0.006603
0.000004 0.038184 0.016476
-0.010753 0.026940 -0.045209
-0.024214 0.009525 0.034107
0.015595 0.005983 -0.012988
-0.008542 -0.022028 0.013889
-0.004295 -0.023476 -0.012510
0.009620 -0.054254 0.000748
-0.010290 0.022085 0.011459
-0.023033 0.004299 -0.003761
0.026851 0.023623 -0.010819
-0.001907 -0.049968 0.020033
0.024099 -0.039041 0.032389
0.020524 -0.020872 0.009555
-0.015633 0.016786 -0.011683
0.010356 0.047786 0.003148
0.022780 0.020795 0.026213
0.003675 0.011184 -0.000320
-0.012257 0.037250 0.007892
0.003150 -0.001247 0.001556
-0.006374 0.000332 -0.004725
0.002176 0.011416 0.045721
0.018398 -0.000095 0.025520
-0.007526 -0.016164 0.003009
0.000284 0.034397 -0.007106
-0.019325 -0.003709 -0.008627
0.093398 -0.005329 -0.000588
0.003956 0.005319 0.039331
0.025227 -0.029297 0.021487
0.032395 -0.030163 0.014709
-0.035433 0.006715 0.018845
-0.031575 0.070144 0.002442
0.040118 0.068411 0.009046
0.055284 -0.037707 -0.019088
0.008958 0.023310 0.011618
0.011477 0.017373 -0.020906
-0.010861 -0.037289 0.010820
0.023245 0.038596 0.002019
0.002801 0.008884 -0.008414
0.005411 0.009685 0.025210
-0.052074 -0.008977 -0.004865
-0.015259 0.007455 0.013467
0.004983 -0.023588 0.057117
-0.023926 0.024962 -0.030293
0.031833 0.012578 -0.000154
-0.012455 -0.014683 -0.034327
-0.000307 0.017985 0.015345
0.026632 0.050518 0.018474
-0.035765 0.022392 0.022154
0.037597 0.018629 -0.014864
0.020420 0.027389 -0.001572
-0.006414 0.003666 -0.009358
0.012357 0.015208 -0.000199
-0.005230 0.012805 -0.001232
0.010892 0.022371 0.004352
0.026196 -0.011085 0.028180
0.011431 -0.001511 0.000787
-0.000385 0.040704 -0.010658
-0.001068 0.015273 0.021178
-0.056616 0.017146 0.020878
-0.040374 -0.024800 -0.004209
-0.016037 -0.025091 0.026601
-0.044538 0.003984 -0.025433
-0.001449 0.035457 0.023992
-0.003904 -0.018422 0.035732
-0.011848 0.022050 -0.021881
0.025032 0.018029 0.012612
0.008043 -0.033749 0.028758
0.001307 -0.004491 -0.017171
0.005259 0.028600 0.033191
-0.020406 0.001468 0.012314
0.014498 0.011156 -0.000266
0.018665 0.007325 0.020074
0.017213 -0.018679 0.005487
0.062136 -0.018472 0.006607
-0.020658 -0.023359 0.001627
0.024791 0.068612 -0.031237
0.005271 0.022328 0.026953
0.004190 0.024455 -0.017470
0.020972 0.025912 -0.011314
-0.020843 -0.013558 -0.000469
0.027579 0.046777 0.016128
0.001210 -0.012463 -0.003862
0.015090 -0.010367 0.033811
0.003742 0.000263 0.056426
-0.009879 -0.005036 -0.028378
-0.017738 0.005471 -0.010838
-0.006473 -0.021199 0.051972
-0.029477 -0.006669 -0.017682
0.024060 0.007940 0.056492
-0.009199 0.048398 -0.015486
-0.031898 0.029097 0.014066
0.035847 0.024023 0.003127
-0.005926 -0.077675 0.003456
-0.012561 0.037365 -0.022449
-0.048958 -0.088575 -0.007487
-0.021579 -0.007951 -0.015596
-0.016989 -0.010305 -0.019134
0.046517 0.035585 -0.000056
-0.034929 -0.002770 -0.038418
0.010800 -0.003353 0.002009
0.017235 -0.013620 -0.021305
-0.021722 0.000423 0.028463
0.020151 -0.003970 -0.028805
-0.060173 -0.044313 0.015588
-0.029596 0.064095 0.030747
-0.006075 -0.021646 0.025945
-0.010156 0.023390 0.014261
0.004803 0.022440 0.027712
0.003322 0.020242 0.018293
0.040385 0.029018 -0.005914
0.034753 -0.016526 0.015127
-0.021548 0.044597 0.006626
-0.014505 -0.023513 -0.021952
-0.021662 -0.041086 0.003146
0.003199 0.016820 0.014334
0.017477 0.005882 -0.006302
0.030455 -0.003258 -0.010097
0.048267 -0.010327 -0.002080
0.061156 0.003017 0.031483
0.037234 0.016170 0.015289
0.000469 0.040108 -0.004821
0.003789 0.043392 0.047016
0.000515 0.040865 -0.045902
-0.002630 0.032532 0.013657
0.004199 -0.014470 0.036061
-0.002696 -0.011064 -0.035463
-0.033165 0.016556 0.015952
-0.016763 -0.017800 -0.059390
-0.021041 0.018840 0.025941
-0.015523 -0.013965 0.025645
0.022306 -0.009887 0.010225
0.037851 0.009738 0.007647
-0.004762 0.015666 -0.010521
0.007068 0.031001 0.004701
-0.058778 0.005458 0.021978
0.020407 0.028361 -0.022877
-0.005140 0.045454 -0.017468
-0.002028 0.032183 -0.053169
0.022171 -0.003139 0.010970
-0.015470 0.043468 0.004398
0.051757 0.006801 0.009878
0.022879 0.009786 -0.018096
0.003372 -0.038385 0.004654
0.015263 0.027580 0.033159
0.031772 -0.040557 -0.022896
-0.001340 0.004190 0.009513
0.007997 0.022627 0.005794
0.009544 0.004759 -0.002648
-0.050455 0.011268 0.005947
-0.012895 -0.039892 -0.006877
-0.005035 -0.005496 0.024532
0.017625 0.038065 -0.003771
-0.011140 -0.015414 -0.012639
0.029815 -0.032964 0.023939
0.010333 0.003870 0.012962
-0.023338 -0.026694 -0.045636
0.007573 0.033831 -0.014733
0.017553 0.024527 0.011852
0.013889 0.001478 -0.007757
0.030682 0.038091 -0.007373
-0.016414 -0.000733 -0.021313
0.012290 0.009179 0.040626
0.005351 -0.033252 -0.046015
-0.005635 -0.008985 -0.033699
-0.004477 0.025511 0.016379
0.006529 -0.021907 -0.007086
0.026305 0.032416 -0.024856
-0.062036 -0.015408 0.033308
0.043041 -0.010105 0.029316
-0.004825 0.008836 0.006651
-0.002067 0.039247 0.009049
-0.004649 0.025777 0.004441
0.002662 -0.022347 0.045886
-0.008602 0.009945 -0.007028
0.012720 0.002957 0.000642
0.012074 0.017978 -0.024788
0.008183 0.005045 0.038903
-0.029104 -0.034765 0.025512
-0.004182 -0.020248 -0.017460
-0.020904 -0.014306 -0.054510
0.003117 0.022357 0.002627
-0.022217 0.026859 -0.023992
0.030156 0.020418 0.013840
-0.008271 0.022375 0.015505
-0.001445 0.053257 0.039836
0.011817 -0.067397 0.009847
-0.029208 -0.003876 0.019438
0.006118 0.034318 -0.022034
0.003356 -0.041068 0.002319
-0.025494 0.018979 -0.005002
0.008680 0.024068 0.009936
0.003490 -0.012829 -0.008305
0.019796 0.005382 0.046178
0.003133 0.063334 0.050728
-0.009194 -0.008149 0.011052
0.007138 -0.018952 0.008654
-0.048309 0.014345 -0.001729
-0.040231 0.013244 -0.006486
-0.014074 0.012879 0.011170
0.014141 -0.000620 0.018744
0.051267 -0.011771 0.019515
0.035489 -0.035468 -0.028099
-0.001912 0.005385 0.003494
0.017252 -0.009730 0.055883
-0.006426 -0.005306 -0.013471
0.000719 -0.037169 -0.008293
0.056393 -0.042435 -0.020978
-0.003848 -0.031753 -0.024665
0.018517 -0.007611 -0.017017
-0.023551 0.008748 -0.004100
-0.020569 0.011134 -0.009710
0.002234 0.032842 -0.015029
0.041068 0.007648 0.040035
0.038919 0.046857 0.015424
0.036435 -0.008683 0.012574
0.052259 -0.012491 -0.003490
-0.027997 0.013076 0.041846
-0.010568 -0.010645 -0.030959
-0.020162 0.007979 -0.015805
-0.016764 0.003837 -0.000471
0.008487 -0.020134 0.080801
0.023131 0.008816 -0.006089
-0.021287 0.006573 0.030668
0.037114 0.019054 -0.031557
0.034153 -0.002131 -0.015154
-0.030661 -0.029823 0.017413
-0.028027 0.022437 0.032013
-0.003530 -0.015158 0.036658
0.022398 -0.005483 -0.019784
0.000717 -0.017986 0.008087
0.020467 -0.033070 -0.032566
-0.014534 -0.007576 0.023977
0.016106 -0.037485 -0.047057
-0.042838 0.042865 0.002162
-0.005511 -0.032914 -0.012499
-0.017009 -0.027467 -0.029215
0.020793 -0.033523 -0.034827
-0.032714 -0.007419 -0.007867
0.003883 -0.016273 0.007857
0.010932 0.024439 0.008786
-0.001167 -0.050066 -0.000935
0.005479 0.033307 -0.006237
0.009144 -0.042754 -0.008763
0.032781 0.005343 -0.006002
0.052449 0.021376 -0.015985
-0.022896 0.009225 -0.042416
-0.005515 0.017114 -0.013770
-0.005453 0.008159 -0.054827
-0.021606 -0.013272 0.021489
0.002967 -0.015279 0.012065
0.019067 0.010709 -0.002126
-0.003845 0.004550 -0.004703
0.017886 0.025002 0.023945
0.011119 0.013050 -0.030013
-0.006890 -0.016931 -0.059231
0.013681 -0.031615 0.008027
-0.008346 0.009774 0.000009
-0.061829 0.018152 -0.007782
0.043547 0.015699 0.021572
-0.010972 0.002844 -0.015182
-0.014107 0.018694 -0.021516
-0.022783 0.049330 0.018939
0.012852 0.037956 -0.022492
0.014429 0.018547 0.022932
0.019648 -0.019568 0.009291
0.004405 -0.016497 -0.015367
0.010150 0.079462 0.013833
-0.003978 -0.006911 0.003429
-0.031392 0.002735 0.005507
0.009560 0.002426 0.024895
-0.013940 0.005608 -0.024417
-0.035512 0.003244 0.018738
0.006401 -0.045418 0.022678
-0.023073 -0.009918 0.022286
0.015167 -0.017143 0.010338
-0.016960 -0.001780 -0.010862
-0.042297 0.006973 0.009839
0.064607 0.004048 0.003735
0.012321 0.013922 -0.019786
-0.007270 0.000274 -0.074149
0.007995 -0.008098 -0.021167
-0.017847 0.014932 -0.010954
-0.002823 0.058389 0.005247
-0.000968 -0.009535 -0.003454
0.021891 0.053367 0.043294
0.010553 -0.010708 -0.032264
-0.002295 0.035669 0.036577
-0.002004 0.043013 0.028181
-0.007219 0.025262 0.017576
-0.019304 -0.013883 0.007615
-0.025824 -0.015520 0.012221
0.037524 0.001999 -0.029815
0.019229 -0.002031 -0.004360
0.024701 0.003520 -0.045710
0.003159 0.010743 -0.046720
0.018437 -0.006684 -0.016555
-0.014060 0.020866 -0.024354
-0.014349 0.054731 -0.005895
-0.014426 -0.032395 0.019720
-0.021060 0.007332 -0.016794
0.034189 -0.008727 0.019931
-0.015033 0.013995 0.000968
0.017043 -0.005994 -0.003815
0.023398 0.008429 -0.007294
0.016812 -0.002567 0.006106
0.009346 -0.000290 0.004663
-0.000062 0.028573 0.025637
0.027229 0.022034 0.007903
0.001748 0.014679 0.017216
-0.014259 -0.002837 0.005490
0.000902 -0.027896 -0.031169
0.007632 -0.000892 0.010410
-0.004821 0.029955 -0.008113
-0.002905 0.011447 -0.040265
-0.011071 0.029668 0.017147
0.001705 -0.044280 -0.012426
0.009951 -0.006202 0.004410
0.003035 0.003896 0.002225
0.043596 0.003637 0.017647
-0.018362 0.004601 0.010951
-0.022368 0.028110 0.010390
-0.009754 0.017828 0.013336
-0.002671 -0.017736 -0.005422
-0.041453 -0.002083 0.043357
-0.001025 -0.002198 -0.000980
-0.013586 0.007847 0.013647
-0.059623 0.031223 -0.021198
0.023181 0.014427 0.022850
-0.022162 -0.041623 0.031681
0.005361 0.000956 -0.037775
0.003146 -0.035850 -0.008543
0.047096 -0.027541 -0.007501
0.034022 0.025646 0.004957
0.023890 -0.006220 -0.007355
0.005318 0.004354 -0.006266
0.007398 0.010228 -0.016835
-0.001625 0.030790 -0.011371
0.010723 -0.005665 -0.019832
-0.006794 -0.000131 -0.010030
-0.004968 -0.055478 -0.007162
0.017374 0.004297 0.020537
0.011159 -0.016150 -0.020270
-0.003864 0.040051 -0.018263
-0.016267 0.004170 0.004487
0.015550 -0.015937 -0.032071
0.020962 0.029094 0.038083
0.028849 -0.028755 0.010381
-0.022509 -0.043852 0.000769
0.032684 -0.034843 -0.004783
0.010620 0.021399 -0.015069
-0.013857 -0.042984 -0.004399
0.010914 0.031382 -0.003040
0.007669 -0.023885 -0.013815
0.000076 0.017224 -0.037456
-0.039278 -0.018079 -0.035873
-0.016457 0.010764 0.023480
-0.058557 -0.014115 -0.003570
0.020754 0.039799 -0.000321
-0.045925 0.021684 -0.016079
-0.000409 0.007919 0.011590
0.038224 0.014387 -0.019705
-0.030605 -0.013564 0.008106
0.020324 0.045990 0.017016
-0.009466 -0.042699 -0.043794
-0.029943 -0.012618 0.007985
-0.023521 -0.012001 0.001201
0.027953 0.013113 0.008450
-0.015197 0.012247 -0.012579
-0.009504 -0.029299 0.035353
-0.042101 0.036596 -0.053029
0.019969 0.027344 0.015043
-0.016650 -0.011938 -0.000191
0.031025 0.045240 0.030658
0.064349 -0.020614 -0.000485
-0.001398 0.014589 0.003202
0.035379 0.030049 -0.023861
0.001275 0.018358 0.010752
-0.007668 0.032923 0.018128
0.039090 0.029417 0.009183
0.010546 -0.038448 0.006597
0.027979 -0.016228 -0.019572
0.010848 -0.059616 -0.033470
0.027922 -0.036123 -0.013788
-0.009369 -0.011520 0.012994
0.010461 -0.025197 0.019743
0.005591 0.013506 0.013631
-0.012010 0.009538 0.023661
0.015408 -0.022635 -0.026903
-0.019103 -0.003508 0.027884
0.022074 -0.000752 -0.013720
0.005514 0.004537 0.008044
-0.000009 -0.035140 -0.000757
0.015551 0.014960 0.045512
0.035938 0.035828 -0.007037
-0.024237 -0.063699 -0.001593
0.012169 -0.035165 0.009753
-0.002280 0.021072 -0.012984
-0.015813 0.010615 0.027683
0.029990 -0.006152 -0.005917
0.025673 0.012238 0.007874
-0.005117 0.024097 -0.007792
0.022646 0.017561 0.035216
-0.020272 -0.002336 -0.002059
-0.043311 0.014391 0.015713
-0.010840 -0.071912 -0.004600
-0.025565 -0.049924 -0.020855
-0.011754 0.025956 -0.003423
0.028860 -0.013171 0.049301
0.009493 -0.000579 0.006659
-0.022405 0.004281 -0.035549
0.009541 -0.037485 0.009737
-0.018001 0.009517 0.017077
0.032571 0.031386 0.052260
-0.024886 0.062787 0.028966
0.031742 -0.039045 -0.001532
0.031128 0.012069 -0.019050
-0.000681 -0.028048 -0.004593
-0.018541 0.001486 -0.005446
-0.029501 0.005442 -0.020060
-0.015845 -0.014785 0.052446
0.001091 0.015839 -0.006475
0.004794 0.068259 0.040373
0.009280 0.018798 0.013148
0.034648 -0.008355 0.007850
-0.041463 0.021187 0.014975
0.017877 -0.027833 -0.047692
0.007637 -0.019691 -0.009426
-0.028300 -0.035220 -0.034774
0.000625 -0.032267 -0.021129
0.011488 -0.018020 -0.032917
0.020649 0.005289 0.006075
-0.031988 -0.028034 -0.015519
0.020394 0.018364 0.031782
-0.013918 -0.024934 -0.042281
-0.008914 -0.054441 -0.006466
0.006984 -0.019630 0.012359
