# 参数名称：invres1.conv.7.bias
# 参数形状：(96,)
# 参数数据类型：float32
# 参数值（保留6位小数）：
-0.036554
0.035755
0.000084
-0.046528
0.036455
0.013300
0.009538
-0.004180
0.030311
-0.032073
0.021307
0.007195
0.041948
-0.013482
0.035161
0.010892
0.033817
0.038828
-0.021818
0.002902
-0.036535
-0.001536
-0.016703
0.024819
0.041972
-0.039401
0.040378
-0.035688
0.049540
-0.017442
0.028388
0.030658
-0.007037
-0.005367
-0.032464
-0.043218
-0.043688
-0.045766
0.008696
-0.032205
-0.031266
-0.015126
-0.012687
0.000145
0.030826
0.010697
-0.034217
-0.024603
0.028917
0.026837
0.011918
-0.028258
-0.044619
0.014129
0.043157
0.008375
0.040100
-0.014311
0.021652
-0.050232
0.048362
0.042537
0.036324
0.005691
-0.041923
0.045705
0.045244
0.027758
0.061284
-0.031709
0.015319
0.004642
-0.025705
0.024544
0.011870
-0.033202
-0.031306
-0.047481
-0.039973
-0.031245
0.004043
0.000233
-0.027884
-0.016495
-0.011941
-0.041064
0.033194
0.040841
-0.003945
0.003142
-0.042816
0.030362
0.039439
0.015604
0.045419
0.032721
