# 参数名称：invres1.conv.1.running_var
# 参数形状：(1152,)
# 参数数据类型：float32
# 参数值（保留6位小数）：
1.891068
1.135108
2.255191
0.851753
1.484514
0.740665
1.700557
2.247557
0.783940
1.152130
2.168901
1.313843
2.266783
0.911894
1.479759
1.464127
1.753713
1.267815
1.579311
3.739227
2.124184
0.852097
0.848376
1.708172
0.971839
1.358014
1.486124
0.895232
1.201347
2.527853
1.398499
0.666577
2.664870
0.809013
1.151042
2.127663
1.766334
0.857300
1.307628
1.382350
0.901171
0.827709
0.878872
0.782141
1.354559
2.417392
1.917835
1.005101
7.130973
1.914672
1.795931
2.164390
1.194280
1.538728
1.740498
0.788058
0.733363
1.029501
0.844314
4.545488
1.609910
1.531726
1.591649
2.166363
0.914374
1.049758
2.015800
0.782497
2.017742
3.676873
2.834989
2.255536
1.696114
1.773258
1.236225
1.761016
1.780426
2.031489
1.766362
1.467993
1.334622
2.333382
2.021943
1.061394
0.898020
1.517883
1.640690
1.403497
1.984133
1.323481
1.055660
2.694961
1.302634
2.104681
1.140850
1.500430
1.662836
0.682841
1.411252
1.199933
1.380431
1.196175
1.101109
2.199555
0.989326
0.853334
1.645371
1.557056
1.559376
1.413537
1.604843
1.406118
1.497489
2.318184
1.557152
0.953521
1.286049
1.719327
1.230264
1.741359
0.608700
0.949518
0.825176
0.740155
2.099194
0.899288
2.314770
1.405204
1.919907
1.189329
1.520491
4.293679
1.338900
2.937958
1.975530
1.328845
1.122125
2.228776
0.796515
1.139226
1.237188
1.117124
2.891489
0.845959
2.010371
1.015982
1.504876
1.902584
0.935838
0.553110
0.815029
1.269671
1.102793
0.930182
1.152843
1.725892
3.299392
2.215313
1.718410
1.052096
1.396939
1.951031
1.030563
1.041628
2.630675
1.420417
1.195756
1.555460
3.948103
1.733911
1.544849
1.607337
0.828595
1.337805
1.483191
1.404270
1.727300
1.551026
1.139171
4.289474
1.846616
1.102267
1.095950
1.221148
2.679155
3.145775
1.269708
1.946503
1.145780
1.946621
1.364407
1.046340
1.162935
1.928129
1.830746
2.102801
1.367086
1.038551
0.835723
2.814439
2.949575
1.152000
0.701887
1.102254
1.522940
1.939763
1.646251
2.301249
2.791884
1.619142
1.049623
1.357764
1.359760
1.193685
0.772638
1.478290
1.177879
1.562279
1.535190
0.918189
1.154479
0.672027
1.356451
1.306565
1.528566
1.093918
1.026728
3.929708
1.634128
1.070185
0.958345
1.523692
1.070446
1.880237
1.135279
0.898839
1.191474
1.904330
3.382063
2.936061
4.062586
1.795332
2.666793
1.745949
4.107193
1.155445
1.005223
2.204374
1.349458
1.105600
1.132469
2.068196
4.017833
1.342826
0.898166
1.318855
0.987159
2.239338
1.457354
1.820377
1.427066
1.711859
2.001754
1.421123
1.903861
1.926587
0.807055
1.236520
2.604202
1.139311
0.892588
1.161084
1.698841
1.168019
0.914242
4.392170
1.726573
2.258457
1.763561
1.166337
1.532909
1.485331
1.284192
1.393243
1.097984
2.315605
4.145500
1.029278
1.343897
2.000286
1.838576
1.162258
1.488267
1.235454
1.908560
1.397430
1.087462
2.301174
1.928343
1.526225
3.506197
1.957745
0.668553
0.912379
1.162393
0.962425
1.897399
1.916072
1.554163
0.784205
1.337444
1.111415
1.670843
1.423806
0.934910
1.027501
0.781961
0.888305
3.152620
1.680150
1.174047
0.873849
1.185756
1.521829
2.270181
0.805224
1.257750
1.954103
1.789041
2.243111
0.900394
1.817439
1.424459
1.089017
2.773000
1.567969
1.260203
2.619940
1.138102
1.022359
0.786402
1.567073
1.644268
1.086303
1.439965
2.068708
1.544074
2.354745
0.893351
1.231254
1.290390
1.101507
1.319686
2.262280
2.291033
1.258970
1.341222
1.770968
0.857961
1.482915
0.783140
0.826086
1.739206
3.111392
1.676829
0.906495
2.188935
1.277957
2.422584
0.874750
1.603540
1.515584
1.622216
1.638567
0.652243
1.468317
1.342166
1.326449
1.358920
1.746299
1.778368
1.195923
1.336371
1.413252
1.914510
1.402710
0.763712
1.999015
1.219217
1.509344
1.002477
1.703675
1.954577
1.971641
0.931757
3.624038
0.752960
2.949749
1.402524
1.325776
2.400929
1.041586
1.117862
1.591274
1.611970
1.287362
1.639941
2.801367
1.377568
2.661655
0.909080
1.373768
2.013737
1.346478
2.108234
1.574682
3.602075
0.702117
1.688445
1.551224
1.102202
0.778478
2.499623
1.057913
1.432766
1.567256
1.578977
1.164226
1.040140
1.921639
1.751127
1.447139
1.167202
1.098772
2.643987
1.706562
4.295607
0.882376
2.408100
1.803914
1.236418
0.990396
1.928427
2.381473
0.850138
1.649272
1.256283
1.309227
1.113581
1.917537
1.153475
0.755312
1.353262
2.149236
0.790394
0.996818
1.489073
0.845805
0.998903
2.571944
1.299858
0.620644
4.164929
2.392565
2.270192
1.072491
1.077198
2.817714
1.199736
1.100982
0.741094
1.669793
1.124432
2.431413
1.651216
0.992606
1.130723
1.383348
0.859475
1.020193
1.661276
2.572948
1.006298
1.397716
1.544766
1.500194
1.260057
0.785956
1.207807
1.429752
1.075417
1.113746
1.018111
1.613359
4.519749
2.353116
1.789597
2.151606
1.091979
2.005620
1.678947
1.327340
2.030454
2.074936
2.016820
1.281307
1.115248
1.327854
1.978771
1.549125
1.440018
1.061027
0.992849
1.069463
1.207260
2.047878
1.095944
1.197599
0.973547
1.185830
1.950948
1.209832
1.050285
0.681581
1.273201
0.653239
2.202090
1.309784
1.121988
0.765354
1.073285
1.750592
1.367321
1.557934
0.962252
0.962580
1.213274
1.022995
0.799388
2.472809
0.993713
1.291967
2.088486
1.062012
1.319811
1.402918
1.385644
1.464382
1.602125
1.803745
1.904825
0.647072
1.569571
4.132899
1.021762
1.783299
1.070438
0.869915
1.202643
1.997307
2.057762
1.798057
1.431254
1.050336
0.929920
2.020617
1.030227
1.872416
1.251432
1.071956
1.314919
1.077152
1.818823
1.224932
1.465865
1.374318
1.751137
2.256197
0.968382
2.585887
2.873526
1.461109
2.473634
2.412998
1.478173
0.896918
1.836419
0.833571
1.197049
1.293410
1.146648
2.735763
1.064731
1.629535
1.202792
0.990271
1.469776
1.208912
0.823740
1.438329
1.050002
2.146793
1.808688
1.082875
0.837309
2.713870
1.150066
1.370696
1.455194
2.358606
2.095074
1.875041
0.718660
1.088609
3.862327
1.042400
1.071944
2.318390
2.445412
1.139087
1.281321
2.355064
2.246262
0.829334
0.910573
3.356662
1.950732
4.308030
1.072128
1.294990
1.077234
1.289389
1.377810
1.775732
1.191672
2.133056
0.815856
1.469061
1.589930
1.329094
1.140378
1.995868
2.164815
1.596112
4.483237
1.216525
0.933154
1.675348
1.607438
1.331306
1.007754
1.221651
1.169602
1.755538
1.814177
1.623513
1.686216
1.255647
1.353867
1.365833
0.856901
2.162737
1.685491
1.175089
1.331836
1.126654
2.449962
1.213485
0.949863
1.873138
2.136593
1.069941
1.262953
3.290775
1.468725
0.980204
1.738590
1.056579
1.446376
2.403776
1.477886
1.455006
0.774870
4.924573
1.308597
0.730410
1.370602
1.565643
1.397979
1.032594
1.689251
2.060142
1.174152
1.416873
4.208189
3.290659
1.072289
1.784099
1.132770
1.054725
3.606741
1.731469
0.792976
1.464832
0.863338
1.002710
2.723732
0.727663
1.084384
2.335171
1.119926
1.361009
2.190602
2.600337
1.761204
1.341028
1.043629
1.341073
2.302428
1.936400
1.137038
1.936988
1.610834
0.876169
0.658926
1.440813
1.748339
0.954428
0.998818
1.687073
1.065504
1.445930
1.540748
2.006374
0.988854
1.848903
1.546071
2.230482
0.887212
1.423591
1.472520
1.072706
1.094978
1.751170
1.392978
2.104892
1.208771
1.105070
3.431024
1.846236
1.137762
1.140226
1.114378
1.523311
1.611562
1.204271
1.081286
1.338073
1.062716
2.352400
1.048270
2.393938
1.647325
2.307838
2.381344
1.064038
1.131523
0.701611
1.459928
1.371415
1.470091
1.376492
1.157102
1.649037
1.128073
1.347929
1.372657
1.514720
1.327010
1.501209
1.382401
1.050054
1.205613
2.540801
1.142553
1.274021
1.144033
1.295816
1.308238
1.603530
2.119997
2.538347
0.836813
1.022912
1.254324
0.976457
2.128806
1.601661
2.816420
2.786372
1.216952
1.432902
1.473822
1.753526
1.319666
1.688273
1.637758
0.804739
1.876784
0.924574
0.758478
1.622952
1.526271
1.548105
1.141540
1.610232
1.123804
1.535160
1.115343
1.349413
2.364875
2.143959
0.751821
0.992596
1.484640
3.804512
1.425269
0.904945
1.230744
1.833743
1.176471
1.741205
1.362045
1.118862
0.921758
2.454817
1.054127
2.461363
0.712937
1.044746
0.797427
0.933394
1.426203
0.894154
1.341249
0.906450
1.237142
1.838956
1.542213
1.305812
1.148857
1.366735
2.562203
1.689140
1.487177
1.058829
0.778890
1.029122
1.503409
1.109261
1.013246
2.668073
1.040080
1.149615
0.556065
1.640262
1.960994
1.371169
1.218717
1.496186
1.581500
0.830522
1.818116
3.111848
1.852357
1.373109
1.611698
1.495529
1.207396
1.463295
1.023872
0.937311
1.174709
1.065636
0.926882
1.439113
2.532460
1.728583
2.309706
2.181279
1.145088
1.325165
1.556803
0.804647
0.705905
1.238530
1.096723
1.471351
1.993395
0.897760
4.155649
2.242834
5.566697
2.873945
1.163502
1.184112
1.245813
0.957666
1.512273
1.009863
1.191515
2.322093
0.806201
1.595074
0.954054
1.053824
2.383274
1.662195
1.474063
0.977434
0.967640
3.310769
1.374532
2.514614
1.214054
2.122094
1.830914
1.234567
2.826436
1.116772
1.808287
0.885029
0.922314
0.823266
0.838680
1.419557
2.576259
2.046122
1.308510
2.392596
1.942837
1.634303
1.661382
1.265668
1.781809
0.766797
1.255634
0.899995
2.778018
1.279571
1.290960
1.505537
0.878288
1.489133
1.327242
1.455961
1.251861
1.491328
2.584984
1.071998
1.142597
0.846249
1.124127
3.335721
2.597331
1.064362
1.615987
0.974273
1.564760
1.561972
1.228820
1.348801
1.411985
1.605484
1.603183
1.513546
1.355026
0.973472
1.841431
0.886601
1.228153
2.437639
1.735259
3.012085
1.128728
1.202043
2.402797
1.229369
0.788703
1.492207
1.429683
1.941340
2.188160
1.354538
0.994666
1.388245
0.674685
0.601627
1.153764
3.200014
2.559780
0.960787
1.060934
1.031251
0.999355
1.286528
0.724344
1.686320
1.286075
3.238179
1.356952
0.992054
2.149744
1.168042
1.465781
2.235848
3.149820
1.965818
0.966466
2.486287
1.329690
2.142941
3.165248
1.288507
1.426834
1.417279
2.650469
0.916935
2.251762
1.239553
1.809282
1.941932
0.735929
2.922534
1.876056
0.774358
0.827072
2.745049
0.855916
1.096697
0.922287
2.213332
1.225459
2.143208
1.121139
1.278135
0.969809
0.948963
1.471967
2.229455
1.198123
1.514071
1.040906
1.092243
1.283228
2.305670
2.105886
0.860522
1.855885
1.956468
1.331200
1.383671
1.081015
1.473191
2.349196
0.980812
0.771250
1.244563
2.452989
1.039103
1.219730
2.696806
1.201541
2.932918
1.905349
1.640132
0.888652
1.275671
1.020822
0.984573
2.682616
1.121529
1.673948
2.549318
1.159761
1.152558
1.582838
2.000495
2.350094
1.561855
0.687253
0.937898
1.129543
1.049591
0.955480
1.190091
4.343419
1.396298
2.992976
3.090205
1.729429
1.120422
1.969747
3.673820
1.611008
1.382219
1.195324
1.624793
0.967899
1.673249
1.939094
1.644625
2.772999
0.774751
1.444752
1.028520
1.470235
0.724530
1.632893
1.012721
1.235761
1.046709
2.378909
1.041013
1.516742
1.573684
1.061080
2.220490
1.474797
0.925499
1.243339
1.259827
1.691370
1.998086
1.525583
1.507700
0.643756
1.954422
1.133487
1.636575
1.723588
1.331748
1.339809
1.879553
3.397356
1.013263
2.066159
1.944804
1.270092
1.161735
0.579329
1.520293
