# 参数名称：invres3.conv.4.weight
# 参数形状：(288,)
# 参数数据类型：float32
# 参数值（保留6位小数）：
0.949927
0.988901
0.993143
0.989570
0.955616
0.989894
0.991362
0.967070
0.989102
1.041244
0.968332
0.995669
0.979366
0.946737
1.002745
0.930352
0.987297
0.966291
0.981149
1.010779
0.980451
0.995557
0.968648
1.005151
0.975943
1.026491
1.001070
1.027965
0.943331
0.986709
0.943561
0.966174
0.953950
0.993756
0.994555
0.972183
0.962885
0.992291
0.984113
0.983540
0.978112
0.970461
1.012623
0.965486
0.999085
0.947744
1.027643
0.995712
0.953709
0.963893
0.966114
0.960487
0.950465
1.003691
0.988362
0.967395
1.023596
0.966606
0.943756
1.019509
0.971929
1.023020
0.960478
0.966574
0.995366
0.972824
0.957102
1.009762
0.965562
1.006984
1.006846
0.955155
0.965829
0.934373
0.948773
0.935307
0.956521
1.011964
0.941294
0.984298
0.962303
1.004214
1.000278
1.027771
0.945932
0.965443
0.973177
1.016276
0.995525
0.963595
1.017549
0.949452
0.995435
0.989186
0.937247
0.969358
0.952455
0.923779
0.948194
0.980854
1.019120
0.959163
0.961201
1.018184
0.978438
0.925317
0.966677
1.015013
0.962395
0.991515
0.995192
1.026826
1.000651
1.009706
1.012310
1.009698
0.983201
0.999585
0.938730
0.987404
1.021078
0.940988
0.978894
0.976771
0.961473
0.985282
0.957663
0.955997
0.997251
1.033554
0.982999
1.002335
0.985113
0.998227
0.949154
0.988907
0.904836
1.013327
0.975898
1.013870
0.937685
1.004357
0.954828
1.008544
1.018987
1.027104
0.951201
1.014644
1.020387
0.959247
1.008612
0.980716
1.016670
0.979020
0.989166
1.037774
1.035858
0.961321
1.015484
0.945666
0.960987
0.995178
0.985682
0.969533
0.969131
0.927076
0.971536
1.018951
0.979804
0.967424
1.002518
0.985188
0.989847
0.942475
1.025189
0.940927
0.980955
0.989446
0.966893
0.948789
1.016259
0.961431
0.996350
0.949233
0.991537
0.990257
0.969016
1.000012
0.928736
0.959009
1.009486
1.000833
1.002574
0.966026
0.999580
0.986565
0.914564
0.994138
1.050605
1.005476
0.991286
1.018343
0.982147
0.932362
1.039840
0.953370
0.935666
0.970845
0.962620
1.040791
1.025916
0.977030
0.909820
0.980103
0.977775
0.936604
0.950110
0.973958
0.982136
0.965099
0.950402
0.958843
1.019097
1.014298
0.933284
0.945927
0.969512
0.936614
0.969627
0.990459
0.947662
1.015444
0.950635
1.021759
0.970283
0.957064
0.978115
0.957860
0.979621
0.951819
0.978579
0.994956
0.970670
0.966552
1.036485
1.015260
0.993328
0.960327
0.988907
1.023238
1.024762
1.029701
0.974725
0.992798
0.948281
0.979613
0.987334
0.935995
1.011119
0.942564
0.975027
0.962064
0.933889
0.974252
0.964807
0.992817
0.988151
0.978962
0.944523
0.985984
0.973185
0.942569
0.953778
0.983530
0.941368
0.990612
0.914074
0.982277
0.984667
0.961291
0.981089
0.964915
0.962779
0.969411
1.065067
0.980848
0.953309
0.967293
